1.000E+03 6.157E-05 4.156E-11 -2.12E-03
9.441E+02 6.798E-05 5.233E-11 -2.23E-03
8.913E+02 7.507E-05 6.587E-11 -2.33E-03
8.414E+02 8.290E-05 8.293E-11 -2.42E-03
7.943E+02 9.158E-05 1.044E-10 -2.52E-03
7.499E+02 1.012E-04 1.314E-10 -2.61E-03
7.079E+02 1.119E-04 1.655E-10 -2.69E-03
6.683E+02 1.238E-04 2.083E-10 -2.77E-03
6.310E+02 1.370E-04 2.623E-10 -2.84E-03
5.957E+02 1.517E-04 3.302E-10 -2.90E-03
5.623E+02 1.681E-04 4.157E-10 -2.96E-03
5.309E+02 1.864E-04 5.233E-10 -3.01E-03
5.012E+02 2.069E-04 6.588E-10 -3.05E-03
4.732E+02 2.298E-04 8.295E-10 -3.08E-03
4.467E+02 2.555E-04 1.044E-09 -3.10E-03
4.217E+02 2.842E-04 1.315E-09 -3.12E-03
3.981E+02 3.163E-04 1.655E-09 -3.13E-03
3.758E+02 3.524E-04 2.084E-09 -3.12E-03
3.548E+02 3.929E-04 2.624E-09 -3.11E-03
3.350E+02 4.383E-04 3.303E-09 -3.09E-03
3.162E+02 4.893E-04 4.159E-09 -3.05E-03
2.985E+02 5.467E-04 5.236E-09 -3.01E-03
2.818E+02 6.112E-04 6.592E-09 -2.95E-03
2.661E+02 6.838E-04 8.300E-09 -2.87E-03
2.512E+02 7.655E-04 1.045E-08 -2.78E-03
2.371E+02 8.577E-04 1.316E-08 -2.67E-03
2.239E+02 9.619E-04 1.657E-08 -2.54E-03
2.113E+02 1.080E-03 2.087E-08 -2.39E-03
1.995E+02 1.214E-03 2.629E-08 -2.21E-03
1.884E+02 1.368E-03 3.311E-08 -2.00E-03
1.778E+02 1.547E-03 4.172E-08 -1.74E-03
1.679E+02 1.761E-03 5.259E-08 -1.45E-03
1.585E+02 2.035E-03 6.632E-08 -1.09E-03
1.496E+02 2.427E-03 8.358E-08 -6.71E-04
1.413E+02 2.954E-03 1.046E-07 -1.64E-04
1.334E+02 3.203E-03 1.300E-07  4.39E-04
1.259E+02 3.349E-03 1.633E-07  1.15E-03
1.189E+02 3.650E-03 2.058E-07  1.97E-03
1.122E+02 4.071E-03 2.593E-07  2.89E-03
1.059E+02 4.600E-03 3.265E-07  3.84E-03
1.000E+02 5.233E-03 4.110E-07  4.73E-03
9.441E+01 5.965E-03 5.171E-07  5.50E-03
8.913E+01 6.806E-03 6.504E-07  6.26E-03
8.414E+01 7.788E-03 8.177E-07  6.90E-03
7.943E+01 8.920E-03 1.028E-06  7.20E-03
7.499E+01 1.020E-02 1.291E-06  7.13E-03
7.079E+01 1.164E-02 1.621E-06  6.73E-03
6.683E+01 1.325E-02 2.034E-06  5.96E-03
6.310E+01 1.502E-02 2.549E-06  4.76E-03
5.957E+01 1.696E-02 3.193E-06  3.14E-03
5.623E+01 1.903E-02 3.994E-06  1.12E-03
5.309E+01 2.122E-02 4.989E-06 -1.17E-03
5.012E+01 2.349E-02 6.222E-06 -3.66E-03
4.732E+01 2.573E-02 7.745E-06 -5.95E-03
4.467E+01 2.799E-02 9.620E-06 -7.85E-03
4.217E+01 3.023E-02 1.192E-05 -9.18E-03
3.981E+01 3.237E-02 1.475E-05 -1.03E-02
3.758E+01 3.430E-02 1.821E-05 -1.14E-02
3.548E+01 3.591E-02 2.246E-05 -1.23E-02
3.350E+01 3.711E-02 2.768E-05 -1.32E-02
3.162E+01 3.784E-02 3.412E-05 -1.38E-02
2.985E+01 3.812E-02 4.212E-05 -1.42E-02
2.818E+01 3.802E-02 5.211E-05 -1.44E-02
2.661E+01 3.763E-02 6.464E-05 -1.43E-02
2.512E+01 3.707E-02 8.043E-05 -1.40E-02
2.371E+01 3.657E-02 1.003E-04 -1.33E-02
2.239E+01 3.611E-02 1.256E-04 -1.29E-02
2.113E+01 3.582E-02 1.575E-04 -1.25E-02
1.995E+01 3.579E-02 1.980E-04 -1.17E-02
1.884E+01 3.620E-02 2.491E-04 -1.08E-02
1.778E+01 3.699E-02 3.140E-04 -1.02E-02
1.679E+01 3.822E-02 3.961E-04 -9.61E-03
1.585E+01 3.995E-02 5.001E-04 -9.07E-03
1.496E+01 4.219E-02 6.319E-04 -8.69E-03
1.413E+01 4.498E-02 7.987E-04 -8.29E-03
1.334E+01 4.840E-02 1.010E-03 -7.81E-03
1.259E+01 5.251E-02 1.277E-03 -7.18E-03
1.189E+01 5.739E-02 1.617E-03 -6.59E-03
1.122E+01 6.353E-02 2.034E-03 -6.45E-03
1.059E+01 6.994E-02 2.582E-03 -6.26E-03
1.000E+01 7.763E-02 3.268E-03 -6.28E-03
9.441E+00 8.637E-02 4.141E-03 -6.50E-03
8.913E+00 9.631E-02 5.247E-03 -6.83E-03
8.414E+00 1.076E-01 6.652E-03 -7.18E-03
7.943E+00 1.205E-01 8.437E-03 -7.51E-03
7.499E+00 1.353E-01 1.071E-02 -8.25E-03
7.079E+00 1.518E-01 1.361E-02 -9.51E-03
6.683E+00 1.704E-01 1.731E-02 -1.10E-02
6.310E+00 1.923E-01 2.204E-02 -1.34E-02
5.957E+00 2.143E-01 2.807E-02 -1.54E-02
5.623E+00 2.400E-01 3.581E-02 -1.79E-02
5.309E+00 2.683E-01 4.573E-02 -2.07E-02
5.012E+00 2.998E-01 5.843E-02 -2.36E-02
4.732E+00 3.341E-01 7.478E-02 -2.72E-02
4.467E+00 3.713E-01 9.577E-02 -3.08E-02
4.217E+00 4.114E-01 1.227E-01 -3.41E-02
3.981E+00 4.545E-01 1.571E-01 -3.69E-02
3.758E+00 5.005E-01 2.011E-01 -3.91E-02
3.548E+00 5.493E-01 2.568E-01 -4.01E-02
3.350E+00 6.015E-01 3.267E-01 -3.93E-02
3.162E+00 6.567E-01 4.132E-01 -3.65E-02
2.985E+00 7.152E-01 5.183E-01 -3.12E-02
2.818E+00 7.750E-01 6.423E-01 -2.32E-02
2.661E+00 8.341E-01 7.834E-01 -1.21E-02
2.512E+00 8.889E-01 9.367E-01  2.44E-03
2.371E+00 9.346E-01 1.095E+00  2.09E-02
2.239E+00 9.673E-01 1.249E+00  4.39E-02
2.113E+00 9.854E-01 1.393E+00  7.27E-02
1.995E+00 9.901E-01 1.523E+00  1.09E-01
1.884E+00 9.859E-01 1.646E+00  1.55E-01
1.778E+00 9.806E-01 1.780E+00  2.13E-01
1.679E+00 9.846E-01 1.961E+00  2.84E-01
1.585E+00 1.004E+00 2.232E+00  3.50E-01
1.496E+00 1.018E+00 2.503E+00  3.76E-01
1.413E+00 1.002E+00 2.547E+00  3.66E-01
1.334E+00 9.837E-01 2.432E+00  3.64E-01
1.259E+00 9.871E-01 2.321E+00  3.83E-01
1.189E+00 1.018E+00 2.269E+00  4.15E-01
1.122E+00 1.101E+00 2.318E+00  4.58E-01
1.059E+00 1.219E+00 2.477E+00  5.11E-01
1.000E+00 1.179E+00 2.364E+00  5.24E-01
9.441E-01 1.131E+00 2.171E+00  5.02E-01
8.913E-01 1.140E+00 1.980E+00  4.88E-01
8.414E-01 1.246E+00 1.795E+00  5.06E-01
7.943E-01 1.264E+00 1.624E+00  5.56E-01
7.499E-01 1.271E+00 1.537E+00  5.76E-01
7.079E-01 1.285E+00 1.475E+00  5.88E-01
6.683E-01 1.270E+00 1.416E+00  6.19E-01
6.310E-01 1.271E+00 1.424E+00  6.61E-01
5.957E-01 1.275E+00 1.471E+00  6.88E-01
5.623E-01 1.250E+00 1.499E+00  7.03E-01
5.309E-01 1.239E+00 1.513E+00  7.16E-01
5.012E-01 1.220E+00 1.507E+00  7.21E-01
4.732E-01 1.203E+00 1.493E+00  7.25E-01
4.467E-01 1.186E+00 1.485E+00  7.30E-01
4.217E-01 1.167E+00 1.483E+00  7.35E-01
3.981E-01 1.149E+00 1.483E+00  7.39E-01
3.758E-01 1.132E+00 1.483E+00  7.44E-01
3.548E-01 1.112E+00 1.488E+00  7.46E-01
3.350E-01 1.088E+00 1.497E+00  7.46E-01
3.162E-01 1.061E+00 1.515E+00  7.44E-01
2.985E-01 1.033E+00 1.539E+00  7.40E-01
2.818E-01 1.000E+00 1.577E+00  7.34E-01
2.661E-01 9.708E-01 1.626E+00  7.29E-01
2.512E-01 9.562E-01 1.670E+00  7.29E-01
2.371E-01 9.523E-01 1.683E+00  7.34E-01
2.239E-01 9.524E-01 1.636E+00  7.47E-01
2.113E-01 9.479E-01 1.553E+00  7.68E-01
1.995E-01 9.599E-01 1.456E+00  7.98E-01
1.884E-01 9.890E-01 1.351E+00  8.38E-01
1.778E-01 1.033E+00 1.243E+00  8.81E-01
1.679E-01 1.079E+00 1.152E+00  9.12E-01
1.585E-01 1.116E+00 1.123E+00  9.26E-01
1.496E-01 1.132E+00 1.151E+00  9.25E-01
1.413E-01 1.123E+00 1.184E+00  9.16E-01
1.334E-01 1.093E+00 1.213E+00  9.02E-01
1.259E-01 1.053E+00 1.243E+00  8.83E-01
1.189E-01 1.009E+00 1.280E+00  8.60E-01
1.122E-01 9.522E-01 1.336E+00  8.27E-01
1.059E-01 8.983E-01 1.409E+00  7.98E-01
1.000E-01 8.699E-01 1.441E+00  7.88E-01
9.441E-02 8.386E-01 1.469E+00  7.82E-01
8.913E-02 8.343E-01 1.453E+00  7.92E-01
8.414E-02 8.059E-01 1.475E+00  7.84E-01
7.943E-02 7.729E-01 1.495E+00  7.77E-01
7.499E-02 7.377E-01 1.507E+00  7.73E-01
7.079E-02 7.039E-01 1.514E+00  7.72E-01
6.683E-02 6.906E-01 1.497E+00  7.81E-01
6.310E-02 7.151E-01 1.448E+00  8.04E-01
5.957E-02 7.244E-01 1.425E+00  8.16E-01
5.623E-02 7.155E-01 1.419E+00  8.22E-01
5.309E-02 7.210E-01 1.398E+00  8.37E-01
5.012E-02 7.337E-01 1.372E+00  8.55E-01
4.732E-02 7.438E-01 1.350E+00  8.71E-01
4.467E-02 7.576E-01 1.324E+00  8.89E-01
4.217E-02 7.767E-01 1.292E+00  9.09E-01
3.981E-02 8.141E-01 1.244E+00  9.30E-01
3.758E-02 8.483E-01 1.202E+00  9.44E-01
3.548E-02 8.485E-01 1.201E+00  9.45E-01
3.350E-02 8.470E-01 1.197E+00  9.49E-01
3.162E-02 8.486E-01 1.190E+00  9.54E-01
2.985E-02 8.513E-01 1.182E+00  9.58E-01
2.818E-02 8.547E-01 1.173E+00  9.63E-01
2.661E-02 8.584E-01 1.164E+00  9.67E-01
2.512E-02 8.622E-01 1.155E+00  9.71E-01
2.371E-02 8.661E-01 1.147E+00  9.75E-01
2.239E-02 8.698E-01 1.140E+00  9.78E-01
2.113E-02 8.733E-01 1.132E+00  9.81E-01
1.995E-02 8.763E-01 1.123E+00  9.83E-01
1.884E-02 8.786E-01 1.114E+00  9.86E-01
1.778E-02 8.799E-01 1.104E+00  9.88E-01
1.679E-02 8.797E-01 1.096E+00  9.89E-01
1.585E-02 8.777E-01 1.095E+00  9.91E-01
1.496E-02 8.732E-01 1.104E+00  9.92E-01
1.413E-02 8.658E-01 1.120E+00  9.94E-01
1.334E-02 8.550E-01 1.138E+00  9.95E-01
1.259E-02 8.402E-01 1.149E+00  9.96E-01
1.189E-02 8.215E-01 1.149E+00  9.96E-01
1.122E-02 7.975E-01 1.137E+00  9.97E-01
1.059E-02 7.693E-01 1.124E+00  9.97E-01
1.000E-02 7.374E-01 1.128E+00  9.98E-01
9.441E-03 7.017E-01 1.166E+00  9.98E-01
8.913E-03 6.629E-01 1.252E+00  9.99E-01
8.414E-03 6.220E-01 1.391E+00  9.99E-01
7.943E-03 5.796E-01 1.578E+00  9.99E-01
7.499E-03 5.362E-01 1.796E+00  9.99E-01
7.079E-03 4.935E-01 2.018E+00  1.00E+00
6.683E-03 4.514E-01 2.221E+00  1.00E+00
6.310E-03 4.104E-01 2.377E+00  1.00E+00
5.957E-03 3.719E-01 2.456E+00  1.00E+00
5.623E-03 3.342E-01 2.429E+00  1.00E+00
5.309E-03 2.994E-01 2.255E+00  1.00E+00
5.012E-03 2.674E-01 1.960E+00  1.00E+00
4.732E-03 2.382E-01 9.669E-01  1.00E+00
4.467E-03 2.120E-01 9.468E-01  1.00E+00
4.217E-03 9.622E-01 8.169E-01  1.00E+00
3.981E-03 9.508E-01 9.652E-01  1.00E+00
3.758E-03 9.393E-01 1.019E+00  1.00E+00
3.548E-03 9.249E-01 1.081E+00  1.00E+00
3.350E-03 9.072E-01 1.142E+00  1.00E+00
3.162E-03 8.855E-01 1.203E+00  1.00E+00
2.985E-03 8.599E-01 1.263E+00  1.00E+00
2.818E-03 8.283E-01 1.326E+00  1.00E+00
2.661E-03 7.913E-01 1.385E+00  1.00E+00
2.512E-03 7.501E-01 1.433E+00  1.00E+00
2.371E-03 7.054E-01 1.469E+00  1.00E+00
2.239E-03 6.577E-01 1.491E+00  1.00E+00
2.113E-03 6.072E-01 1.498E+00  1.00E+00
1.995E-03 5.564E-01 1.487E+00  1.00E+00
1.884E-03 5.056E-01 1.264E+00  1.00E+00
1.778E-03 4.555E-01 1.262E+00  1.00E+00
1.679E-03 4.075E-01 1.249E+00  1.00E+00
1.585E-03 3.621E-01 1.224E+00  1.00E+00
1.496E-03 3.198E-01 1.187E+00  1.00E+00
1.413E-03 2.807E-01 1.139E+00  1.00E+00
1.334E-03 2.452E-01 1.082E+00  1.00E+00
1.259E-03 2.135E-01 1.017E+00  1.00E+00
1.189E-03 1.854E-01 9.476E-01  1.00E+00
1.122E-03 1.594E-01 8.741E-01  1.00E+00
1.059E-03 1.369E-01 8.002E-01  1.00E+00
1.000E-03 1.176E-01 7.281E-01  1.00E+00
