1.000E+03 1.341E-05 2.622E-13  0.00E+00
9.441E+02 1.505E-05 3.301E-13  0.00E+00
8.913E+02 1.688E-05 4.156E-13  0.00E+00
8.414E+02 1.894E-05 5.232E-13  0.00E+00
7.943E+02 2.125E-05 6.587E-13  0.00E+00
7.499E+02 2.384E-05 8.293E-13  0.00E+00
7.079E+02 2.675E-05 1.044E-12  0.00E+00
6.683E+02 3.001E-05 1.314E-12  0.00E+00
6.310E+02 3.367E-05 1.655E-12  0.00E+00
5.957E+02 3.778E-05 2.083E-12  0.00E+00
5.623E+02 4.239E-05 2.623E-12  0.00E+00
5.309E+02 4.756E-05 3.302E-12 -7.61E-05
5.012E+02 5.337E-05 4.157E-12 -8.18E-05
4.732E+02 5.988E-05 5.233E-12 -8.75E-05
4.467E+02 6.721E-05 6.588E-12 -9.33E-05
4.217E+02 7.543E-05 8.294E-12 -9.89E-05
3.981E+02 8.466E-05 1.044E-11 -1.04E-04
3.758E+02 9.504E-05 1.315E-11 -1.10E-04
3.548E+02 1.067E-04 1.655E-11 -1.14E-04
3.350E+02 1.198E-04 2.084E-11 -1.19E-04
3.162E+02 1.346E-04 2.623E-11 -1.22E-04
2.985E+02 1.512E-04 3.303E-11 -1.25E-04
2.818E+02 1.699E-04 4.158E-11 -1.27E-04
2.661E+02 1.911E-04 5.235E-11 -1.28E-04
2.512E+02 2.149E-04 6.591E-11 -1.27E-04
2.371E+02 2.419E-04 8.298E-11 -1.25E-04
2.239E+02 2.725E-04 1.045E-10 -1.21E-04
2.113E+02 3.074E-04 1.315E-10 -1.14E-04
1.995E+02 3.472E-04 1.656E-10 -1.06E-04
1.884E+02 3.930E-04 2.085E-10 -9.40E-05
1.778E+02 4.459E-04 2.625E-10 -7.90E-05
1.679E+02 5.076E-04 3.304E-10 -6.01E-05
1.585E+02 5.790E-04 4.155E-10 -3.65E-05
1.496E+02 6.587E-04 5.222E-10 -7.25E-06
1.413E+02 7.404E-04 6.555E-10  2.89E-05
1.334E+02 8.193E-04 8.229E-10  7.29E-05
1.259E+02 9.013E-04 1.034E-09  1.26E-04
1.189E+02 9.962E-04 1.301E-09  1.87E-04
1.122E+02 1.109E-03 1.638E-09  2.56E-04
1.059E+02 1.241E-03 2.061E-09  3.29E-04
1.000E+02 1.393E-03 2.593E-09  3.97E-04
9.441E+01 1.567E-03 3.261E-09  4.57E-04
8.913E+01 1.764E-03 4.101E-09  5.17E-04
8.414E+01 1.986E-03 5.155E-09  5.72E-04
7.943E+01 2.239E-03 6.477E-09  6.04E-04
7.499E+01 2.523E-03 8.134E-09  6.13E-04
7.079E+01 2.841E-03 1.021E-08  6.00E-04
6.683E+01 3.197E-03 1.281E-08  5.63E-04
6.310E+01 3.593E-03 1.605E-08  4.97E-04
5.957E+01 4.030E-03 2.009E-08  3.98E-04
5.623E+01 4.508E-03 2.512E-08  2.67E-04
5.309E+01 5.025E-03 3.137E-08  1.08E-04
5.012E+01 5.575E-03 3.911E-08 -7.67E-05
4.732E+01 6.149E-03 4.868E-08 -2.62E-04
4.467E+01 6.732E-03 6.045E-08 -4.19E-04
4.217E+01 7.305E-03 7.491E-08 -5.33E-04
3.981E+01 7.843E-03 9.263E-08 -6.25E-04
3.758E+01 8.315E-03 1.143E-07 -7.14E-04
3.548E+01 8.695E-03 1.410E-07 -7.94E-04
3.350E+01 8.955E-03 1.737E-07 -8.62E-04
3.162E+01 9.078E-03 2.141E-07 -9.12E-04
2.985E+01 9.065E-03 2.642E-07 -9.40E-04
2.818E+01 8.934E-03 3.267E-07 -9.50E-04
2.661E+01 8.705E-03 4.050E-07 -9.38E-04
2.512E+01 8.408E-03 5.036E-07 -8.99E-04
2.371E+01 8.071E-03 6.277E-07 -8.15E-04
2.239E+01 7.716E-03 7.848E-07 -7.60E-04
2.113E+01 7.386E-03 9.834E-07 -6.93E-04
1.995E+01 7.094E-03 1.235E-06 -6.00E-04
1.884E+01 6.847E-03 1.551E-06 -4.80E-04
1.778E+01 6.653E-03 1.952E-06 -3.80E-04
1.679E+01 6.526E-03 2.458E-06 -2.77E-04
1.585E+01 6.470E-03 3.098E-06 -1.67E-04
1.496E+01 6.486E-03 3.905E-06 -6.19E-05
1.413E+01 6.584E-03 4.923E-06  5.15E-05
1.334E+01 6.768E-03 6.206E-06  1.81E-04
1.259E+01 7.030E-03 7.824E-06  3.37E-04
1.189E+01 7.335E-03 9.874E-06  5.14E-04
1.122E+01 7.856E-03 1.237E-05  6.81E-04
1.059E+01 8.294E-03 1.563E-05  8.62E-04
1.000E+01 8.900E-03 1.969E-05  1.06E-03
9.441E+00 9.598E-03 2.480E-05  1.26E-03
8.913E+00 1.042E-02 3.123E-05  1.48E-03
8.414E+00 1.136E-02 3.932E-05  1.72E-03
7.943E+00 1.241E-02 4.948E-05  2.02E-03
7.499E+00 1.357E-02 6.226E-05  2.34E-03
7.079E+00 1.489E-02 7.835E-05  2.67E-03
6.683E+00 1.637E-02 9.857E-05  3.04E-03
6.310E+00 1.784E-02 1.240E-04  3.53E-03
5.957E+00 1.987E-02 1.560E-04  3.84E-03
5.623E+00 2.193E-02 1.962E-04  4.31E-03
5.309E+00 2.422E-02 2.467E-04  4.83E-03
5.012E+00 2.675E-02 3.102E-04  5.42E-03
4.732E+00 2.952E-02 3.901E-04  6.05E-03
4.467E+00 3.260E-02 4.905E-04  6.75E-03
4.217E+00 3.603E-02 6.168E-04  7.51E-03
3.981E+00 3.984E-02 7.757E-04  8.33E-03
3.758E+00 4.409E-02 9.757E-04  9.22E-03
3.548E+00 4.884E-02 1.228E-03  1.02E-02
3.350E+00 5.416E-02 1.545E-03  1.12E-02
3.162E+00 6.000E-02 1.944E-03  1.23E-02
2.985E+00 6.669E-02 2.447E-03  1.36E-02
2.818E+00 7.409E-02 3.082E-03  1.49E-02
2.661E+00 8.237E-02 3.881E-03  1.63E-02
2.512E+00 9.158E-02 4.889E-03  1.80E-02
2.371E+00 1.019E-01 6.162E-03  1.97E-02
2.239E+00 1.137E-01 7.773E-03  2.15E-02
2.113E+00 1.269E-01 9.812E-03  2.35E-02
1.995E+00 1.418E-01 1.239E-02  2.56E-02
1.884E+00 1.587E-01 1.566E-02  2.78E-02
1.778E+00 1.780E-01 1.981E-02  3.02E-02
1.679E+00 1.998E-01 2.508E-02  3.27E-02
1.585E+00 2.245E-01 3.177E-02  3.54E-02
1.496E+00 2.526E-01 4.032E-02  3.82E-02
1.413E+00 2.850E-01 5.122E-02  4.09E-02
1.334E+00 3.219E-01 6.510E-02  4.38E-02
1.259E+00 3.637E-01 8.275E-02  4.71E-02
1.189E+00 4.112E-01 1.053E-01  5.03E-02
1.122E+00 4.651E-01 1.340E-01  5.38E-02
1.059E+00 5.259E-01 1.705E-01  5.75E-02
1.000E+00 5.937E-01 2.164E-01  6.18E-02
9.441E-01 6.686E-01 2.739E-01  6.68E-02
8.913E-01 7.500E-01 3.450E-01  7.28E-02
8.414E-01 8.370E-01 4.319E-01  8.02E-02
7.943E-01 9.280E-01 5.361E-01  8.92E-02
7.499E-01 1.020E+00 6.579E-01  1.00E-01
7.079E-01 1.111E+00 7.962E-01  1.14E-01
6.683E-01 1.197E+00 9.478E-01  1.32E-01
6.310E-01 1.278E+00 1.108E+00  1.53E-01
5.957E-01 1.355E+00 1.270E+00  1.81E-01
5.623E-01 1.436E+00 1.427E+00  2.14E-01
5.309E-01 1.522E+00 1.572E+00  2.51E-01
5.012E-01 1.595E+00 1.689E+00  2.81E-01
4.732E-01 1.617E+00 1.743E+00  3.00E-01
4.467E-01 1.593E+00 1.722E+00  3.15E-01
4.217E-01 1.561E+00 1.657E+00  3.39E-01
3.981E-01 1.539E+00 1.595E+00  3.75E-01
3.758E-01 1.531E+00 1.556E+00  4.18E-01
3.548E-01 1.532E+00 1.542E+00  4.61E-01
3.350E-01 1.529E+00 1.548E+00  4.98E-01
3.162E-01 1.506E+00 1.573E+00  5.23E-01
2.985E-01 1.462E+00 1.609E+00  5.37E-01
2.818E-01 1.397E+00 1.658E+00  5.42E-01
2.661E-01 1.336E+00 1.711E+00  5.45E-01
2.512E-01 1.321E+00 1.761E+00  5.61E-01
2.371E-01 1.367E+00 1.798E+00  5.97E-01
2.239E-01 1.392E+00 1.758E+00  6.34E-01
2.113E-01 1.362E+00 1.639E+00  6.66E-01
1.995E-01 1.304E+00 1.533E+00  7.00E-01
1.884E-01 1.278E+00 1.396E+00  7.35E-01
1.778E-01 1.276E+00 1.198E+00  7.70E-01
1.679E-01 1.275E+00 1.024E+00  7.90E-01
1.585E-01 1.300E+00 9.560E-01  7.92E-01
1.496E-01 1.322E+00 1.022E+00  8.12E-01
1.413E-01 1.354E+00 1.323E+00  8.38E-01
1.334E-01 1.390E+00 1.449E+00  8.31E-01
1.259E-01 1.393E+00 1.268E+00  8.11E-01
1.189E-01 1.330E+00 1.285E+00  8.08E-01
1.122E-01 1.239E+00 1.378E+00  7.82E-01
1.059E-01 1.172E+00 1.473E+00  7.58E-01
1.000E-01 1.141E+00 1.514E+00  7.54E-01
9.441E-02 1.113E+00 1.547E+00  7.53E-01
8.913E-02 1.099E+00 1.517E+00  7.65E-01
8.414E-02 1.062E+00 1.545E+00  7.61E-01
7.943E-02 1.024E+00 1.572E+00  7.58E-01
7.499E-02 9.696E-01 1.579E+00  7.57E-01
7.079E-02 9.007E-01 1.575E+00  7.56E-01
6.683E-02 8.451E-01 1.537E+00  7.65E-01
6.310E-02 8.413E-01 1.464E+00  7.87E-01
5.957E-02 8.338E-01 1.430E+00  7.99E-01
5.623E-02 8.035E-01 1.421E+00  8.07E-01
5.309E-02 7.871E-01 1.390E+00  8.23E-01
5.012E-02 7.827E-01 1.357E+00  8.41E-01
4.732E-02 7.762E-01 1.330E+00  8.59E-01
4.467E-02 7.736E-01 1.300E+00  8.77E-01
4.217E-02 7.752E-01 1.260E+00  8.98E-01
3.981E-02 8.050E-01 1.205E+00  9.20E-01
3.758E-02 8.411E-01 1.157E+00  9.35E-01
3.548E-02 8.419E-01 1.158E+00  9.36E-01
3.350E-02 8.302E-01 1.159E+00  9.41E-01
3.162E-02 8.218E-01 1.159E+00  9.47E-01
2.985E-02 8.143E-01 1.161E+00  9.52E-01
2.818E-02 8.069E-01 1.168E+00  9.58E-01
2.661E-02 7.991E-01 1.183E+00  9.63E-01
2.512E-02 7.902E-01 1.208E+00  9.68E-01
2.371E-02 7.797E-01 1.245E+00  9.73E-01
2.239E-02 7.671E-01 1.293E+00  9.77E-01
2.113E-02 7.520E-01 1.351E+00  9.81E-01
1.995E-02 7.340E-01 1.416E+00  9.84E-01
1.884E-02 7.124E-01 1.484E+00  9.87E-01
1.778E-02 6.879E-01 1.550E+00  9.90E-01
1.679E-02 6.603E-01 1.609E+00  9.91E-01
1.585E-02 6.299E-01 1.657E+00  9.93E-01
1.496E-02 5.970E-01 1.690E+00  9.94E-01
1.413E-02 5.623E-01 1.705E+00  9.95E-01
1.334E-02 5.265E-01 1.701E+00  9.96E-01
1.259E-02 4.900E-01 1.679E+00  9.96E-01
1.189E-02 4.538E-01 1.640E+00  9.97E-01
1.122E-02 4.168E-01 1.584E+00  9.97E-01
1.059E-02 3.811E-01 1.513E+00  9.98E-01
1.000E-02 3.471E-01 1.431E+00  9.98E-01
9.441E-03 3.146E-01 1.341E+00  9.98E-01
8.913E-03 2.837E-01 1.244E+00  9.99E-01
8.414E-03 2.550E-01 1.143E+00  9.99E-01
7.943E-03 2.283E-01 1.040E+00  9.99E-01
7.499E-03 2.036E-01 9.367E-01  9.99E-01
7.079E-03 1.813E-01 8.347E-01  9.99E-01
6.683E-03 1.609E-01 7.341E-01  9.99E-01
6.310E-03 1.423E-01 6.349E-01  9.99E-01
5.957E-03 1.258E-01 5.386E-01  9.99E-01
5.623E-03 1.106E-01 4.399E-01  9.99E-01
5.309E-03 9.712E-02 3.411E-01  1.00E+00
5.012E-03 8.525E-02 2.549E-01  1.00E+00
4.732E-03 7.477E-02 9.874E-02  1.00E+00
4.467E-03 6.561E-02 9.466E-02  1.00E+00
4.217E-03 7.150E-01 2.755E-01  1.00E+00
3.981E-03 6.779E-01 3.562E-01  1.00E+00
3.758E-03 6.394E-01 3.663E-01  1.00E+00
3.548E-03 5.988E-01 3.767E-01  1.00E+00
3.350E-03 5.568E-01 3.786E-01  1.00E+00
3.162E-03 5.141E-01 3.734E-01  1.00E+00
2.985E-03 4.723E-01 3.637E-01  1.00E+00
2.818E-03 4.292E-01 3.508E-01  1.00E+00
2.661E-03 3.870E-01 3.341E-01  1.00E+00
2.512E-03 3.470E-01 3.142E-01  1.00E+00
2.371E-03 3.096E-01 2.931E-01  1.00E+00
2.239E-03 2.749E-01 2.717E-01  1.00E+00
2.113E-03 2.423E-01 2.503E-01  1.00E+00
1.995E-03 2.129E-01 2.293E-01  1.00E+00
1.884E-03 1.862E-01 2.091E-01  1.00E+00
1.778E-03 1.620E-01 1.896E-01  1.00E+00
1.679E-03 1.405E-01 1.713E-01  1.00E+00
1.585E-03 1.215E-01 1.543E-01  1.00E+00
1.496E-03 1.047E-01 1.386E-01  1.00E+00
1.413E-03 9.005E-02 1.242E-01  1.00E+00
1.334E-03 7.722E-02 1.111E-01  1.00E+00
1.259E-03 6.616E-02 9.921E-02  1.00E+00
1.189E-03 5.666E-02 8.861E-02  1.00E+00
1.122E-03 4.814E-02 7.884E-02  1.00E+00
1.059E-03 4.093E-02 7.009E-02  1.00E+00
1.000E-03 3.483E-02 6.232E-02  1.00E+00
