1.000E+03 1.413E-03 2.697E-07 -1.33E-01
9.441E+02 1.471E-03 3.396E-07 -1.33E-01
8.913E+02 1.536E-03 4.275E-07 -1.33E-01
8.414E+02 1.609E-03 5.382E-07 -1.33E-01
7.943E+02 1.690E-03 6.776E-07 -1.33E-01
7.499E+02 1.781E-03 8.531E-07 -1.33E-01
7.079E+02 1.883E-03 1.074E-06 -1.32E-01
6.683E+02 1.997E-03 1.352E-06 -1.32E-01
6.310E+02 2.126E-03 1.702E-06 -1.32E-01
5.957E+02 2.270E-03 2.143E-06 -1.32E-01
5.623E+02 2.432E-03 2.698E-06 -1.32E-01
5.309E+02 2.613E-03 3.396E-06 -1.31E-01
5.012E+02 2.817E-03 4.276E-06 -1.31E-01
4.732E+02 3.047E-03 5.383E-06 -1.30E-01
4.467E+02 3.305E-03 6.777E-06 -1.30E-01
4.217E+02 3.595E-03 8.531E-06 -1.29E-01
3.981E+02 3.922E-03 1.074E-05 -1.29E-01
3.758E+02 4.290E-03 1.352E-05 -1.28E-01
3.548E+02 4.704E-03 1.702E-05 -1.27E-01
3.350E+02 5.172E-03 2.143E-05 -1.26E-01
3.162E+02 5.699E-03 2.698E-05 -1.25E-01
2.985E+02 6.296E-03 3.396E-05 -1.23E-01
2.818E+02 6.971E-03 4.275E-05 -1.22E-01
2.661E+02 7.737E-03 5.382E-05 -1.20E-01
2.512E+02 8.609E-03 6.775E-05 -1.17E-01
2.371E+02 9.603E-03 8.528E-05 -1.15E-01
2.239E+02 1.074E-02 1.074E-04 -1.11E-01
2.113E+02 1.206E-02 1.351E-04 -1.08E-01
1.995E+02 1.360E-02 1.701E-04 -1.03E-01
1.884E+02 1.543E-02 2.142E-04 -9.69E-02
1.778E+02 1.766E-02 2.697E-04 -8.93E-02
1.679E+02 2.051E-02 3.397E-04 -7.96E-02
1.585E+02 2.451E-02 4.285E-04 -6.64E-02
1.496E+02 3.118E-02 5.419E-04 -4.79E-02
1.413E+02 4.616E-02 6.817E-04 -2.04E-02
1.334E+02 6.374E-02 8.362E-04  2.06E-02
1.259E+02 1.094E-01 1.088E-03  6.93E-02
1.189E+02 2.215E-01 1.526E-03  2.95E-02
1.122E+02 2.505E-01 2.050E-03 -1.50E-01
1.059E+02 1.918E-01 2.471E-03 -2.09E-01
1.000E+02 1.694E-01 3.013E-03 -2.08E-01
9.441E+01 1.688E-01 3.752E-03 -2.04E-01
8.913E+01 1.746E-01 4.718E-03 -2.06E-01
8.414E+01 1.806E-01 5.950E-03 -2.10E-01
7.943E+01 1.865E-01 7.499E-03 -2.14E-01
7.499E+01 1.938E-01 9.445E-03 -2.16E-01
7.079E+01 2.031E-01 1.189E-02 -2.16E-01
6.683E+01 2.144E-01 1.497E-02 -2.17E-01
6.310E+01 2.276E-01 1.884E-02 -2.17E-01
5.957E+01 2.429E-01 2.369E-02 -2.16E-01
5.623E+01 2.602E-01 2.977E-02 -2.15E-01
5.309E+01 2.796E-01 3.737E-02 -2.14E-01
5.012E+01 3.006E-01 4.684E-02 -2.13E-01
4.732E+01 3.239E-01 5.863E-02 -2.12E-01
4.467E+01 3.486E-01 7.327E-02 -2.10E-01
4.217E+01 3.743E-01 9.142E-02 -2.09E-01
3.981E+01 3.994E-01 1.139E-01 -2.08E-01
3.758E+01 4.222E-01 1.417E-01 -2.07E-01
3.548E+01 4.423E-01 1.761E-01 -2.05E-01
3.350E+01 4.592E-01 2.189E-01 -2.03E-01
3.162E+01 4.732E-01 2.720E-01 -2.00E-01
2.985E+01 4.854E-01 3.381E-01 -1.95E-01
2.818E+01 4.967E-01 4.197E-01 -1.89E-01
2.661E+01 5.087E-01 5.196E-01 -1.81E-01
2.512E+01 5.229E-01 6.396E-01 -1.70E-01
2.371E+01 5.402E-01 7.788E-01 -1.58E-01
2.239E+01 5.564E-01 9.355E-01 -1.44E-01
2.113E+01 5.738E-01 1.103E+00 -1.26E-01
1.995E+01 5.916E-01 1.271E+00 -1.06E-01
1.884E+01 6.064E-01 1.427E+00 -8.14E-02
1.778E+01 6.153E-01 1.562E+00 -5.28E-02
1.679E+01 6.206E-01 1.672E+00 -1.82E-02
1.585E+01 6.243E-01 1.758E+00  2.43E-02
1.496E+01 6.296E-01 1.830E+00  7.69E-02
1.413E+01 6.419E-01 1.906E+00  1.42E-01
1.334E+01 6.612E-01 2.009E+00  2.15E-01
1.259E+01 6.765E-01 2.157E+00  2.84E-01
1.189E+01 6.637E-01 2.316E+00  3.26E-01
1.122E+01 6.359E-01 2.335E+00  3.54E-01
1.059E+01 6.069E-01 2.375E+00  3.71E-01
1.000E+01 6.112E-01 2.399E+00  3.99E-01
9.441E+00 6.534E-01 2.503E+00  4.34E-01
8.913E+00 7.192E-01 2.745E+00  4.79E-01
8.414E+00 6.820E-01 2.776E+00  4.93E-01
7.943E+00 6.235E-01 2.577E+00  4.65E-01
7.499E+00 6.092E-01 2.390E+00  4.35E-01
7.079E+00 6.807E-01 2.325E+00  4.21E-01
6.683E+00 6.865E-01 2.239E+00  4.69E-01
6.310E+00 6.482E-01 2.044E+00  4.56E-01
5.957E+00 6.520E-01 1.902E+00  4.22E-01
5.623E+00 7.325E-01 1.850E+00  4.28E-01
5.309E+00 6.389E-01 1.656E+00  4.58E-01
5.012E+00 6.928E-01 1.757E+00  4.91E-01
4.732E+00 6.767E-01 1.779E+00  5.45E-01
4.467E+00 6.641E-01 1.828E+00  5.61E-01
4.217E+00 7.215E-01 2.015E+00  6.31E-01
3.981E+00 6.343E-01 2.004E+00  6.34E-01
3.758E+00 7.034E-01 2.114E+00  6.50E-01
3.548E+00 6.496E-01 1.982E+00  6.53E-01
3.350E+00 7.073E-01 1.953E+00  6.20E-01
3.162E+00 6.695E-01 1.726E+00  6.09E-01
2.985E+00 6.899E-01 1.734E+00  5.96E-01
2.818E+00 7.159E-01 1.639E+00  6.06E-01
2.661E+00 7.076E-01 1.756E+00  6.32E-01
2.512E+00 7.239E-01 1.826E+00  6.86E-01
2.371E+00 7.449E-01 1.819E+00  6.86E-01
2.239E+00 7.628E-01 1.706E+00  6.81E-01
2.113E+00 7.683E-01 1.594E+00  6.73E-01
1.995E+00 7.551E-01 1.578E+00  6.75E-01
1.884E+00 7.643E-01 1.640E+00  6.99E-01
1.778E+00 7.820E-01 1.660E+00  7.17E-01
1.679E+00 7.988E-01 1.583E+00  7.16E-01
1.585E+00 8.108E-01 1.517E+00  7.15E-01
1.496E+00 8.153E-01 1.548E+00  7.31E-01
1.413E+00 8.194E-01 1.561E+00  7.41E-01
1.334E+00 8.316E-01 1.496E+00  7.39E-01
1.259E+00 8.376E-01 1.484E+00  7.45E-01
1.189E+00 8.413E-01 1.495E+00  7.54E-01
1.122E+00 8.429E-01 1.462E+00  7.55E-01
1.059E+00 8.443E-01 1.459E+00  7.60E-01
1.000E+00 8.445E-01 1.452E+00  7.64E-01
9.441E-01 8.433E-01 1.439E+00  7.67E-01
8.913E-01 8.418E-01 1.435E+00  7.70E-01
8.414E-01 8.399E-01 1.427E+00  7.73E-01
7.943E-01 8.378E-01 1.421E+00  7.76E-01
7.499E-01 8.356E-01 1.414E+00  7.79E-01
7.079E-01 8.333E-01 1.408E+00  7.81E-01
6.683E-01 8.308E-01 1.403E+00  7.84E-01
6.310E-01 8.279E-01 1.397E+00  7.85E-01
5.957E-01 8.247E-01 1.393E+00  7.87E-01
5.623E-01 8.211E-01 1.389E+00  7.88E-01
5.309E-01 8.170E-01 1.386E+00  7.89E-01
5.012E-01 8.124E-01 1.384E+00  7.90E-01
4.732E-01 8.074E-01 1.383E+00  7.89E-01
4.467E-01 8.023E-01 1.382E+00  7.89E-01
4.217E-01 7.971E-01 1.382E+00  7.89E-01
3.981E-01 7.920E-01 1.382E+00  7.88E-01
3.758E-01 7.866E-01 1.382E+00  7.88E-01
3.548E-01 7.793E-01 1.385E+00  7.86E-01
3.350E-01 7.686E-01 1.391E+00  7.81E-01
3.162E-01 7.538E-01 1.403E+00  7.75E-01
2.985E-01 7.364E-01 1.420E+00  7.67E-01
2.818E-01 7.126E-01 1.444E+00  7.56E-01
2.661E-01 6.857E-01 1.472E+00  7.46E-01
2.512E-01 6.617E-01 1.491E+00  7.40E-01
2.371E-01 6.468E-01 1.494E+00  7.40E-01
2.239E-01 6.564E-01 1.469E+00  7.53E-01
2.113E-01 6.856E-01 1.426E+00  7.76E-01
1.995E-01 7.312E-01 1.369E+00  8.10E-01
1.884E-01 7.879E-01 1.303E+00  8.52E-01
1.778E-01 8.506E-01 1.231E+00  8.97E-01
1.679E-01 9.028E-01 1.173E+00  9.30E-01
1.585E-01 9.305E-01 1.144E+00  9.42E-01
1.496E-01 9.336E-01 1.142E+00  9.39E-01
1.413E-01 9.204E-01 1.156E+00  9.28E-01
1.334E-01 8.997E-01 1.175E+00  9.13E-01
1.259E-01 8.730E-01 1.200E+00  8.93E-01
1.189E-01 8.408E-01 1.231E+00  8.68E-01
1.122E-01 7.937E-01 1.278E+00  8.33E-01
1.059E-01 7.397E-01 1.334E+00  7.99E-01
1.000E-01 7.137E-01 1.358E+00  7.87E-01
9.441E-02 6.891E-01 1.380E+00  7.79E-01
8.913E-02 6.961E-01 1.369E+00  7.89E-01
8.414E-02 6.750E-01 1.387E+00  7.80E-01
7.943E-02 6.540E-01 1.405E+00  7.72E-01
7.499E-02 6.364E-01 1.418E+00  7.68E-01
7.079E-02 6.214E-01 1.429E+00  7.66E-01
6.683E-02 6.255E-01 1.421E+00  7.76E-01
6.310E-02 6.595E-01 1.384E+00  8.01E-01
5.957E-02 6.748E-01 1.366E+00  8.13E-01
5.623E-02 6.748E-01 1.363E+00  8.19E-01
5.309E-02 6.888E-01 1.347E+00  8.35E-01
5.012E-02 7.079E-01 1.325E+00  8.53E-01
4.732E-02 7.244E-01 1.307E+00  8.70E-01
4.467E-02 7.443E-01 1.284E+00  8.89E-01
4.217E-02 7.696E-01 1.257E+00  9.09E-01
3.981E-02 8.088E-01 1.216E+00  9.31E-01
3.758E-02 8.413E-01 1.182E+00  9.46E-01
3.548E-02 8.420E-01 1.180E+00  9.47E-01
3.350E-02 8.445E-01 1.177E+00  9.50E-01
3.162E-02 8.498E-01 1.170E+00  9.55E-01
2.985E-02 8.560E-01 1.163E+00  9.60E-01
2.818E-02 8.627E-01 1.155E+00  9.64E-01
2.661E-02 8.696E-01 1.147E+00  9.68E-01
2.512E-02 8.766E-01 1.139E+00  9.72E-01
2.371E-02 8.835E-01 1.131E+00  9.76E-01
2.239E-02 8.904E-01 1.123E+00  9.79E-01
2.113E-02 8.971E-01 1.115E+00  9.82E-01
1.995E-02 9.037E-01 1.108E+00  9.85E-01
1.884E-02 9.100E-01 1.100E+00  9.87E-01
1.778E-02 9.162E-01 1.093E+00  9.89E-01
1.679E-02 9.256E-01 1.074E+00  9.91E-01
1.585E-02 9.311E-01 1.069E+00  9.92E-01
1.496E-02 9.358E-01 1.064E+00  9.93E-01
1.413E-02 9.401E-01 1.060E+00  9.94E-01
1.334E-02 9.448E-01 1.055E+00  9.95E-01
1.259E-02 9.500E-01 1.050E+00  9.96E-01
1.189E-02 9.544E-01 1.046E+00  9.97E-01
1.122E-02 9.573E-01 1.043E+00  9.97E-01
1.059E-02 9.589E-01 1.041E+00  9.97E-01
1.000E-02 9.599E-01 1.040E+00  9.98E-01
9.441E-03 9.607E-01 1.039E+00  9.98E-01
8.913E-03 9.617E-01 1.038E+00  9.98E-01
8.414E-03 9.639E-01 1.036E+00  9.98E-01
7.943E-03 9.661E-01 1.034E+00  9.99E-01
7.499E-03 9.660E-01 1.034E+00  9.99E-01
7.079E-03 9.636E-01 1.036E+00  9.99E-01
6.683E-03 9.590E-01 1.041E+00  9.99E-01
6.310E-03 9.521E-01 1.048E+00  9.99E-01
5.957E-03 9.427E-01 1.057E+00  9.99E-01
5.623E-03 9.296E-01 1.070E+00  9.99E-01
5.309E-03 9.129E-01 1.087E+00  9.99E-01
5.012E-03 8.921E-01 1.108E+00  9.98E-01
4.732E-03 8.686E-01 1.131E+00  1.00E+00
4.467E-03 8.423E-01 1.157E+00  1.00E+00
4.217E-03 9.982E-01 1.002E+00  1.00E+00
3.981E-03 9.969E-01 1.003E+00  1.00E+00
3.758E-03 9.965E-01 1.003E+00  1.00E+00
3.548E-03 9.960E-01 1.004E+00  1.00E+00
3.350E-03 9.954E-01 1.005E+00  1.00E+00
3.162E-03 9.949E-01 1.005E+00  1.00E+00
2.985E-03 9.944E-01 1.006E+00  1.00E+00
2.818E-03 9.938E-01 1.006E+00  1.00E+00
2.661E-03 9.932E-01 1.007E+00  1.00E+00
2.512E-03 9.923E-01 1.008E+00  1.00E+00
2.371E-03 9.911E-01 1.009E+00  1.00E+00
2.239E-03 9.893E-01 1.011E+00  1.00E+00
2.113E-03 9.867E-01 1.013E+00  1.00E+00
1.995E-03 9.831E-01 1.017E+00  1.00E+00
1.884E-03 9.780E-01 1.022E+00  1.00E+00
1.778E-03 9.708E-01 1.029E+00  1.00E+00
1.679E-03 9.609E-01 1.039E+00  1.00E+00
1.585E-03 9.476E-01 1.052E+00  1.00E+00
1.496E-03 9.298E-01 1.070E+00  1.00E+00
1.413E-03 9.066E-01 1.093E+00  1.00E+00
1.334E-03 8.774E-01 1.122E+00  1.00E+00
1.259E-03 8.422E-01 1.157E+00  1.00E+00
1.189E-03 8.013E-01 1.198E+00  1.00E+00
1.122E-03 7.530E-01 1.246E+00  1.00E+00
1.059E-03 7.008E-01 1.299E+00  1.00E+00
1.000E-03 6.463E-01 1.353E+00  1.00E+00
