1.000E+03 1.531E-04 4.157E-10 -9.15E-03
9.441E+02 1.649E-04 5.233E-10 -9.36E-03
8.913E+02 1.777E-04 6.589E-10 -9.56E-03
8.414E+02 1.919E-04 8.295E-10 -9.74E-03
7.943E+02 2.075E-04 1.044E-09 -9.90E-03
7.499E+02 2.247E-04 1.315E-09 -1.00E-02
7.079E+02 2.437E-04 1.655E-09 -1.02E-02
6.683E+02 2.648E-04 2.084E-09 -1.03E-02
6.310E+02 2.882E-04 2.623E-09 -1.04E-02
5.957E+02 3.144E-04 3.302E-09 -1.04E-02
5.623E+02 3.435E-04 4.158E-09 -1.05E-02
5.309E+02 3.760E-04 5.234E-09 -1.05E-02
5.012E+02 4.123E-04 6.590E-09 -1.05E-02
4.732E+02 4.529E-04 8.296E-09 -1.05E-02
4.467E+02 4.984E-04 1.044E-08 -1.05E-02
4.217E+02 5.494E-04 1.315E-08 -1.05E-02
3.981E+02 6.065E-04 1.656E-08 -1.04E-02
3.758E+02 6.706E-04 2.084E-08 -1.03E-02
3.548E+02 7.425E-04 2.624E-08 -1.02E-02
3.350E+02 8.233E-04 3.304E-08 -1.01E-02
3.162E+02 9.140E-04 4.160E-08 -9.93E-03
2.985E+02 1.016E-03 5.237E-08 -9.74E-03
2.818E+02 1.131E-03 6.594E-08 -9.51E-03
2.661E+02 1.260E-03 8.303E-08 -9.25E-03
2.512E+02 1.405E-03 1.045E-07 -8.94E-03
2.371E+02 1.569E-03 1.316E-07 -8.57E-03
2.239E+02 1.755E-03 1.658E-07 -8.15E-03
2.113E+02 1.964E-03 2.088E-07 -7.66E-03
1.995E+02 2.203E-03 2.630E-07 -7.09E-03
1.884E+02 2.475E-03 3.313E-07 -6.41E-03
1.778E+02 2.791E-03 4.175E-07 -5.62E-03
1.679E+02 3.167E-03 5.264E-07 -4.69E-03
1.585E+02 3.648E-03 6.643E-07 -3.58E-03
1.496E+02 4.376E-03 8.390E-07 -2.26E-03
1.413E+02 5.602E-03 1.050E-06 -6.54E-04
1.334E+02 6.035E-03 1.298E-06  1.26E-03
1.259E+02 6.221E-03 1.632E-06  3.53E-03
1.189E+02 6.859E-03 2.058E-06  6.18E-03
1.122E+02 7.808E-03 2.595E-06  9.16E-03
1.059E+02 9.067E-03 3.269E-06  1.22E-02
1.000E+02 1.065E-02 4.116E-06  1.51E-02
9.441E+01 1.253E-02 5.181E-06  1.73E-02
8.913E+01 1.477E-02 6.520E-06  1.94E-02
8.414E+01 1.750E-02 8.204E-06  2.07E-02
7.943E+01 2.069E-02 1.032E-05  2.03E-02
7.499E+01 2.426E-02 1.298E-05  1.82E-02
7.079E+01 2.818E-02 1.631E-05  1.47E-02
6.683E+01 3.240E-02 2.048E-05  9.67E-03
6.310E+01 3.683E-02 2.571E-05  3.30E-03
5.957E+01 4.135E-02 3.223E-05 -4.03E-03
5.623E+01 4.588E-02 4.035E-05 -1.19E-02
5.309E+01 5.032E-02 5.044E-05 -1.97E-02
5.012E+01 5.464E-02 6.295E-05 -2.71E-02
4.732E+01 5.864E-02 7.838E-05 -3.28E-02
4.467E+01 6.275E-02 9.741E-05 -3.72E-02
4.217E+01 6.698E-02 1.208E-04 -4.03E-02
3.981E+01 7.119E-02 1.495E-04 -4.29E-02
3.758E+01 7.509E-02 1.847E-04 -4.56E-02
3.548E+01 7.850E-02 2.280E-04 -4.80E-02
3.350E+01 8.125E-02 2.812E-04 -5.02E-02
3.162E+01 8.329E-02 3.471E-04 -5.19E-02
2.985E+01 8.470E-02 4.290E-04 -5.32E-02
2.818E+01 8.562E-02 5.315E-04 -5.41E-02
2.661E+01 8.621E-02 6.605E-04 -5.45E-02
2.512E+01 8.680E-02 8.234E-04 -5.43E-02
2.371E+01 8.819E-02 1.030E-03 -5.39E-02
2.239E+01 8.975E-02 1.292E-03 -5.44E-02
2.113E+01 9.188E-02 1.625E-03 -5.46E-02
1.995E+01 9.493E-02 2.050E-03 -5.44E-02
1.884E+01 9.956E-02 2.589E-03 -5.45E-02
1.778E+01 1.051E-01 3.278E-03 -5.57E-02
1.679E+01 1.118E-01 4.155E-03 -5.71E-02
1.585E+01 1.198E-01 5.273E-03 -5.90E-02
1.496E+01 1.291E-01 6.701E-03 -6.15E-02
1.413E+01 1.396E-01 8.524E-03 -6.40E-02
1.334E+01 1.517E-01 1.085E-02 -6.66E-02
1.259E+01 1.657E-01 1.383E-02 -6.93E-02
1.189E+01 1.815E-01 1.766E-02 -7.28E-02
1.122E+01 1.992E-01 2.241E-02 -7.76E-02
1.059E+01 2.173E-01 2.871E-02 -8.16E-02
1.000E+01 2.373E-01 3.670E-02 -8.59E-02
9.441E+00 2.586E-01 4.696E-02 -9.02E-02
8.913E+00 2.816E-01 6.011E-02 -9.39E-02
8.414E+00 3.065E-01 7.698E-02 -9.69E-02
7.943E+00 3.339E-01 9.859E-02 -9.92E-02
7.499E+00 3.630E-01 1.263E-01 -1.01E-01
7.079E+00 3.940E-01 1.616E-01 -1.02E-01
6.683E+00 4.279E-01 2.064E-01 -1.01E-01
6.310E+00 4.641E-01 2.630E-01 -1.00E-01
5.957E+00 5.053E-01 3.339E-01 -9.42E-02
5.623E+00 5.499E-01 4.212E-01 -8.78E-02
5.309E+00 5.982E-01 5.268E-01 -7.91E-02
5.012E+00 6.492E-01 6.512E-01 -6.81E-02
4.732E+00 6.993E-01 7.933E-01 -5.47E-02
4.467E+00 7.466E-01 9.487E-01 -3.82E-02
4.217E+00 7.874E-01 1.111E+00 -1.82E-02
3.981E+00 8.181E-01 1.271E+00  5.96E-03
3.758E+00 8.365E-01 1.423E+00  3.53E-02
3.548E+00 8.429E-01 1.561E+00  7.16E-02
3.350E+00 8.410E-01 1.690E+00  1.17E-01
3.162E+00 8.338E-01 1.824E+00  1.75E-01
2.985E+00 8.339E-01 1.997E+00  2.46E-01
2.818E+00 8.421E-01 2.261E+00  3.20E-01
2.661E+00 8.517E-01 2.572E+00  3.60E-01
2.512E+00 8.425E-01 2.679E+00  3.56E-01
2.371E+00 8.278E-01 2.573E+00  3.50E-01
2.239E+00 8.268E-01 2.449E+00  3.64E-01
2.113E+00 8.427E-01 2.387E+00  3.92E-01
1.995E+00 8.819E-01 2.432E+00  4.27E-01
1.884E+00 9.650E-01 2.704E+00  4.73E-01
1.778E+00 9.630E-01 2.752E+00  5.06E-01
1.679E+00 9.082E-01 2.481E+00  4.85E-01
1.585E+00 8.923E-01 2.278E+00  4.56E-01
1.496E+00 9.349E-01 2.104E+00  4.40E-01
1.413E+00 1.053E+00 2.060E+00  4.80E-01
1.334E+00 9.797E-01 1.786E+00  5.07E-01
1.259E+00 1.008E+00 1.726E+00  4.89E-01
1.189E+00 1.059E+00 1.592E+00  4.89E-01
1.122E+00 1.005E+00 1.468E+00  5.47E-01
1.059E+00 1.085E+00 1.524E+00  5.90E-01
1.000E+00 1.088E+00 1.574E+00  6.32E-01
9.441E-01 1.036E+00 1.605E+00  6.62E-01
8.913E-01 1.109E+00 1.692E+00  7.05E-01
8.414E-01 1.065E+00 1.692E+00  7.10E-01
7.943E-01 1.102E+00 1.662E+00  7.18E-01
7.499E-01 1.092E+00 1.580E+00  7.19E-01
7.079E-01 1.105E+00 1.511E+00  7.17E-01
6.683E-01 1.103E+00 1.463E+00  7.26E-01
6.310E-01 1.102E+00 1.461E+00  7.38E-01
5.957E-01 1.093E+00 1.469E+00  7.50E-01
5.623E-01 1.083E+00 1.470E+00  7.57E-01
5.309E-01 1.069E+00 1.463E+00  7.60E-01
5.012E-01 1.055E+00 1.457E+00  7.63E-01
4.732E-01 1.041E+00 1.455E+00  7.65E-01
4.467E-01 1.028E+00 1.454E+00  7.67E-01
4.217E-01 1.015E+00 1.454E+00  7.69E-01
3.981E-01 1.003E+00 1.453E+00  7.71E-01
3.758E-01 9.906E-01 1.454E+00  7.72E-01
3.548E-01 9.762E-01 1.457E+00  7.72E-01
3.350E-01 9.582E-01 1.465E+00  7.70E-01
3.162E-01 9.368E-01 1.481E+00  7.65E-01
2.985E-01 9.139E-01 1.502E+00  7.59E-01
2.818E-01 8.858E-01 1.534E+00  7.51E-01
2.661E-01 8.590E-01 1.575E+00  7.44E-01
2.512E-01 8.402E-01 1.609E+00  7.41E-01
2.371E-01 8.270E-01 1.616E+00  7.43E-01
2.239E-01 8.226E-01 1.576E+00  7.55E-01
2.113E-01 8.288E-01 1.511E+00  7.76E-01
1.995E-01 8.565E-01 1.433E+00  8.07E-01
1.884E-01 8.997E-01 1.346E+00  8.48E-01
1.778E-01 9.539E-01 1.254E+00  8.91E-01
1.679E-01 1.005E+00 1.177E+00  9.22E-01
1.585E-01 1.039E+00 1.145E+00  9.35E-01
1.496E-01 1.048E+00 1.155E+00  9.33E-01
1.413E-01 1.034E+00 1.178E+00  9.23E-01
1.334E-01 1.008E+00 1.203E+00  9.09E-01
1.259E-01 9.745E-01 1.232E+00  8.89E-01
1.189E-01 9.363E-01 1.265E+00  8.66E-01
1.122E-01 8.846E-01 1.318E+00  8.32E-01
1.059E-01 8.312E-01 1.383E+00  8.01E-01
1.000E-01 8.029E-01 1.412E+00  7.90E-01
9.441E-02 7.728E-01 1.438E+00  7.83E-01
8.913E-02 7.726E-01 1.424E+00  7.92E-01
8.414E-02 7.467E-01 1.444E+00  7.84E-01
7.943E-02 7.177E-01 1.463E+00  7.77E-01
7.499E-02 6.899E-01 1.475E+00  7.73E-01
7.079E-02 6.647E-01 1.484E+00  7.71E-01
6.683E-02 6.598E-01 1.471E+00  7.81E-01
6.310E-02 6.890E-01 1.428E+00  8.04E-01
5.957E-02 7.013E-01 1.407E+00  8.16E-01
5.623E-02 6.966E-01 1.402E+00  8.22E-01
5.309E-02 7.062E-01 1.383E+00  8.38E-01
5.012E-02 7.220E-01 1.359E+00  8.55E-01
4.732E-02 7.352E-01 1.338E+00  8.72E-01
4.467E-02 7.520E-01 1.314E+00  8.90E-01
4.217E-02 7.741E-01 1.284E+00  9.10E-01
3.981E-02 8.124E-01 1.238E+00  9.31E-01
3.758E-02 8.460E-01 1.200E+00  9.45E-01
3.548E-02 8.464E-01 1.199E+00  9.46E-01
3.350E-02 8.467E-01 1.194E+00  9.50E-01
3.162E-02 8.501E-01 1.187E+00  9.55E-01
2.985E-02 8.545E-01 1.179E+00  9.59E-01
2.818E-02 8.595E-01 1.170E+00  9.64E-01
2.661E-02 8.647E-01 1.162E+00  9.68E-01
2.512E-02 8.701E-01 1.153E+00  9.72E-01
2.371E-02 8.756E-01 1.144E+00  9.76E-01
2.239E-02 8.810E-01 1.136E+00  9.79E-01
2.113E-02 8.863E-01 1.127E+00  9.82E-01
1.995E-02 8.914E-01 1.120E+00  9.84E-01
1.884E-02 8.961E-01 1.112E+00  9.86E-01
1.778E-02 9.006E-01 1.106E+00  9.88E-01
1.679E-02 9.045E-01 1.101E+00  9.90E-01
1.585E-02 9.077E-01 1.096E+00  9.92E-01
1.496E-02 9.100E-01 1.090E+00  9.93E-01
1.413E-02 9.111E-01 1.084E+00  9.94E-01
1.334E-02 9.106E-01 1.079E+00  9.95E-01
1.259E-02 9.082E-01 1.079E+00  9.96E-01
1.189E-02 9.034E-01 1.081E+00  9.96E-01
1.122E-02 8.953E-01 1.079E+00  9.97E-01
1.059E-02 8.837E-01 1.074E+00  9.97E-01
1.000E-02 8.682E-01 1.080E+00  9.98E-01
9.441E-03 8.482E-01 1.114E+00  9.98E-01
8.913E-03 8.235E-01 1.183E+00  9.99E-01
8.414E-03 7.944E-01 1.267E+00  9.99E-01
7.943E-03 7.610E-01 1.330E+00  9.99E-01
7.499E-03 7.234E-01 1.342E+00  9.99E-01
7.079E-03 6.833E-01 1.299E+00  9.99E-01
6.683E-03 6.406E-01 1.236E+00  1.00E+00
6.310E-03 5.962E-01 1.215E+00  1.00E+00
5.957E-03 5.518E-01 1.304E+00  1.00E+00
5.623E-03 5.061E-01 1.558E+00  1.00E+00
5.309E-03 4.618E-01 1.957E+00  1.00E+00
5.012E-03 4.193E-01 2.312E+00  1.00E+00
4.732E-03 3.791E-01 1.972E+00  1.00E+00
4.467E-03 3.420E-01 1.989E+00  1.00E+00
4.217E-03 9.872E-01 9.405E-01  1.00E+00
3.981E-03 9.816E-01 1.002E+00  1.00E+00
3.758E-03 9.774E-01 1.022E+00  1.00E+00
3.548E-03 9.723E-01 1.042E+00  1.00E+00
3.350E-03 9.661E-01 1.030E+00  1.00E+00
3.162E-03 9.576E-01 1.038E+00  1.00E+00
2.985E-03 9.470E-01 1.047E+00  1.00E+00
2.818E-03 9.326E-01 1.061E+00  1.00E+00
2.661E-03 9.140E-01 1.078E+00  1.00E+00
2.512E-03 8.909E-01 1.099E+00  1.00E+00
2.371E-03 8.627E-01 1.124E+00  1.00E+00
2.239E-03 8.293E-01 1.155E+00  1.00E+00
2.113E-03 7.900E-01 1.190E+00  1.00E+00
1.995E-03 7.463E-01 1.228E+00  1.00E+00
1.884E-03 6.984E-01 1.269E+00  1.00E+00
1.778E-03 6.472E-01 1.312E+00  1.00E+00
1.679E-03 5.944E-01 1.353E+00  1.00E+00
1.585E-03 5.412E-01 1.393E+00  1.00E+00
1.496E-03 4.886E-01 1.428E+00  1.00E+00
1.413E-03 4.376E-01 1.457E+00  1.00E+00
1.334E-03 3.891E-01 1.478E+00  1.00E+00
1.259E-03 3.440E-01 1.490E+00  1.00E+00
1.189E-03 3.028E-01 1.491E+00  1.00E+00
1.122E-03 2.637E-01 1.481E+00  1.00E+00
1.059E-03 2.289E-01 1.459E+00  1.00E+00
1.000E-03 1.983E-01 1.424E+00  1.00E+00
