1.000E+03 7.316E-05 6.587E-11 -2.91E-03
9.441E+02 8.043E-05 8.293E-11 -3.03E-03
8.913E+02 8.844E-05 1.044E-10 -3.15E-03
8.414E+02 9.729E-05 1.314E-10 -3.27E-03
7.943E+02 1.071E-04 1.655E-10 -3.38E-03
7.499E+02 1.179E-04 2.083E-10 -3.48E-03
7.079E+02 1.299E-04 2.623E-10 -3.57E-03
6.683E+02 1.432E-04 3.302E-10 -3.66E-03
6.310E+02 1.581E-04 4.157E-10 -3.74E-03
5.957E+02 1.746E-04 5.233E-10 -3.80E-03
5.623E+02 1.930E-04 6.588E-10 -3.86E-03
5.309E+02 2.135E-04 8.294E-10 -3.91E-03
5.012E+02 2.365E-04 1.044E-09 -3.95E-03
4.732E+02 2.622E-04 1.315E-09 -3.99E-03
4.467E+02 2.909E-04 1.655E-09 -4.01E-03
4.217E+02 3.231E-04 2.084E-09 -4.02E-03
3.981E+02 3.592E-04 2.623E-09 -4.02E-03
3.758E+02 3.996E-04 3.303E-09 -4.00E-03
3.548E+02 4.450E-04 4.158E-09 -3.98E-03
3.350E+02 4.959E-04 5.235E-09 -3.95E-03
3.162E+02 5.531E-04 6.591E-09 -3.90E-03
2.985E+02 6.174E-04 8.299E-09 -3.83E-03
2.818E+02 6.897E-04 1.045E-08 -3.75E-03
2.661E+02 7.711E-04 1.316E-08 -3.65E-03
2.512E+02 8.627E-04 1.656E-08 -3.54E-03
2.371E+02 9.660E-04 2.086E-08 -3.39E-03
2.239E+02 1.083E-03 2.627E-08 -3.23E-03
2.113E+02 1.215E-03 3.308E-08 -3.03E-03
1.995E+02 1.365E-03 4.166E-08 -2.80E-03
1.884E+02 1.538E-03 5.248E-08 -2.53E-03
1.778E+02 1.738E-03 6.613E-08 -2.21E-03
1.679E+02 1.977E-03 8.337E-08 -1.84E-03
1.585E+02 2.283E-03 1.052E-07 -1.39E-03
1.496E+02 2.728E-03 1.326E-07 -8.62E-04
1.413E+02 3.355E-03 1.659E-07 -2.21E-04
1.334E+02 3.631E-03 2.060E-07  5.39E-04
1.259E+02 3.780E-03 2.588E-07  1.43E-03
1.189E+02 4.123E-03 3.261E-07  2.47E-03
1.122E+02 4.610E-03 4.109E-07  3.63E-03
1.059E+02 5.225E-03 5.176E-07  4.83E-03
1.000E+02 5.966E-03 6.515E-07  5.96E-03
9.441E+01 6.827E-03 8.197E-07  6.92E-03
8.913E+01 7.820E-03 1.031E-06  7.86E-03
8.414E+01 8.988E-03 1.296E-06  8.65E-03
7.943E+01 1.034E-02 1.629E-06  8.96E-03
7.499E+01 1.187E-02 2.047E-06  8.80E-03
7.079E+01 1.358E-02 2.570E-06  8.20E-03
6.683E+01 1.550E-02 3.225E-06  7.11E-03
6.310E+01 1.760E-02 4.043E-06  5.47E-03
5.957E+01 1.988E-02 5.064E-06  3.30E-03
5.623E+01 2.232E-02 6.336E-06  6.46E-04
5.309E+01 2.485E-02 7.915E-06 -2.31E-03
5.012E+01 2.746E-02 9.871E-06 -5.48E-03
4.732E+01 3.001E-02 1.229E-05 -8.33E-03
4.467E+01 3.259E-02 1.527E-05 -1.07E-02
4.217E+01 3.513E-02 1.892E-05 -1.23E-02
3.981E+01 3.759E-02 2.341E-05 -1.37E-02
3.758E+01 3.981E-02 2.890E-05 -1.50E-02
3.548E+01 4.168E-02 3.564E-05 -1.62E-02
3.350E+01 4.309E-02 4.393E-05 -1.72E-02
3.162E+01 4.399E-02 5.417E-05 -1.80E-02
2.985E+01 4.439E-02 6.688E-05 -1.85E-02
2.818E+01 4.439E-02 8.276E-05 -1.88E-02
2.661E+01 4.407E-02 1.027E-04 -1.87E-02
2.512E+01 4.359E-02 1.278E-04 -1.84E-02
2.371E+01 4.324E-02 1.595E-04 -1.76E-02
2.239E+01 4.295E-02 1.996E-04 -1.72E-02
2.113E+01 4.289E-02 2.505E-04 -1.68E-02
1.995E+01 4.315E-02 3.150E-04 -1.59E-02
1.884E+01 4.400E-02 3.965E-04 -1.50E-02
1.778E+01 4.531E-02 5.000E-04 -1.44E-02
1.679E+01 4.718E-02 6.312E-04 -1.40E-02
1.585E+01 4.967E-02 7.974E-04 -1.35E-02
1.496E+01 5.281E-02 1.008E-03 -1.34E-02
1.413E+01 5.662E-02 1.275E-03 -1.32E-02
1.334E+01 6.123E-02 1.614E-03 -1.29E-02
1.259E+01 6.673E-02 2.042E-03 -1.26E-02
1.189E+01 7.326E-02 2.590E-03 -1.23E-02
1.122E+01 8.130E-02 3.262E-03 -1.27E-02
1.059E+01 8.976E-02 4.146E-03 -1.31E-02
1.000E+01 9.978E-02 5.256E-03 -1.38E-02
9.441E+00 1.111E-01 6.670E-03 -1.49E-02
8.913E+00 1.239E-01 8.468E-03 -1.61E-02
8.414E+00 1.383E-01 1.076E-02 -1.74E-02
7.943E+00 1.547E-01 1.367E-02 -1.88E-02
7.499E+00 1.734E-01 1.740E-02 -2.08E-02
7.079E+00 1.939E-01 2.216E-02 -2.34E-02
6.683E+00 2.167E-01 2.826E-02 -2.64E-02
6.310E+00 2.431E-01 3.609E-02 -3.06E-02
5.957E+00 2.691E-01 4.608E-02 -3.34E-02
5.623E+00 2.991E-01 5.893E-02 -3.71E-02
5.309E+00 3.318E-01 7.543E-02 -4.07E-02
5.012E+00 3.673E-01 9.658E-02 -4.42E-02
4.732E+00 4.053E-01 1.237E-01 -4.77E-02
4.467E+00 4.459E-01 1.585E-01 -5.05E-02
4.217E+00 4.894E-01 2.028E-01 -5.23E-02
3.981E+00 5.359E-01 2.588E-01 -5.27E-02
3.758E+00 5.854E-01 3.291E-01 -5.14E-02
3.548E+00 6.380E-01 4.161E-01 -4.81E-02
3.350E+00 6.938E-01 5.214E-01 -4.21E-02
3.162E+00 7.510E-01 6.455E-01 -3.34E-02
2.985E+00 8.084E-01 7.868E-01 -2.17E-02
2.818E+00 8.614E-01 9.404E-01 -6.53E-03
2.661E+00 9.062E-01 1.099E+00  1.25E-02
2.512E+00 9.388E-01 1.253E+00  3.60E-02
2.371E+00 9.568E-01 1.397E+00  6.50E-02
2.239E+00 9.612E-01 1.529E+00  1.01E-01
2.113E+00 9.568E-01 1.653E+00  1.47E-01
1.995E+00 9.505E-01 1.786E+00  2.06E-01
1.884E+00 9.517E-01 1.966E+00  2.77E-01
1.778E+00 9.667E-01 2.238E+00  3.44E-01
1.679E+00 9.800E-01 2.522E+00  3.74E-01
1.585E+00 9.668E-01 2.582E+00  3.65E-01
1.496E+00 9.486E-01 2.468E+00  3.61E-01
1.413E+00 9.494E-01 2.354E+00  3.78E-01
1.334E+00 9.755E-01 2.300E+00  4.10E-01
1.259E+00 1.046E+00 2.350E+00  4.49E-01
1.189E+00 1.159E+00 2.550E+00  5.01E-01
1.122E+00 1.127E+00 2.463E+00  5.20E-01
1.059E+00 1.075E+00 2.251E+00  4.97E-01
1.000E+00 1.076E+00 2.060E+00  4.78E-01
9.441E-01 1.174E+00 1.880E+00  4.85E-01
8.913E-01 1.216E+00 1.711E+00  5.39E-01
8.414E-01 1.206E+00 1.587E+00  5.56E-01
7.943E-01 1.232E+00 1.520E+00  5.63E-01
7.499E-01 1.235E+00 1.435E+00  5.92E-01
7.079E-01 1.224E+00 1.415E+00  6.39E-01
6.683E-01 1.255E+00 1.472E+00  6.76E-01
6.310E-01 1.223E+00 1.509E+00  6.94E-01
5.957E-01 1.223E+00 1.534E+00  7.15E-01
5.623E-01 1.210E+00 1.533E+00  7.23E-01
5.309E-01 1.197E+00 1.511E+00  7.26E-01
5.012E-01 1.184E+00 1.489E+00  7.30E-01
4.732E-01 1.167E+00 1.478E+00  7.35E-01
4.467E-01 1.149E+00 1.476E+00  7.39E-01
4.217E-01 1.132E+00 1.476E+00  7.44E-01
3.981E-01 1.116E+00 1.477E+00  7.48E-01
3.758E-01 1.099E+00 1.478E+00  7.51E-01
3.548E-01 1.081E+00 1.481E+00  7.53E-01
3.350E-01 1.058E+00 1.491E+00  7.53E-01
3.162E-01 1.033E+00 1.508E+00  7.50E-01
2.985E-01 1.006E+00 1.532E+00  7.46E-01
2.818E-01 9.741E-01 1.568E+00  7.39E-01
2.661E-01 9.456E-01 1.615E+00  7.33E-01
2.512E-01 9.300E-01 1.657E+00  7.33E-01
2.371E-01 9.241E-01 1.669E+00  7.37E-01
2.239E-01 9.224E-01 1.623E+00  7.50E-01
2.113E-01 9.197E-01 1.544E+00  7.70E-01
1.995E-01 9.353E-01 1.452E+00  8.01E-01
1.884E-01 9.681E-01 1.352E+00  8.41E-01
1.778E-01 1.015E+00 1.247E+00  8.83E-01
1.679E-01 1.062E+00 1.159E+00  9.15E-01
1.585E-01 1.098E+00 1.130E+00  9.28E-01
1.496E-01 1.113E+00 1.152E+00  9.27E-01
1.413E-01 1.102E+00 1.182E+00  9.18E-01
1.334E-01 1.073E+00 1.211E+00  9.04E-01
1.259E-01 1.035E+00 1.241E+00  8.85E-01
1.189E-01 9.922E-01 1.277E+00  8.62E-01
1.122E-01 9.365E-01 1.332E+00  8.29E-01
1.059E-01 8.827E-01 1.404E+00  7.99E-01
1.000E-01 8.543E-01 1.435E+00  7.89E-01
9.441E-02 8.232E-01 1.462E+00  7.82E-01
8.913E-02 8.198E-01 1.447E+00  7.92E-01
8.414E-02 7.919E-01 1.468E+00  7.84E-01
7.943E-02 7.597E-01 1.488E+00  7.77E-01
7.499E-02 7.261E-01 1.500E+00  7.73E-01
7.079E-02 6.944E-01 1.507E+00  7.72E-01
6.683E-02 6.832E-01 1.492E+00  7.81E-01
6.310E-02 7.088E-01 1.444E+00  8.04E-01
5.957E-02 7.188E-01 1.421E+00  8.16E-01
5.623E-02 7.110E-01 1.416E+00  8.22E-01
5.309E-02 7.175E-01 1.395E+00  8.38E-01
5.012E-02 7.309E-01 1.370E+00  8.55E-01
4.732E-02 7.418E-01 1.348E+00  8.71E-01
4.467E-02 7.563E-01 1.322E+00  8.89E-01
4.217E-02 7.762E-01 1.291E+00  9.09E-01
3.981E-02 8.138E-01 1.243E+00  9.30E-01
3.758E-02 8.479E-01 1.202E+00  9.45E-01
3.548E-02 8.481E-01 1.201E+00  9.46E-01
3.350E-02 8.470E-01 1.197E+00  9.49E-01
3.162E-02 8.491E-01 1.190E+00  9.54E-01
2.985E-02 8.522E-01 1.181E+00  9.59E-01
2.818E-02 8.560E-01 1.173E+00  9.63E-01
2.661E-02 8.601E-01 1.164E+00  9.67E-01
2.512E-02 8.643E-01 1.155E+00  9.71E-01
2.371E-02 8.686E-01 1.147E+00  9.75E-01
2.239E-02 8.728E-01 1.139E+00  9.78E-01
2.113E-02 8.768E-01 1.132E+00  9.81E-01
1.995E-02 8.804E-01 1.125E+00  9.84E-01
1.884E-02 8.834E-01 1.117E+00  9.86E-01
1.778E-02 8.856E-01 1.108E+00  9.88E-01
1.679E-02 8.867E-01 1.098E+00  9.90E-01
1.585E-02 8.862E-01 1.088E+00  9.91E-01
1.496E-02 8.837E-01 1.084E+00  9.92E-01
1.413E-02 8.786E-01 1.091E+00  9.94E-01
1.334E-02 8.706E-01 1.111E+00  9.95E-01
1.259E-02 8.589E-01 1.139E+00  9.96E-01
1.189E-02 8.434E-01 1.167E+00  9.96E-01
1.122E-02 8.228E-01 1.182E+00  9.97E-01
1.059E-02 7.979E-01 1.177E+00  9.97E-01
1.000E-02 7.690E-01 1.159E+00  9.98E-01
9.441E-03 7.359E-01 1.143E+00  9.98E-01
8.913E-03 6.990E-01 1.151E+00  9.99E-01
8.414E-03 6.594E-01 1.206E+00  9.99E-01
7.943E-03 6.177E-01 1.320E+00  9.99E-01
7.499E-03 5.743E-01 1.496E+00  9.99E-01
7.079E-03 5.312E-01 1.718E+00  1.00E+00
6.683E-03 4.880E-01 1.962E+00  1.00E+00
6.310E-03 4.455E-01 2.197E+00  1.00E+00
5.957E-03 4.051E-01 2.380E+00  1.00E+00
5.623E-03 3.654E-01 2.472E+00  1.00E+00
5.309E-03 3.283E-01 2.409E+00  1.00E+00
5.012E-03 2.940E-01 2.180E+00  1.00E+00
4.732E-03 2.625E-01 1.149E+00  1.00E+00
4.467E-03 2.342E-01 1.130E+00  1.00E+00
4.217E-03 9.696E-01 8.516E-01  1.00E+00
3.981E-03 9.598E-01 9.841E-01  1.00E+00
3.758E-03 9.504E-01 1.033E+00  1.00E+00
3.548E-03 9.386E-01 1.089E+00  1.00E+00
3.350E-03 9.237E-01 1.147E+00  1.00E+00
3.162E-03 9.053E-01 1.207E+00  1.00E+00
2.985E-03 8.832E-01 1.270E+00  1.00E+00
2.818E-03 8.552E-01 1.340E+00  1.00E+00
2.661E-03 8.218E-01 1.412E+00  1.00E+00
2.512E-03 7.837E-01 1.477E+00  1.00E+00
2.371E-03 7.415E-01 1.535E+00  1.00E+00
2.239E-03 6.956E-01 1.580E+00  1.00E+00
2.113E-03 6.461E-01 1.250E+00  1.00E+00
1.995E-03 5.954E-01 1.275E+00  1.00E+00
1.884E-03 5.440E-01 1.295E+00  1.00E+00
1.778E-03 4.925E-01 1.308E+00  1.00E+00
1.679E-03 4.426E-01 1.311E+00  1.00E+00
1.585E-03 3.949E-01 1.303E+00  1.00E+00
1.496E-03 3.501E-01 1.283E+00  1.00E+00
1.413E-03 3.084E-01 1.251E+00  1.00E+00
1.334E-03 2.702E-01 1.208E+00  1.00E+00
1.259E-03 2.358E-01 1.153E+00  1.00E+00
1.189E-03 2.052E-01 1.091E+00  1.00E+00
1.122E-03 1.768E-01 1.021E+00  1.00E+00
1.059E-03 1.521E-01 9.465E-01  1.00E+00
1.000E-03 1.308E-01 8.710E-01  1.00E+00
