1.000E+03 1.194E-05 1.655E-13  0.00E+00
9.441E+02 1.339E-05 2.083E-13  0.00E+00
8.913E+02 1.503E-05 2.622E-13  0.00E+00
8.414E+02 1.686E-05 3.301E-13  0.00E+00
7.943E+02 1.892E-05 4.156E-13  0.00E+00
7.499E+02 2.123E-05 5.232E-13  0.00E+00
7.079E+02 2.382E-05 6.587E-13  0.00E+00
6.683E+02 2.673E-05 8.293E-13  0.00E+00
6.310E+02 3.000E-05 1.044E-12  0.00E+00
5.957E+02 3.366E-05 1.314E-12  0.00E+00
5.623E+02 3.778E-05 1.655E-12  0.00E+00
5.309E+02 4.240E-05 2.083E-12  0.00E+00
5.012E+02 4.758E-05 2.623E-12  0.00E+00
4.732E+02 5.341E-05 3.302E-12 -5.74E-05
4.467E+02 5.995E-05 4.157E-12 -6.15E-05
4.217E+02 6.729E-05 5.233E-12 -6.55E-05
3.981E+02 7.555E-05 6.588E-12 -6.95E-05
3.758E+02 8.483E-05 8.294E-12 -7.34E-05
3.548E+02 9.526E-05 1.044E-11 -7.70E-05
3.350E+02 1.070E-04 1.315E-11 -8.03E-05
3.162E+02 1.202E-04 1.655E-11 -8.32E-05
2.985E+02 1.351E-04 2.084E-11 -8.55E-05
2.818E+02 1.518E-04 2.623E-11 -8.71E-05
2.661E+02 1.708E-04 3.303E-11 -8.79E-05
2.512E+02 1.921E-04 4.158E-11 -8.77E-05
2.371E+02 2.163E-04 5.235E-11 -8.63E-05
2.239E+02 2.437E-04 6.591E-11 -8.35E-05
2.113E+02 2.749E-04 8.298E-11 -7.90E-05
1.995E+02 3.105E-04 1.045E-10 -7.27E-05
1.884E+02 3.514E-04 1.315E-10 -6.40E-05
1.778E+02 3.985E-04 1.655E-10 -5.27E-05
1.679E+02 4.529E-04 2.083E-10 -3.83E-05
1.585E+02 5.151E-04 2.620E-10 -2.02E-05
1.496E+02 5.837E-04 3.292E-10  2.45E-06
1.413E+02 6.545E-04 4.134E-10  3.05E-05
1.334E+02 7.251E-04 5.192E-10  6.49E-05
1.259E+02 8.001E-04 6.527E-10  1.06E-04
1.189E+02 8.861E-04 8.212E-10  1.55E-04
1.122E+02 9.869E-04 1.033E-09  2.09E-04
1.059E+02 1.105E-03 1.300E-09  2.66E-04
1.000E+02 1.240E-03 1.636E-09  3.20E-04
9.441E+01 1.395E-03 2.058E-09  3.67E-04
8.913E+01 1.570E-03 2.587E-09  4.15E-04
8.414E+01 1.768E-03 3.252E-09  4.58E-04
7.943E+01 1.991E-03 4.086E-09  4.83E-04
7.499E+01 2.243E-03 5.132E-09  4.90E-04
7.079E+01 2.526E-03 6.441E-09  4.80E-04
6.683E+01 2.841E-03 8.079E-09  4.51E-04
6.310E+01 3.193E-03 1.012E-08  3.98E-04
5.957E+01 3.580E-03 1.268E-08  3.20E-04
5.623E+01 4.004E-03 1.585E-08  2.16E-04
5.309E+01 4.463E-03 1.979E-08  8.98E-05
5.012E+01 4.951E-03 2.467E-08 -5.65E-05
4.732E+01 5.460E-03 3.071E-08 -2.03E-04
4.467E+01 5.978E-03 3.813E-08 -3.29E-04
4.217E+01 6.487E-03 4.725E-08 -4.19E-04
3.981E+01 6.964E-03 5.843E-08 -4.93E-04
3.758E+01 7.384E-03 7.213E-08 -5.63E-04
3.548E+01 7.720E-03 8.892E-08 -6.27E-04
3.350E+01 7.950E-03 1.096E-07 -6.81E-04
3.162E+01 8.058E-03 1.350E-07 -7.21E-04
2.985E+01 8.045E-03 1.666E-07 -7.43E-04
2.818E+01 7.927E-03 2.061E-07 -7.51E-04
2.661E+01 7.721E-03 2.555E-07 -7.42E-04
2.512E+01 7.455E-03 3.177E-07 -7.10E-04
2.371E+01 7.152E-03 3.960E-07 -6.43E-04
2.239E+01 6.832E-03 4.951E-07 -5.99E-04
2.113E+01 6.535E-03 6.204E-07 -5.46E-04
1.995E+01 6.270E-03 7.788E-07 -4.71E-04
1.884E+01 6.045E-03 9.787E-07 -3.75E-04
1.778E+01 5.865E-03 1.231E-06 -2.95E-04
1.679E+01 5.745E-03 1.551E-06 -2.12E-04
1.585E+01 5.686E-03 1.954E-06 -1.24E-04
1.496E+01 5.690E-03 2.463E-06 -3.95E-05
1.413E+01 5.767E-03 3.105E-06  5.18E-05
1.334E+01 5.918E-03 3.914E-06  1.56E-04
1.259E+01 6.137E-03 4.934E-06  2.81E-04
1.189E+01 6.393E-03 6.227E-06  4.24E-04
1.122E+01 6.838E-03 7.801E-06  5.59E-04
1.059E+01 7.206E-03 9.856E-06  7.05E-04
1.000E+01 7.721E-03 1.241E-05  8.61E-04
9.441E+00 8.315E-03 1.564E-05  1.02E-03
8.913E+00 9.014E-03 1.969E-05  1.20E-03
8.414E+00 9.814E-03 2.478E-05  1.40E-03
7.943E+00 1.072E-02 3.118E-05  1.64E-03
7.499E+00 1.170E-02 3.923E-05  1.90E-03
7.079E+00 1.282E-02 4.936E-05  2.17E-03
6.683E+00 1.408E-02 6.210E-05  2.47E-03
6.310E+00 1.531E-02 7.808E-05  2.87E-03
5.957E+00 1.704E-02 9.823E-05  3.12E-03
5.623E+00 1.878E-02 1.235E-04  3.51E-03
5.309E+00 2.071E-02 1.553E-04  3.93E-03
5.012E+00 2.284E-02 1.952E-04  4.41E-03
4.732E+00 2.516E-02 2.454E-04  4.93E-03
4.467E+00 2.774E-02 3.084E-04  5.50E-03
4.217E+00 3.060E-02 3.877E-04  6.13E-03
3.981E+00 3.377E-02 4.873E-04  6.81E-03
3.758E+00 3.729E-02 6.126E-04  7.54E-03
3.548E+00 4.121E-02 7.704E-04  8.32E-03
3.350E+00 4.560E-02 9.687E-04  9.18E-03
3.162E+00 5.038E-02 1.218E-03  1.01E-02
2.985E+00 5.586E-02 1.532E-03  1.12E-02
2.818E+00 6.190E-02 1.928E-03  1.23E-02
2.661E+00 6.861E-02 2.426E-03  1.35E-02
2.512E+00 7.604E-02 3.052E-03  1.49E-02
2.371E+00 8.436E-02 3.842E-03  1.64E-02
2.239E+00 9.373E-02 4.840E-03  1.79E-02
2.113E+00 1.043E-01 6.101E-03  1.96E-02
1.995E+00 1.161E-01 7.692E-03  2.15E-02
1.884E+00 1.294E-01 9.705E-03  2.34E-02
1.778E+00 1.445E-01 1.226E-02  2.55E-02
1.679E+00 1.616E-01 1.548E-02  2.78E-02
1.585E+00 1.808E-01 1.957E-02  3.03E-02
1.496E+00 2.027E-01 2.477E-02  3.29E-02
1.413E+00 2.278E-01 3.140E-02  3.55E-02
1.334E+00 2.564E-01 3.981E-02  3.83E-02
1.259E+00 2.888E-01 5.049E-02  4.14E-02
1.189E+00 3.258E-01 6.414E-02  4.45E-02
1.122E+00 3.679E-01 8.152E-02  4.79E-02
1.059E+00 4.160E-01 1.036E-01  5.15E-02
1.000E+00 4.704E-01 1.316E-01  5.55E-02
9.441E-01 5.314E-01 1.671E-01  6.00E-02
8.913E-01 5.996E-01 2.116E-01  6.51E-02
8.414E-01 6.749E-01 2.673E-01  7.12E-02
7.943E-01 7.572E-01 3.362E-01  7.82E-02
7.499E-01 8.458E-01 4.205E-01  8.65E-02
7.079E-01 9.394E-01 5.219E-01  9.64E-02
6.683E-01 1.036E+00 6.414E-01  1.08E-01
6.310E-01 1.134E+00 7.790E-01  1.23E-01
5.957E-01 1.231E+00 9.316E-01  1.40E-01
5.623E-01 1.326E+00 1.094E+00  1.61E-01
5.309E-01 1.421E+00 1.258E+00  1.87E-01
5.012E-01 1.516E+00 1.415E+00  2.16E-01
4.732E-01 1.599E+00 1.544E+00  2.43E-01
4.467E-01 1.642E+00 1.621E+00  2.63E-01
4.217E-01 1.632E+00 1.633E+00  2.80E-01
3.981E-01 1.597E+00 1.609E+00  3.03E-01
3.758E-01 1.561E+00 1.576E+00  3.34E-01
3.548E-01 1.535E+00 1.548E+00  3.71E-01
3.350E-01 1.519E+00 1.530E+00  4.11E-01
3.162E-01 1.505E+00 1.531E+00  4.50E-01
2.985E-01 1.487E+00 1.562E+00  4.84E-01
2.818E-01 1.448E+00 1.623E+00  5.06E-01
2.661E-01 1.398E+00 1.705E+00  5.18E-01
2.512E-01 1.361E+00 1.769E+00  5.29E-01
2.371E-01 1.380E+00 1.780E+00  5.53E-01
2.239E-01 1.436E+00 1.723E+00  5.98E-01
2.113E-01 1.407E+00 1.600E+00  6.38E-01
1.995E-01 1.332E+00 1.494E+00  6.76E-01
1.884E-01 1.279E+00 1.368E+00  7.11E-01
1.778E-01 1.276E+00 1.184E+00  7.44E-01
1.679E-01 1.285E+00 1.050E+00  7.71E-01
1.585E-01 1.282E+00 1.019E+00  7.74E-01
1.496E-01 1.311E+00 1.034E+00  7.75E-01
1.413E-01 1.364E+00 1.295E+00  8.13E-01
1.334E-01 1.402E+00 1.488E+00  8.15E-01
1.259E-01 1.422E+00 1.356E+00  7.99E-01
1.189E-01 1.375E+00 1.276E+00  7.90E-01
1.122E-01 1.281E+00 1.376E+00  7.72E-01
1.059E-01 1.208E+00 1.479E+00  7.48E-01
1.000E-01 1.178E+00 1.518E+00  7.45E-01
9.441E-02 1.150E+00 1.552E+00  7.46E-01
8.913E-02 1.135E+00 1.519E+00  7.58E-01
8.414E-02 1.097E+00 1.549E+00  7.55E-01
7.943E-02 1.060E+00 1.576E+00  7.53E-01
7.499E-02 1.003E+00 1.583E+00  7.52E-01
7.079E-02 9.301E-01 1.577E+00  7.52E-01
6.683E-02 8.681E-01 1.535E+00  7.61E-01
6.310E-02 8.596E-01 1.458E+00  7.83E-01
5.957E-02 8.494E-01 1.423E+00  7.95E-01
5.623E-02 8.158E-01 1.413E+00  8.03E-01
5.309E-02 7.959E-01 1.382E+00  8.20E-01
5.012E-02 7.888E-01 1.348E+00  8.38E-01
4.732E-02 7.796E-01 1.320E+00  8.56E-01
4.467E-02 7.743E-01 1.289E+00  8.75E-01
4.217E-02 7.728E-01 1.251E+00  8.96E-01
3.981E-02 8.011E-01 1.202E+00  9.18E-01
3.758E-02 8.374E-01 1.152E+00  9.33E-01
3.548E-02 8.384E-01 1.153E+00  9.35E-01
3.350E-02 8.251E-01 1.159E+00  9.40E-01
3.162E-02 8.150E-01 1.164E+00  9.46E-01
2.985E-02 8.055E-01 1.173E+00  9.52E-01
2.818E-02 7.961E-01 1.189E+00  9.58E-01
2.661E-02 7.861E-01 1.214E+00  9.64E-01
2.512E-02 7.747E-01 1.247E+00  9.69E-01
2.371E-02 7.616E-01 1.290E+00  9.74E-01
2.239E-02 7.462E-01 1.340E+00  9.78E-01
2.113E-02 7.283E-01 1.395E+00  9.82E-01
1.995E-02 7.075E-01 1.450E+00  9.85E-01
1.884E-02 6.833E-01 1.503E+00  9.87E-01
1.778E-02 6.565E-01 1.548E+00  9.89E-01
1.679E-02 6.269E-01 1.582E+00  9.91E-01
1.585E-02 5.951E-01 1.602E+00  9.93E-01
1.496E-02 5.612E-01 1.606E+00  9.94E-01
1.413E-02 5.261E-01 1.595E+00  9.95E-01
1.334E-02 4.903E-01 1.566E+00  9.95E-01
1.259E-02 4.544E-01 1.523E+00  9.96E-01
1.189E-02 4.192E-01 1.467E+00  9.97E-01
1.122E-02 3.836E-01 1.398E+00  9.97E-01
1.059E-02 3.495E-01 1.320E+00  9.97E-01
1.000E-02 3.173E-01 1.235E+00  9.98E-01
9.441E-03 2.868E-01 1.146E+00  9.98E-01
8.913E-03 2.580E-01 1.054E+00  9.98E-01
8.414E-03 2.313E-01 9.611E-01  9.99E-01
7.943E-03 2.067E-01 8.683E-01  9.99E-01
7.499E-03 1.839E-01 7.766E-01  9.99E-01
7.079E-03 1.635E-01 6.881E-01  9.99E-01
6.683E-03 1.449E-01 6.020E-01  9.99E-01
6.310E-03 1.280E-01 5.182E-01  9.99E-01
5.957E-03 1.131E-01 4.378E-01  9.99E-01
5.623E-03 9.926E-02 3.561E-01  9.99E-01
5.309E-03 8.710E-02 2.751E-01  9.99E-01
5.012E-03 7.639E-02 2.049E-01  9.99E-01
4.732E-03 6.695E-02 7.902E-02  1.00E+00
4.467E-03 5.872E-02 7.569E-02  1.00E+00
4.217E-03 6.777E-01 2.363E-01  1.00E+00
3.981E-03 6.396E-01 3.051E-01  1.00E+00
3.758E-03 6.006E-01 3.122E-01  1.00E+00
3.548E-03 5.600E-01 3.194E-01  1.00E+00
3.350E-03 5.183E-01 3.194E-01  1.00E+00
3.162E-03 4.766E-01 3.133E-01  1.00E+00
2.985E-03 4.360E-01 3.036E-01  1.00E+00
2.818E-03 3.947E-01 2.914E-01  1.00E+00
2.661E-03 3.546E-01 2.762E-01  1.00E+00
2.512E-03 3.169E-01 2.586E-01  1.00E+00
2.371E-03 2.819E-01 2.402E-01  1.00E+00
2.239E-03 2.496E-01 2.219E-01  1.00E+00
2.113E-03 2.195E-01 2.037E-01  1.00E+00
1.995E-03 1.924E-01 1.860E-01  1.00E+00
1.884E-03 1.680E-01 1.692E-01  1.00E+00
1.778E-03 1.459E-01 1.531E-01  1.00E+00
1.679E-03 1.264E-01 1.380E-01  1.00E+00
1.585E-03 1.091E-01 1.240E-01  1.00E+00
1.496E-03 9.398E-02 1.112E-01  1.00E+00
1.413E-03 8.071E-02 9.955E-02  1.00E+00
1.334E-03 6.916E-02 8.896E-02  1.00E+00
1.259E-03 5.921E-02 7.934E-02  1.00E+00
1.189E-03 5.068E-02 7.080E-02  1.00E+00
1.122E-03 4.304E-02 6.294E-02  1.00E+00
1.059E-03 3.657E-02 5.592E-02  1.00E+00
1.000E-03 3.111E-02 4.969E-02  1.00E+00
