1.000E+03 1.029E-03 6.676E-08 -9.17E-02
9.441E+02 1.069E-03 8.405E-08 -9.18E-02
8.913E+02 1.114E-03 1.058E-07 -9.19E-02
8.414E+02 1.163E-03 1.332E-07 -9.19E-02
7.943E+02 1.218E-03 1.677E-07 -9.20E-02
7.499E+02 1.280E-03 2.111E-07 -9.19E-02
7.079E+02 1.349E-03 2.658E-07 -9.19E-02
6.683E+02 1.426E-03 3.346E-07 -9.18E-02
6.310E+02 1.513E-03 4.213E-07 -9.17E-02
5.957E+02 1.610E-03 5.304E-07 -9.15E-02
5.623E+02 1.719E-03 6.677E-07 -9.12E-02
5.309E+02 1.841E-03 8.406E-07 -9.10E-02
5.012E+02 1.977E-03 1.058E-06 -9.06E-02
4.732E+02 2.131E-03 1.332E-06 -9.03E-02
4.467E+02 2.304E-03 1.677E-06 -8.98E-02
4.217E+02 2.498E-03 2.111E-06 -8.93E-02
3.981E+02 2.717E-03 2.658E-06 -8.87E-02
3.758E+02 2.963E-03 3.346E-06 -8.80E-02
3.548E+02 3.239E-03 4.213E-06 -8.72E-02
3.350E+02 3.551E-03 5.303E-06 -8.62E-02
3.162E+02 3.902E-03 6.676E-06 -8.51E-02
2.985E+02 4.299E-03 8.405E-06 -8.39E-02
2.818E+02 4.747E-03 1.058E-05 -8.24E-02
2.661E+02 5.255E-03 1.332E-05 -8.07E-02
2.512E+02 5.830E-03 1.677E-05 -7.87E-02
2.371E+02 6.485E-03 2.111E-05 -7.64E-02
2.239E+02 7.232E-03 2.658E-05 -7.37E-02
2.113E+02 8.090E-03 3.347E-05 -7.04E-02
1.995E+02 9.082E-03 4.214E-05 -6.65E-02
1.884E+02 1.024E-02 5.307E-05 -6.17E-02
1.778E+02 1.163E-02 6.685E-05 -5.58E-02
1.679E+02 1.335E-02 8.427E-05 -4.84E-02
1.585E+02 1.565E-02 1.064E-04 -3.90E-02
1.496E+02 1.929E-02 1.346E-04 -2.66E-02
1.413E+02 2.709E-02 1.692E-04 -9.81E-03
1.334E+02 3.241E-02 2.071E-04  1.31E-02
1.259E+02 4.144E-02 2.627E-04  4.38E-02
1.189E+02 6.455E-02 3.378E-04  7.91E-02
1.122E+02 1.127E-01 4.458E-04  9.06E-02
1.059E+02 1.731E-01 5.984E-04  1.40E-02
1.000E+02 1.867E-01 7.691E-04 -9.72E-02
9.441E+01 1.725E-01 9.567E-04 -1.55E-01
8.913E+01 1.596E-01 1.187E-03 -1.79E-01
8.414E+01 1.523E-01 1.475E-03 -1.88E-01
7.943E+01 1.513E-01 1.841E-03 -1.91E-01
7.499E+01 1.543E-01 2.307E-03 -1.93E-01
7.079E+01 1.595E-01 2.894E-03 -1.96E-01
6.683E+01 1.662E-01 3.634E-03 -1.98E-01
6.310E+01 1.741E-01 4.561E-03 -2.00E-01
5.957E+01 1.832E-01 5.722E-03 -2.02E-01
5.623E+01 1.936E-01 7.174E-03 -2.03E-01
5.309E+01 2.053E-01 8.984E-03 -2.04E-01
5.012E+01 2.181E-01 1.124E-02 -2.04E-01
4.732E+01 2.326E-01 1.403E-02 -2.04E-01
4.467E+01 2.482E-01 1.750E-02 -2.04E-01
4.217E+01 2.651E-01 2.180E-02 -2.05E-01
3.981E+01 2.818E-01 2.713E-02 -2.06E-01
3.758E+01 2.972E-01 3.372E-02 -2.07E-01
3.548E+01 3.109E-01 4.191E-02 -2.08E-01
3.350E+01 3.223E-01 5.212E-02 -2.09E-01
3.162E+01 3.317E-01 6.492E-02 -2.10E-01
2.985E+01 3.392E-01 8.105E-02 -2.09E-01
2.818E+01 3.456E-01 1.015E-01 -2.08E-01
2.661E+01 3.518E-01 1.276E-01 -2.06E-01
2.512E+01 3.591E-01 1.608E-01 -2.02E-01
2.371E+01 3.691E-01 2.030E-01 -1.97E-01
2.239E+01 3.794E-01 2.566E-01 -1.91E-01
2.113E+01 3.932E-01 3.241E-01 -1.83E-01
1.995E+01 4.115E-01 4.082E-01 -1.74E-01
1.884E+01 4.339E-01 5.109E-01 -1.64E-01
1.778E+01 4.579E-01 6.342E-01 -1.51E-01
1.679E+01 4.843E-01 7.775E-01 -1.37E-01
1.585E+01 5.117E-01 9.380E-01 -1.21E-01
1.496E+01 5.376E-01 1.110E+00 -1.02E-01
1.413E+01 5.610E-01 1.283E+00 -7.91E-02
1.334E+01 5.799E-01 1.446E+00 -5.23E-02
1.259E+01 5.934E-01 1.592E+00 -1.96E-02
1.189E+01 6.017E-01 1.722E+00  2.17E-02
1.122E+01 6.045E-01 1.803E+00  6.34E-02
1.059E+01 6.117E-01 1.925E+00  1.29E-01
1.000E+01 6.255E-01 2.060E+00  2.03E-01
9.441E+00 6.444E-01 2.264E+00  2.78E-01
8.913E+00 6.483E-01 2.485E+00  3.24E-01
8.414E+00 6.249E-01 2.569E+00  3.36E-01
7.943E+00 6.026E-01 2.522E+00  3.44E-01
7.499E+00 6.002E-01 2.469E+00  3.65E-01
7.079E+00 6.213E-01 2.484E+00  3.96E-01
6.683E+00 6.775E-01 2.657E+00  4.36E-01
6.310E+00 7.227E-01 2.945E+00  4.82E-01
5.957E+00 6.693E-01 2.770E+00  4.79E-01
5.623E+00 6.354E-01 2.534E+00  4.46E-01
5.309E+00 6.390E-01 2.348E+00  4.18E-01
5.012E+00 7.369E-01 2.363E+00  4.12E-01
4.732E+00 6.944E-01 2.137E+00  4.67E-01
4.467E+00 6.847E-01 1.994E+00  4.45E-01
4.217E+00 6.913E-01 1.849E+00  4.14E-01
3.981E+00 7.395E-01 1.777E+00  4.45E-01
3.758E+00 6.852E-01 1.631E+00  4.67E-01
3.548E+00 7.309E-01 1.740E+00  5.09E-01
3.350E+00 6.983E-01 1.755E+00  5.62E-01
3.162E+00 7.232E-01 1.848E+00  5.74E-01
2.985E+00 7.797E-01 2.017E+00  6.49E-01
2.818E+00 6.894E-01 1.978E+00  6.42E-01
2.661E+00 7.618E-01 2.090E+00  6.65E-01
2.512E+00 7.093E-01 1.916E+00  6.56E-01
2.371E+00 7.563E-01 1.896E+00  6.33E-01
2.239E+00 7.462E-01 1.657E+00  6.18E-01
2.113E+00 7.502E-01 1.676E+00  6.12E-01
1.995E+00 7.916E-01 1.618E+00  6.32E-01
1.884E+00 7.839E-01 1.707E+00  6.56E-01
1.778E+00 7.943E-01 1.764E+00  7.04E-01
1.679E+00 8.147E-01 1.744E+00  7.08E-01
1.585E+00 8.329E-01 1.633E+00  7.02E-01
1.496E+00 8.485E-01 1.536E+00  6.98E-01
1.413E+00 8.454E-01 1.537E+00  7.04E-01
1.334E+00 8.511E-01 1.583E+00  7.23E-01
1.259E+00 8.635E-01 1.571E+00  7.36E-01
1.189E+00 8.728E-01 1.505E+00  7.37E-01
1.122E+00 8.772E-01 1.481E+00  7.43E-01
1.059E+00 8.804E-01 1.501E+00  7.54E-01
1.000E+00 8.845E-01 1.482E+00  7.58E-01
9.441E-01 8.857E-01 1.454E+00  7.59E-01
8.913E-01 8.849E-01 1.456E+00  7.66E-01
8.414E-01 8.828E-01 1.446E+00  7.69E-01
7.943E-01 8.802E-01 1.435E+00  7.72E-01
7.499E-01 8.771E-01 1.431E+00  7.76E-01
7.079E-01 8.736E-01 1.423E+00  7.78E-01
6.683E-01 8.698E-01 1.418E+00  7.81E-01
6.310E-01 8.656E-01 1.412E+00  7.83E-01
5.957E-01 8.612E-01 1.407E+00  7.85E-01
5.623E-01 8.564E-01 1.403E+00  7.87E-01
5.309E-01 8.510E-01 1.400E+00  7.88E-01
5.012E-01 8.452E-01 1.397E+00  7.88E-01
4.732E-01 8.391E-01 1.396E+00  7.88E-01
4.467E-01 8.329E-01 1.395E+00  7.88E-01
4.217E-01 8.268E-01 1.395E+00  7.88E-01
3.981E-01 8.207E-01 1.394E+00  7.88E-01
3.758E-01 8.144E-01 1.395E+00  7.87E-01
3.548E-01 8.061E-01 1.397E+00  7.86E-01
3.350E-01 7.946E-01 1.404E+00  7.81E-01
3.162E-01 7.790E-01 1.417E+00  7.75E-01
2.985E-01 7.610E-01 1.433E+00  7.67E-01
2.818E-01 7.368E-01 1.459E+00  7.57E-01
2.661E-01 7.100E-01 1.489E+00  7.47E-01
2.512E-01 6.860E-01 1.510E+00  7.41E-01
2.371E-01 6.692E-01 1.512E+00  7.42E-01
2.239E-01 6.754E-01 1.485E+00  7.54E-01
2.113E-01 7.019E-01 1.440E+00  7.77E-01
1.995E-01 7.457E-01 1.381E+00  8.10E-01
1.884E-01 8.011E-01 1.312E+00  8.52E-01
1.778E-01 8.631E-01 1.238E+00  8.97E-01
1.679E-01 9.155E-01 1.177E+00  9.29E-01
1.585E-01 9.441E-01 1.147E+00  9.41E-01
1.496E-01 9.477E-01 1.146E+00  9.39E-01
1.413E-01 9.343E-01 1.161E+00  9.28E-01
1.334E-01 9.129E-01 1.181E+00  9.13E-01
1.259E-01 8.854E-01 1.206E+00  8.93E-01
1.189E-01 8.526E-01 1.237E+00  8.68E-01
1.122E-01 8.052E-01 1.285E+00  8.33E-01
1.059E-01 7.513E-01 1.342E+00  8.00E-01
1.000E-01 7.246E-01 1.367E+00  7.88E-01
9.441E-02 6.990E-01 1.389E+00  7.80E-01
8.913E-02 7.050E-01 1.377E+00  7.90E-01
8.414E-02 6.832E-01 1.396E+00  7.81E-01
7.943E-02 6.610E-01 1.414E+00  7.73E-01
7.499E-02 6.422E-01 1.427E+00  7.69E-01
7.079E-02 6.261E-01 1.438E+00  7.67E-01
6.683E-02 6.292E-01 1.429E+00  7.77E-01
6.310E-02 6.627E-01 1.391E+00  8.02E-01
5.957E-02 6.777E-01 1.373E+00  8.14E-01
5.623E-02 6.772E-01 1.370E+00  8.20E-01
5.309E-02 6.907E-01 1.353E+00  8.36E-01
5.012E-02 7.095E-01 1.331E+00  8.54E-01
4.732E-02 7.256E-01 1.312E+00  8.71E-01
4.467E-02 7.452E-01 1.290E+00  8.89E-01
4.217E-02 7.702E-01 1.262E+00  9.09E-01
3.981E-02 8.093E-01 1.220E+00  9.31E-01
3.758E-02 8.419E-01 1.186E+00  9.46E-01
3.548E-02 8.426E-01 1.184E+00  9.47E-01
3.350E-02 8.449E-01 1.180E+00  9.50E-01
3.162E-02 8.500E-01 1.173E+00  9.55E-01
2.985E-02 8.559E-01 1.166E+00  9.60E-01
2.818E-02 8.625E-01 1.158E+00  9.64E-01
2.661E-02 8.692E-01 1.150E+00  9.68E-01
2.512E-02 8.760E-01 1.141E+00  9.72E-01
2.371E-02 8.828E-01 1.133E+00  9.76E-01
2.239E-02 8.895E-01 1.125E+00  9.79E-01
2.113E-02 8.961E-01 1.118E+00  9.82E-01
1.995E-02 9.026E-01 1.110E+00  9.85E-01
1.884E-02 9.088E-01 1.103E+00  9.87E-01
1.778E-02 9.148E-01 1.096E+00  9.89E-01
1.679E-02 9.205E-01 1.089E+00  9.91E-01
1.585E-02 9.259E-01 1.082E+00  9.92E-01
1.496E-02 9.309E-01 1.076E+00  9.93E-01
1.413E-02 9.357E-01 1.071E+00  9.94E-01
1.334E-02 9.401E-01 1.065E+00  9.95E-01
1.259E-02 9.442E-01 1.061E+00  9.96E-01
1.189E-02 9.517E-01 1.048E+00  9.97E-01
1.122E-02 9.543E-01 1.046E+00  9.97E-01
1.059E-02 9.555E-01 1.045E+00  9.97E-01
1.000E-02 9.558E-01 1.044E+00  9.97E-01
9.441E-03 9.555E-01 1.045E+00  9.97E-01
8.913E-03 9.549E-01 1.045E+00  9.97E-01
8.414E-03 9.548E-01 1.045E+00  9.98E-01
7.943E-03 9.539E-01 1.046E+00  9.98E-01
7.499E-03 9.500E-01 1.050E+00  9.99E-01
7.079E-03 9.431E-01 1.057E+00  9.99E-01
6.683E-03 9.328E-01 1.067E+00  9.99E-01
6.310E-03 9.187E-01 1.081E+00  9.99E-01
5.957E-03 9.009E-01 1.099E+00  9.99E-01
5.623E-03 8.780E-01 1.122E+00  9.99E-01
5.309E-03 8.505E-01 1.149E+00  9.99E-01
5.012E-03 8.186E-01 1.181E+00  9.99E-01
4.732E-03 7.838E-01 1.215E+00  1.00E+00
4.467E-03 7.467E-01 1.252E+00  1.00E+00
4.217E-03 9.979E-01 1.002E+00  1.00E+00
3.981E-03 9.963E-01 1.004E+00  1.00E+00
3.758E-03 9.956E-01 1.004E+00  1.00E+00
3.548E-03 9.948E-01 1.005E+00  1.00E+00
3.350E-03 9.939E-01 1.006E+00  1.00E+00
3.162E-03 9.931E-01 1.007E+00  1.00E+00
2.985E-03 9.921E-01 1.008E+00  1.00E+00
2.818E-03 9.909E-01 1.009E+00  1.00E+00
2.661E-03 9.895E-01 1.010E+00  1.00E+00
2.512E-03 9.875E-01 1.012E+00  1.00E+00
2.371E-03 9.848E-01 1.015E+00  1.00E+00
2.239E-03 9.810E-01 1.019E+00  1.00E+00
2.113E-03 9.756E-01 1.024E+00  1.00E+00
1.995E-03 9.681E-01 1.032E+00  1.00E+00
1.884E-03 9.579E-01 1.042E+00  1.00E+00
1.778E-03 9.441E-01 1.056E+00  1.00E+00
1.679E-03 9.257E-01 1.074E+00  1.00E+00
1.585E-03 9.020E-01 1.097E+00  1.00E+00
1.496E-03 8.725E-01 1.127E+00  1.00E+00
1.413E-03 8.366E-01 1.163E+00  1.00E+00
1.334E-03 7.947E-01 1.204E+00  1.00E+00
1.259E-03 7.478E-01 1.251E+00  1.00E+00
1.189E-03 6.972E-01 1.301E+00  1.00E+00
1.122E-03 6.415E-01 1.356E+00  1.00E+00
1.059E-03 5.851E-01 1.412E+00  1.00E+00
1.000E-03 5.294E-01 1.467E+00  1.00E+00
