1.000E+03 5.472E-06 6.587E-15  0.00E+00
9.441E+02 6.140E-06 8.292E-15  0.00E+00
8.913E+02 6.891E-06 1.044E-14  0.00E+00
8.414E+02 7.733E-06 1.314E-14  0.00E+00
7.943E+02 8.679E-06 1.654E-14  0.00E+00
7.499E+02 9.740E-06 2.083E-14  0.00E+00
7.079E+02 1.093E-05 2.622E-14  0.00E+00
6.683E+02 1.227E-05 3.301E-14  0.00E+00
6.310E+02 1.377E-05 4.156E-14  0.00E+00
5.957E+02 1.546E-05 5.232E-14  0.00E+00
5.623E+02 1.735E-05 6.586E-14  0.00E+00
5.309E+02 1.948E-05 8.291E-14  0.00E+00
5.012E+02 2.187E-05 1.044E-13  0.00E+00
4.732E+02 2.456E-05 1.314E-13  0.00E+00
4.467E+02 2.758E-05 1.654E-13  0.00E+00
4.217E+02 3.097E-05 2.083E-13  0.00E+00
3.981E+02 3.478E-05 2.622E-13  0.00E+00
3.758E+02 3.906E-05 3.300E-13  0.00E+00
3.548E+02 4.388E-05 4.155E-13  0.00E+00
3.350E+02 4.930E-05 5.230E-13  0.00E+00
3.162E+02 5.540E-05 6.584E-13  0.00E+00
2.985E+02 6.226E-05 8.288E-13  0.00E+00
2.818E+02 6.999E-05 1.043E-12  0.00E+00
2.661E+02 7.869E-05 1.313E-12  0.00E+00
2.512E+02 8.848E-05 1.653E-12  0.00E+00
2.371E+02 9.951E-05 2.080E-12  0.00E+00
2.239E+02 1.119E-04 2.618E-12  0.00E+00
2.113E+02 1.259E-04 3.295E-12  3.15E-06
1.995E+02 1.416E-04 4.147E-12  4.42E-06
1.884E+02 1.591E-04 5.217E-12  6.03E-06
1.778E+02 1.787E-04 6.564E-12  8.07E-06
1.679E+02 2.005E-04 8.257E-12  1.06E-05
1.585E+02 2.246E-04 1.039E-11  1.38E-05
1.496E+02 2.512E-04 1.306E-11  1.78E-05
1.413E+02 2.805E-04 1.643E-11  2.29E-05
1.334E+02 3.130E-04 2.067E-11  2.91E-05
1.259E+02 3.496E-04 2.600E-11  3.67E-05
1.189E+02 3.909E-04 3.271E-11  4.56E-05
1.122E+02 4.379E-04 4.116E-11  5.57E-05
1.059E+02 4.915E-04 5.178E-11  6.63E-05
1.000E+02 5.524E-04 6.513E-11  7.63E-05
9.441E+01 6.214E-04 8.190E-11  8.49E-05
8.913E+01 6.991E-04 1.030E-10  9.37E-05
8.414E+01 7.866E-04 1.294E-10  1.02E-04
7.943E+01 8.853E-04 1.625E-10  1.06E-04
7.499E+01 9.963E-04 2.041E-10  1.07E-04
7.079E+01 1.121E-03 2.561E-10  1.04E-04
6.683E+01 1.259E-03 3.212E-10  9.80E-05
6.310E+01 1.413E-03 4.025E-10  8.72E-05
5.957E+01 1.583E-03 5.038E-10  7.14E-05
5.623E+01 1.768E-03 6.299E-10  5.03E-05
5.309E+01 1.969E-03 7.864E-10  2.49E-05
5.012E+01 2.182E-03 9.803E-10 -4.61E-06
4.732E+01 2.405E-03 1.220E-09 -3.43E-05
4.467E+01 2.631E-03 1.515E-09 -5.98E-05
4.217E+01 2.853E-03 1.877E-09 -7.82E-05
3.981E+01 3.061E-03 2.321E-09 -9.33E-05
3.758E+01 3.243E-03 2.866E-09 -1.08E-04
3.548E+01 3.388E-03 3.534E-09 -1.20E-04
3.350E+01 3.487E-03 4.355E-09 -1.32E-04
3.162E+01 3.532E-03 5.369E-09 -1.40E-04
2.985E+01 3.525E-03 6.628E-09 -1.44E-04
2.818E+01 3.472E-03 8.198E-09 -1.46E-04
2.661E+01 3.380E-03 1.017E-08 -1.44E-04
2.512E+01 3.261E-03 1.264E-08 -1.38E-04
2.371E+01 3.124E-03 1.576E-08 -1.24E-04
2.239E+01 2.980E-03 1.970E-08 -1.15E-04
2.113E+01 2.844E-03 2.469E-08 -1.05E-04
1.995E+01 2.722E-03 3.099E-08 -8.95E-05
1.884E+01 2.615E-03 3.895E-08 -7.02E-05
1.778E+01 2.526E-03 4.900E-08 -5.39E-05
1.679E+01 2.463E-03 6.170E-08 -3.69E-05
1.585E+01 2.425E-03 7.773E-08 -1.89E-05
1.496E+01 2.414E-03 9.796E-08 -1.33E-06
1.413E+01 2.433E-03 1.235E-07  1.75E-05
1.334E+01 2.484E-03 1.557E-07  3.90E-05
1.259E+01 2.562E-03 1.962E-07  6.48E-05
1.189E+01 2.654E-03 2.475E-07  9.44E-05
1.122E+01 2.826E-03 3.100E-07  1.23E-04
1.059E+01 2.961E-03 3.916E-07  1.53E-04
1.000E+01 3.157E-03 4.931E-07  1.86E-04
9.441E+00 3.383E-03 6.210E-07  2.20E-04
8.913E+00 3.652E-03 7.817E-07  2.58E-04
8.414E+00 3.960E-03 9.836E-07  3.00E-04
7.943E+00 4.307E-03 1.237E-06  3.50E-04
7.499E+00 4.682E-03 1.556E-06  4.06E-04
7.079E+00 5.107E-03 1.957E-06  4.63E-04
6.683E+00 5.582E-03 2.460E-06  5.26E-04
6.310E+00 6.026E-03 3.092E-06  6.12E-04
5.957E+00 6.697E-03 3.887E-06  6.67E-04
5.623E+00 7.344E-03 4.884E-06  7.49E-04
5.309E+00 8.063E-03 6.135E-06  8.40E-04
5.012E+00 8.846E-03 7.703E-06  9.44E-04
4.732E+00 9.684E-03 9.675E-06  1.06E-03
4.467E+00 1.061E-02 1.215E-05  1.18E-03
4.217E+00 1.163E-02 1.525E-05  1.32E-03
3.981E+00 1.274E-02 1.914E-05  1.47E-03
3.758E+00 1.397E-02 2.403E-05  1.63E-03
3.548E+00 1.531E-02 3.016E-05  1.81E-03
3.350E+00 1.681E-02 3.785E-05  2.00E-03
3.162E+00 1.840E-02 4.749E-05  2.22E-03
2.985E+00 2.022E-02 5.960E-05  2.45E-03
2.818E+00 2.218E-02 7.478E-05  2.71E-03
2.661E+00 2.433E-02 9.380E-05  3.00E-03
2.512E+00 2.666E-02 1.176E-04  3.32E-03
2.371E+00 2.921E-02 1.475E-04  3.67E-03
2.239E+00 3.203E-02 1.851E-04  4.05E-03
2.113E+00 3.514E-02 2.322E-04  4.47E-03
1.995E+00 3.853E-02 2.913E-04  4.93E-03
1.884E+00 4.228E-02 3.655E-04  5.43E-03
1.778E+00 4.644E-02 4.587E-04  5.97E-03
1.679E+00 5.105E-02 5.755E-04  6.57E-03
1.585E+00 5.605E-02 7.220E-04  7.24E-03
1.496E+00 6.157E-02 9.066E-04  7.97E-03
1.413E+00 6.781E-02 1.139E-03  8.74E-03
1.334E+00 7.480E-02 1.430E-03  9.58E-03
1.259E+00 8.253E-02 1.796E-03  1.05E-02
1.189E+00 9.105E-02 2.258E-03  1.15E-02
1.122E+00 1.006E-01 2.838E-03  1.27E-02
1.059E+00 1.115E-01 3.568E-03  1.39E-02
1.000E+00 1.236E-01 4.485E-03  1.52E-02
9.441E-01 1.371E-01 5.639E-03  1.66E-02
8.913E-01 1.521E-01 7.089E-03  1.83E-02
8.414E-01 1.687E-01 8.910E-03  2.01E-02
7.943E-01 1.871E-01 1.120E-02  2.22E-02
7.499E-01 2.075E-01 1.409E-02  2.45E-02
7.079E-01 2.301E-01 1.772E-02  2.72E-02
6.683E-01 2.551E-01 2.232E-02  3.02E-02
6.310E-01 2.830E-01 2.816E-02  3.35E-02
5.957E-01 3.147E-01 3.560E-02  3.73E-02
5.623E-01 3.515E-01 4.511E-02  4.13E-02
5.309E-01 3.942E-01 5.736E-02  4.58E-02
5.012E-01 4.445E-01 7.317E-02  5.05E-02
4.732E-01 5.048E-01 9.360E-02  5.54E-02
4.467E-01 5.784E-01 1.199E-01  6.03E-02
4.217E-01 6.668E-01 1.537E-01  6.47E-02
3.981E-01 7.654E-01 1.967E-01  6.86E-02
3.758E-01 8.712E-01 2.513E-01  7.20E-02
3.548E-01 9.868E-01 3.227E-01  7.48E-02
3.350E-01 1.119E+00 4.170E-01  7.52E-02
3.162E-01 1.267E+00 5.408E-01  7.10E-02
2.985E-01 1.406E+00 6.940E-01  6.40E-02
2.818E-01 1.518E+00 8.883E-01  5.55E-02
2.661E-01 1.603E+00 1.121E+00  5.25E-02
2.512E-01 1.671E+00 1.348E+00  6.13E-02
2.371E-01 1.702E+00 1.437E+00  8.40E-02
2.239E-01 1.677E+00 1.270E+00  1.30E-01
2.113E-01 1.595E+00 9.847E-01  1.95E-01
1.995E-01 1.391E+00 7.485E-01  2.47E-01
1.884E-01 1.198E+00 5.941E-01  2.96E-01
1.778E-01 1.085E+00 5.116E-01  3.62E-01
1.679E-01 1.011E+00 4.958E-01  4.36E-01
1.585E-01 9.689E-01 6.077E-01  5.05E-01
1.496E-01 9.693E-01 8.625E-01  5.25E-01
1.413E-01 1.001E+00 1.105E+00  5.18E-01
1.334E-01 1.157E+00 1.374E+00  5.63E-01
1.259E-01 1.387E+00 1.603E+00  5.99E-01
1.189E-01 1.530E+00 1.618E+00  6.12E-01
1.122E-01 1.585E+00 1.615E+00  6.20E-01
1.059E-01 1.524E+00 1.543E+00  5.98E-01
1.000E-01 1.484E+00 1.520E+00  6.08E-01
9.441E-02 1.474E+00 1.529E+00  6.26E-01
8.913E-02 1.458E+00 1.466E+00  6.52E-01
8.414E-02 1.411E+00 1.499E+00  6.59E-01
7.943E-02 1.375E+00 1.532E+00  6.67E-01
7.499E-02 1.317E+00 1.528E+00  6.76E-01
7.079E-02 1.209E+00 1.499E+00  6.82E-01
6.683E-02 1.084E+00 1.419E+00  6.94E-01
6.310E-02 1.023E+00 1.305E+00  7.17E-01
5.957E-02 9.841E-01 1.261E+00  7.33E-01
5.623E-02 9.177E-01 1.250E+00  7.47E-01
5.309E-02 8.610E-01 1.209E+00  7.68E-01
5.012E-02 8.250E-01 1.171E+00  7.92E-01
4.732E-02 7.883E-01 1.146E+00  8.16E-01
4.467E-02 7.549E-01 1.120E+00  8.41E-01
4.217E-02 7.224E-01 1.077E+00  8.67E-01
3.981E-02 7.335E-01 9.768E-01  8.89E-01
3.758E-02 7.681E-01 8.884E-01  9.02E-01
3.548E-02 7.730E-01 9.229E-01  9.08E-01
3.350E-02 7.431E-01 9.381E-01  9.17E-01
3.162E-02 7.159E-01 9.429E-01  9.26E-01
2.985E-02 6.885E-01 9.433E-01  9.34E-01
2.818E-02 6.609E-01 9.392E-01  9.41E-01
2.661E-02 6.332E-01 9.315E-01  9.48E-01
2.512E-02 6.043E-01 9.194E-01  9.54E-01
2.371E-02 5.746E-01 9.026E-01  9.59E-01
2.239E-02 5.443E-01 8.813E-01  9.64E-01
2.113E-02 5.133E-01 8.552E-01  9.68E-01
1.995E-02 4.822E-01 8.247E-01  9.72E-01
1.884E-02 4.501E-01 7.897E-01  9.75E-01
1.778E-02 4.186E-01 7.512E-01  9.78E-01
1.679E-02 3.873E-01 7.101E-01  9.80E-01
1.585E-02 3.569E-01 6.671E-01  9.82E-01
1.496E-02 3.272E-01 6.229E-01  9.84E-01
1.413E-02 2.987E-01 5.783E-01  9.86E-01
1.334E-02 2.717E-01 5.337E-01  9.87E-01
1.259E-02 2.462E-01 4.901E-01  9.89E-01
1.189E-02 2.225E-01 4.483E-01  9.90E-01
1.122E-02 1.997E-01 4.071E-01  9.91E-01
1.059E-02 1.788E-01 3.679E-01  9.92E-01
1.000E-02 1.599E-01 3.312E-01  9.93E-01
9.441E-03 1.425E-01 2.967E-01  9.93E-01
8.913E-03 1.266E-01 2.644E-01  9.94E-01
8.414E-03 1.122E-01 2.343E-01  9.95E-01
7.943E-03 9.929E-02 2.063E-01  9.95E-01
7.499E-03 8.757E-02 1.804E-01  9.96E-01
7.079E-03 7.725E-02 1.566E-01  9.96E-01
6.683E-03 6.798E-02 1.345E-01  9.96E-01
6.310E-03 5.968E-02 1.139E-01  9.97E-01
5.957E-03 5.244E-02 9.481E-02  9.97E-01
5.623E-03 4.581E-02 7.606E-02  9.97E-01
5.309E-03 4.003E-02 5.801E-02  9.98E-01
5.012E-03 3.498E-02 4.274E-02  9.98E-01
4.732E-03 3.056E-02 1.623E-02  9.98E-01
4.467E-03 2.672E-02 1.549E-02  9.98E-01
4.217E-03 4.127E-01 6.808E-02  9.98E-01
3.981E-03 3.798E-01 8.638E-02  9.98E-01
3.758E-03 3.477E-01 8.593E-02  9.99E-01
3.548E-03 3.162E-01 8.558E-02  9.99E-01
3.350E-03 2.859E-01 8.329E-02  9.99E-01
3.162E-03 2.571E-01 7.959E-02  9.99E-01
2.985E-03 2.304E-01 7.526E-02  9.99E-01
2.818E-03 2.045E-01 7.052E-02  9.99E-01
2.661E-03 1.804E-01 6.537E-02  9.99E-01
2.512E-03 1.587E-01 5.997E-02  9.99E-01
2.371E-03 1.392E-01 5.472E-02  9.99E-01
2.239E-03 1.216E-01 4.972E-02  9.99E-01
2.113E-03 1.057E-01 4.496E-02  1.00E+00
1.995E-03 9.175E-02 4.054E-02  1.00E+00
1.884E-03 7.938E-02 3.644E-02  1.00E+00
1.778E-03 6.842E-02 3.264E-02  1.00E+00
1.679E-03 5.885E-02 2.916E-02  1.00E+00
1.585E-03 5.051E-02 2.601E-02  1.00E+00
1.496E-03 4.328E-02 2.317E-02  1.00E+00
1.413E-03 3.700E-02 2.061E-02  1.00E+00
1.334E-03 3.158E-02 1.832E-02  1.00E+00
1.259E-03 2.695E-02 1.627E-02  1.00E+00
1.189E-03 2.301E-02 1.446E-02  1.00E+00
1.122E-03 1.949E-02 1.281E-02  1.00E+00
1.059E-03 1.652E-02 1.135E-02  1.00E+00
1.000E-03 1.403E-02 1.006E-02  1.00E+00
