1.000E+03 7.598E-06 2.622E-14  0.00E+00
9.441E+02 8.527E-06 3.301E-14  0.00E+00
8.913E+02 9.569E-06 4.156E-14  0.00E+00
8.414E+02 1.074E-05 5.232E-14  0.00E+00
7.943E+02 1.205E-05 6.587E-14  0.00E+00
7.499E+02 1.353E-05 8.293E-14  0.00E+00
7.079E+02 1.518E-05 1.044E-13  0.00E+00
6.683E+02 1.704E-05 1.314E-13  0.00E+00
6.310E+02 1.912E-05 1.655E-13  0.00E+00
5.957E+02 2.147E-05 2.083E-13  0.00E+00
5.623E+02 2.410E-05 2.622E-13  0.00E+00
5.309E+02 2.705E-05 3.301E-13  0.00E+00
5.012E+02 3.037E-05 4.156E-13  0.00E+00
4.732E+02 3.410E-05 5.232E-13  0.00E+00
4.467E+02 3.829E-05 6.587E-13  0.00E+00
4.217E+02 4.300E-05 8.293E-13  0.00E+00
3.981E+02 4.829E-05 1.044E-12  0.00E+00
3.758E+02 5.424E-05 1.314E-12  0.00E+00
3.548E+02 6.094E-05 1.655E-12  0.00E+00
3.350E+02 6.848E-05 2.083E-12  0.00E+00
3.162E+02 7.697E-05 2.622E-12  0.00E+00
2.985E+02 8.653E-05 3.301E-12 -1.27E-05
2.818E+02 9.731E-05 4.156E-12 -1.29E-05
2.661E+02 1.095E-04 5.232E-12 -1.29E-05
2.512E+02 1.232E-04 6.586E-12 -1.27E-05
2.371E+02 1.387E-04 8.290E-12 -1.22E-05
2.239E+02 1.563E-04 1.044E-11 -1.12E-05
2.113E+02 1.762E-04 1.314E-11 -9.67E-06
1.995E+02 1.987E-04 1.653E-11 -7.54E-06
1.884E+02 2.242E-04 2.081E-11 -4.62E-06
1.778E+02 2.530E-04 2.618E-11 -7.43E-07
1.679E+02 2.852E-04 3.293E-11  4.27E-06
1.585E+02 3.209E-04 4.141E-11  1.07E-05
1.496E+02 3.599E-04 5.206E-11  1.88E-05
1.413E+02 4.018E-04 6.545E-11  2.91E-05
1.334E+02 4.473E-04 8.229E-11  4.18E-05
1.259E+02 4.976E-04 1.035E-10  5.73E-05
1.189E+02 5.547E-04 1.302E-10  7.56E-05
1.122E+02 6.200E-04 1.638E-10  9.63E-05
1.059E+02 6.950E-04 2.061E-10  1.18E-04
1.000E+02 7.806E-04 2.593E-10  1.39E-04
9.441E+01 8.779E-04 3.261E-10  1.57E-04
8.913E+01 9.877E-04 4.100E-10  1.75E-04
8.414E+01 1.111E-03 5.153E-10  1.91E-04
7.943E+01 1.251E-03 6.474E-10  2.01E-04
7.499E+01 1.409E-03 8.130E-10  2.03E-04
7.079E+01 1.585E-03 1.020E-09  1.99E-04
6.683E+01 1.782E-03 1.280E-09  1.87E-04
6.310E+01 2.000E-03 1.603E-09  1.66E-04
5.957E+01 2.242E-03 2.007E-09  1.34E-04
5.623E+01 2.506E-03 2.510E-09  9.29E-05
5.309E+01 2.791E-03 3.134E-09  4.25E-05
5.012E+01 3.095E-03 3.907E-09 -1.58E-05
4.732E+01 3.413E-03 4.861E-09 -7.47E-05
4.467E+01 3.735E-03 6.037E-09 -1.25E-04
4.217E+01 4.052E-03 7.481E-09 -1.61E-04
3.981E+01 4.349E-03 9.251E-09 -1.91E-04
3.758E+01 4.609E-03 1.142E-08 -2.19E-04
3.548E+01 4.818E-03 1.408E-08 -2.45E-04
3.350E+01 4.959E-03 1.735E-08 -2.67E-04
3.162E+01 5.025E-03 2.139E-08 -2.82E-04
2.985E+01 5.014E-03 2.640E-08 -2.91E-04
2.818E+01 4.938E-03 3.265E-08 -2.94E-04
2.661E+01 4.808E-03 4.048E-08 -2.91E-04
2.512E+01 4.638E-03 5.034E-08 -2.78E-04
2.371E+01 4.445E-03 6.275E-08 -2.51E-04
2.239E+01 4.240E-03 7.845E-08 -2.33E-04
2.113E+01 4.048E-03 9.830E-08 -2.12E-04
1.995E+01 3.876E-03 1.234E-07 -1.82E-04
1.884E+01 3.726E-03 1.551E-07 -1.43E-04
1.778E+01 3.604E-03 1.951E-07 -1.11E-04
1.679E+01 3.517E-03 2.457E-07 -7.69E-05
1.585E+01 3.468E-03 3.095E-07 -4.11E-05
1.496E+01 3.456E-03 3.901E-07 -6.37E-06
1.413E+01 3.488E-03 4.917E-07  3.10E-05
1.334E+01 3.566E-03 6.198E-07  7.36E-05
1.259E+01 3.684E-03 7.812E-07  1.25E-04
1.189E+01 3.820E-03 9.858E-07  1.83E-04
1.122E+01 4.073E-03 1.235E-06  2.39E-04
1.059E+01 4.274E-03 1.560E-06  2.99E-04
1.000E+01 4.563E-03 1.964E-06  3.64E-04
9.441E+00 4.896E-03 2.474E-06  4.31E-04
8.913E+00 5.290E-03 3.114E-06  5.05E-04
8.414E+00 5.743E-03 3.919E-06  5.88E-04
7.943E+00 6.252E-03 4.930E-06  6.86E-04
7.499E+00 6.805E-03 6.200E-06  7.96E-04
7.079E+00 7.432E-03 7.798E-06  9.08E-04
6.683E+00 8.132E-03 9.806E-06  1.03E-03
6.310E+00 8.796E-03 1.232E-05  1.20E-03
5.957E+00 9.780E-03 1.550E-05  1.31E-03
5.623E+00 1.074E-02 1.948E-05  1.47E-03
5.309E+00 1.180E-02 2.447E-05  1.65E-03
5.012E+00 1.297E-02 3.073E-05  1.85E-03
4.732E+00 1.422E-02 3.861E-05  2.07E-03
4.467E+00 1.560E-02 4.849E-05  2.32E-03
4.217E+00 1.713E-02 6.089E-05  2.58E-03
3.981E+00 1.881E-02 7.646E-05  2.88E-03
3.758E+00 2.066E-02 9.600E-05  3.19E-03
3.548E+00 2.269E-02 1.206E-04  3.54E-03
3.350E+00 2.496E-02 1.514E-04  3.91E-03
3.162E+00 2.740E-02 1.900E-04  4.33E-03
2.985E+00 3.018E-02 2.386E-04  4.78E-03
2.818E+00 3.320E-02 2.996E-04  5.28E-03
2.661E+00 3.652E-02 3.761E-04  5.84E-03
2.512E+00 4.013E-02 4.720E-04  6.46E-03
2.371E+00 4.412E-02 5.926E-04  7.13E-03
2.239E+00 4.856E-02 7.442E-04  7.86E-03
2.113E+00 5.348E-02 9.347E-04  8.65E-03
1.995E+00 5.888E-02 1.174E-03  9.53E-03
1.884E+00 6.491E-02 1.475E-03  1.05E-02
1.778E+00 7.164E-02 1.854E-03  1.15E-02
1.679E+00 7.913E-02 2.330E-03  1.26E-02
1.585E+00 8.737E-02 2.929E-03  1.39E-02
1.496E+00 9.655E-02 3.686E-03  1.52E-02
1.413E+00 1.070E-01 4.641E-03  1.67E-02
1.334E+00 1.188E-01 5.844E-03  1.82E-02
1.259E+00 1.319E-01 7.360E-03  1.99E-02
1.189E+00 1.466E-01 9.278E-03  2.18E-02
1.122E+00 1.633E-01 1.170E-02  2.38E-02
1.059E+00 1.823E-01 1.476E-02  2.60E-02
1.000E+00 2.037E-01 1.863E-02  2.83E-02
9.441E-01 2.279E-01 2.352E-02  3.09E-02
8.913E-01 2.550E-01 2.969E-02  3.39E-02
8.414E-01 2.854E-01 3.749E-02  3.72E-02
7.943E-01 3.196E-01 4.734E-02  4.09E-02
7.499E-01 3.580E-01 5.980E-02  4.51E-02
7.079E-01 4.012E-01 7.557E-02  4.98E-02
6.683E-01 4.499E-01 9.556E-02  5.51E-02
6.310E-01 5.049E-01 1.210E-01  6.11E-02
5.957E-01 5.681E-01 1.534E-01  6.76E-02
5.623E-01 6.413E-01 1.945E-01  7.48E-02
5.309E-01 7.261E-01 2.470E-01  8.24E-02
5.012E-01 8.243E-01 3.135E-01  9.05E-02
4.732E-01 9.381E-01 3.967E-01  9.88E-02
4.467E-01 1.069E+00 4.983E-01  1.07E-01
4.217E-01 1.209E+00 6.179E-01  1.14E-01
3.981E-01 1.343E+00 7.527E-01  1.21E-01
3.758E-01 1.456E+00 8.977E-01  1.29E-01
3.548E-01 1.547E+00 1.051E+00  1.37E-01
3.350E-01 1.612E+00 1.202E+00  1.45E-01
3.162E-01 1.635E+00 1.333E+00  1.51E-01
2.985E-01 1.609E+00 1.428E+00  1.58E-01
2.818E-01 1.542E+00 1.505E+00  1.67E-01
2.661E-01 1.466E+00 1.561E+00  1.85E-01
2.512E-01 1.432E+00 1.587E+00  2.25E-01
2.371E-01 1.500E+00 1.573E+00  2.99E-01
2.239E-01 1.606E+00 1.484E+00  3.92E-01
2.113E-01 1.555E+00 1.293E+00  4.52E-01
1.995E-01 1.405E+00 1.115E+00  4.96E-01
1.884E-01 1.281E+00 9.972E-01  5.40E-01
1.778E-01 1.206E+00 8.957E-01  5.78E-01
1.679E-01 1.155E+00 8.427E-01  6.12E-01
1.585E-01 1.137E+00 9.387E-01  6.43E-01
1.496E-01 1.194E+00 1.157E+00  6.82E-01
1.413E-01 1.231E+00 1.357E+00  6.78E-01
1.334E-01 1.356E+00 1.555E+00  6.96E-01
1.259E-01 1.475E+00 1.628E+00  7.19E-01
1.189E-01 1.521E+00 1.520E+00  7.13E-01
1.122E-01 1.473E+00 1.425E+00  7.00E-01
1.059E-01 1.381E+00 1.489E+00  6.87E-01
1.000E-01 1.345E+00 1.528E+00  6.90E-01
9.441E-02 1.324E+00 1.557E+00  6.98E-01
8.913E-02 1.305E+00 1.511E+00  7.15E-01
8.414E-02 1.260E+00 1.542E+00  7.15E-01
7.943E-02 1.226E+00 1.572E+00  7.18E-01
7.499E-02 1.166E+00 1.575E+00  7.22E-01
7.079E-02 1.073E+00 1.558E+00  7.24E-01
6.683E-02 9.799E-01 1.498E+00  7.33E-01
6.310E-02 9.464E-01 1.403E+00  7.56E-01
5.957E-02 9.220E-01 1.362E+00  7.70E-01
5.623E-02 8.719E-01 1.352E+00  7.80E-01
5.309E-02 8.339E-01 1.317E+00  7.99E-01
5.012E-02 8.126E-01 1.281E+00  8.20E-01
4.732E-02 7.897E-01 1.258E+00  8.40E-01
4.467E-02 7.705E-01 1.238E+00  8.62E-01
4.217E-02 7.531E-01 1.222E+00  8.87E-01
3.981E-02 7.729E-01 1.155E+00  9.09E-01
3.758E-02 8.092E-01 1.072E+00  9.23E-01
3.548E-02 8.122E-01 1.091E+00  9.26E-01
3.350E-02 7.901E-01 1.113E+00  9.33E-01
3.162E-02 7.708E-01 1.130E+00  9.40E-01
2.985E-02 7.517E-01 1.147E+00  9.48E-01
2.818E-02 7.320E-01 1.164E+00  9.54E-01
2.661E-02 7.115E-01 1.181E+00  9.60E-01
2.512E-02 6.894E-01 1.195E+00  9.66E-01
2.371E-02 6.655E-01 1.206E+00  9.70E-01
2.239E-02 6.398E-01 1.211E+00  9.74E-01
2.113E-02 6.125E-01 1.210E+00  9.78E-01
1.995E-02 5.834E-01 1.200E+00  9.81E-01
1.884E-02 5.522E-01 1.182E+00  9.83E-01
1.778E-02 5.202E-01 1.154E+00  9.85E-01
1.679E-02 4.873E-01 1.119E+00  9.87E-01
1.585E-02 4.541E-01 1.076E+00  9.89E-01
1.496E-02 4.208E-01 1.027E+00  9.90E-01
1.413E-02 3.880E-01 9.729E-01  9.91E-01
1.334E-02 3.560E-01 9.146E-01  9.92E-01
1.259E-02 3.253E-01 8.541E-01  9.93E-01
1.189E-02 2.961E-01 7.931E-01  9.94E-01
1.122E-02 2.676E-01 7.303E-01  9.95E-01
1.059E-02 2.411E-01 6.683E-01  9.95E-01
1.000E-02 2.168E-01 6.083E-01  9.96E-01
9.441E-03 1.941E-01 5.504E-01  9.96E-01
8.913E-03 1.732E-01 4.949E-01  9.97E-01
8.414E-03 1.541E-01 4.420E-01  9.97E-01
7.943E-03 1.368E-01 3.921E-01  9.97E-01
7.499E-03 1.211E-01 3.450E-01  9.98E-01
7.079E-03 1.071E-01 3.012E-01  9.98E-01
6.683E-03 9.445E-02 2.601E-01  9.98E-01
6.310E-03 8.310E-02 2.212E-01  9.98E-01
5.957E-03 7.314E-02 1.849E-01  9.98E-01
5.623E-03 6.400E-02 1.489E-01  9.99E-01
5.309E-03 5.601E-02 1.140E-01  9.99E-01
5.012E-03 4.900E-02 8.421E-02  9.99E-01
4.732E-03 4.285E-02 3.210E-02  9.99E-01
4.467E-03 3.751E-02 3.068E-02  9.99E-01
4.217E-03 5.227E-01 1.198E-01  9.99E-01
3.981E-03 4.856E-01 1.532E-01  9.99E-01
3.758E-03 4.487E-01 1.540E-01  9.99E-01
3.548E-03 4.118E-01 1.549E-01  9.99E-01
3.350E-03 3.755E-01 1.522E-01  9.99E-01
3.162E-03 3.403E-01 1.467E-01  9.99E-01
2.985E-03 3.073E-01 1.399E-01  1.00E+00
2.818E-03 2.746E-01 1.322E-01  1.00E+00
2.661E-03 2.438E-01 1.235E-01  1.00E+00
2.512E-03 2.156E-01 1.140E-01  1.00E+00
2.371E-03 1.900E-01 1.047E-01  1.00E+00
2.239E-03 1.668E-01 9.561E-02  1.00E+00
2.113E-03 1.456E-01 8.688E-02  1.00E+00
1.995E-03 1.268E-01 7.866E-02  1.00E+00
1.884E-03 1.100E-01 7.098E-02  1.00E+00
1.778E-03 9.508E-02 6.378E-02  1.00E+00
1.679E-03 8.197E-02 5.713E-02  1.00E+00
1.585E-03 7.051E-02 5.109E-02  1.00E+00
1.496E-03 6.051E-02 4.561E-02  1.00E+00
1.413E-03 5.181E-02 4.065E-02  1.00E+00
1.334E-03 4.428E-02 3.620E-02  1.00E+00
1.259E-03 3.783E-02 3.219E-02  1.00E+00
1.189E-03 3.232E-02 2.865E-02  1.00E+00
1.122E-03 2.740E-02 2.541E-02  1.00E+00
1.059E-03 2.325E-02 2.253E-02  1.00E+00
1.000E-03 1.976E-02 1.999E-02  1.00E+00
