1.000E+03 2.131E-03 2.792E-06 -1.93E-01
9.441E+02 2.252E-03 3.515E-06 -1.93E-01
8.913E+02 2.388E-03 4.425E-06 -1.93E-01
8.414E+02 2.541E-03 5.572E-06 -1.93E-01
7.943E+02 2.713E-03 7.015E-06 -1.93E-01
7.499E+02 2.905E-03 8.832E-06 -1.93E-01
7.079E+02 3.121E-03 1.112E-05 -1.93E-01
6.683E+02 3.364E-03 1.400E-05 -1.92E-01
6.310E+02 3.636E-03 1.763E-05 -1.92E-01
5.957E+02 3.942E-03 2.220E-05 -1.92E-01
5.623E+02 4.286E-03 2.795E-05 -1.92E-01
5.309E+02 4.673E-03 3.519E-05 -1.91E-01
5.012E+02 5.107E-03 4.432E-05 -1.91E-01
4.732E+02 5.595E-03 5.580E-05 -1.90E-01
4.467E+02 6.145E-03 7.027E-05 -1.90E-01
4.217E+02 6.763E-03 8.849E-05 -1.89E-01
3.981E+02 7.459E-03 1.114E-04 -1.89E-01
3.758E+02 8.242E-03 1.403E-04 -1.88E-01
3.548E+02 9.126E-03 1.768E-04 -1.87E-01
3.350E+02 1.012E-02 2.226E-04 -1.86E-01
3.162E+02 1.125E-02 2.804E-04 -1.85E-01
2.985E+02 1.252E-02 3.532E-04 -1.84E-01
2.818E+02 1.396E-02 4.449E-04 -1.82E-01
2.661E+02 1.559E-02 5.604E-04 -1.80E-01
2.512E+02 1.745E-02 7.061E-04 -1.78E-01
2.371E+02 1.957E-02 8.895E-04 -1.76E-01
2.239E+02 2.201E-02 1.121E-03 -1.73E-01
2.113E+02 2.482E-02 1.412E-03 -1.69E-01
1.995E+02 2.812E-02 1.779E-03 -1.65E-01
1.884E+02 3.205E-02 2.242E-03 -1.59E-01
1.778E+02 3.691E-02 2.826E-03 -1.51E-01
1.679E+02 4.331E-02 3.562E-03 -1.41E-01
1.585E+02 5.283E-02 4.494E-03 -1.26E-01
1.496E+02 7.066E-02 5.682E-03 -1.03E-01
1.413E+02 1.195E-01 7.164E-03 -6.26E-02
1.334E+02 2.424E-01 9.119E-03 -3.44E-02
1.259E+02 3.019E-01 1.264E-02 -1.84E-01
1.189E+02 2.401E-01 1.537E-02 -2.01E-01
1.122E+02 2.555E-01 1.952E-02 -2.05E-01
1.059E+02 2.506E-01 2.491E-02 -2.21E-01
1.000E+02 2.487E-01 3.139E-02 -2.22E-01
9.441E+01 2.574E-01 3.966E-02 -2.21E-01
8.913E+01 2.695E-01 5.018E-02 -2.21E-01
8.414E+01 2.842E-01 6.348E-02 -2.19E-01
7.943E+01 3.026E-01 8.028E-02 -2.16E-01
7.499E+01 3.253E-01 1.015E-01 -2.13E-01
7.079E+01 3.522E-01 1.282E-01 -2.09E-01
6.683E+01 3.832E-01 1.618E-01 -2.04E-01
6.310E+01 4.181E-01 2.038E-01 -2.00E-01
5.957E+01 4.567E-01 2.560E-01 -1.94E-01
5.623E+01 4.982E-01 3.203E-01 -1.89E-01
5.309E+01 5.416E-01 3.987E-01 -1.83E-01
5.012E+01 5.848E-01 4.931E-01 -1.77E-01
4.732E+01 6.271E-01 6.050E-01 -1.70E-01
4.467E+01 6.656E-01 7.347E-01 -1.62E-01
4.217E+01 6.993E-01 8.809E-01 -1.53E-01
3.981E+01 7.257E-01 1.040E+00 -1.44E-01
3.758E+01 7.435E-01 1.206E+00 -1.32E-01
3.548E+01 7.534E-01 1.370E+00 -1.18E-01
3.350E+01 7.564E-01 1.519E+00 -1.01E-01
3.162E+01 7.542E-01 1.641E+00 -8.06E-02
2.985E+01 7.483E-01 1.728E+00 -5.58E-02
2.818E+01 7.401E-01 1.777E+00 -2.60E-02
2.661E+01 7.319E-01 1.794E+00  1.01E-02
2.512E+01 7.257E-01 1.787E+00  5.37E-02
2.371E+01 7.233E-01 1.770E+00  1.06E-01
2.239E+01 7.217E-01 1.762E+00  1.65E-01
2.113E+01 7.232E-01 1.773E+00  2.30E-01
1.995E+01 7.260E-01 1.813E+00  2.94E-01
1.884E+01 7.263E-01 1.881E+00  3.50E-01
1.778E+01 7.244E-01 1.969E+00  3.93E-01
1.679E+01 7.307E-01 2.061E+00  4.27E-01
1.585E+01 7.537E-01 2.155E+00  4.57E-01
1.496E+01 7.789E-01 2.255E+00  4.86E-01
1.413E+01 7.617E-01 2.316E+00  5.02E-01
1.334E+01 7.148E-01 2.286E+00  4.98E-01
1.259E+01 7.064E-01 2.210E+00  4.90E-01
1.189E+01 7.705E-01 2.171E+00  5.00E-01
1.122E+01 7.505E-01 2.167E+00  5.23E-01
1.059E+01 7.001E-01 2.003E+00  4.98E-01
1.000E+01 7.084E-01 1.852E+00  4.63E-01
9.441E+00 6.862E-01 1.753E+00  4.74E-01
8.913E+00 6.910E-01 1.727E+00  4.85E-01
8.414E+00 7.093E-01 1.719E+00  5.13E-01
7.943E+00 6.186E-01 1.747E+00  5.42E-01
7.499E+00 6.814E-01 1.887E+00  5.88E-01
7.079E+00 6.067E-01 1.978E+00  6.28E-01
6.683E+00 6.810E-01 2.056E+00  6.24E-01
6.310E+00 6.023E-01 2.057E+00  6.53E-01
5.957E+00 6.569E-01 1.965E+00  6.13E-01
5.623E+00 6.072E-01 1.839E+00  6.13E-01
5.309E+00 6.478E-01 1.778E+00  5.86E-01
5.012E+00 6.396E-01 1.665E+00  5.84E-01
4.732E+00 6.319E-01 1.784E+00  6.13E-01
4.467E+00 6.632E-01 1.854E+00  6.54E-01
4.217E+00 6.581E-01 1.862E+00  6.58E-01
3.981E+00 6.786E-01 1.800E+00  6.62E-01
3.758E+00 6.573E-01 1.690E+00  6.54E-01
3.548E+00 6.496E-01 1.655E+00  6.50E-01
3.350E+00 6.618E-01 1.712E+00  6.73E-01
3.162E+00 6.693E-01 1.779E+00  6.91E-01
2.985E+00 6.878E-01 1.720E+00  6.89E-01
2.818E+00 7.032E-01 1.609E+00  6.77E-01
2.661E+00 7.143E-01 1.598E+00  6.87E-01
2.512E+00 7.163E-01 1.668E+00  7.09E-01
2.371E+00 7.187E-01 1.620E+00  7.09E-01
2.239E+00 7.379E-01 1.541E+00  7.04E-01
2.113E+00 7.447E-01 1.584E+00  7.23E-01
1.995E+00 7.524E-01 1.562E+00  7.27E-01
1.884E+00 7.615E-01 1.507E+00  7.23E-01
1.778E+00 7.667E-01 1.533E+00  7.37E-01
1.679E+00 7.739E-01 1.494E+00  7.37E-01
1.585E+00 7.796E-01 1.490E+00  7.44E-01
1.496E+00 7.830E-01 1.477E+00  7.47E-01
1.413E+00 7.857E-01 1.466E+00  7.50E-01
1.334E+00 7.878E-01 1.456E+00  7.54E-01
1.259E+00 7.890E-01 1.450E+00  7.57E-01
1.189E+00 7.890E-01 1.438E+00  7.59E-01
1.122E+00 7.886E-01 1.435E+00  7.63E-01
1.059E+00 7.879E-01 1.428E+00  7.65E-01
1.000E+00 7.872E-01 1.421E+00  7.68E-01
9.441E-01 7.865E-01 1.415E+00  7.70E-01
8.913E-01 7.859E-01 1.410E+00  7.73E-01
8.414E-01 7.853E-01 1.404E+00  7.75E-01
7.943E-01 7.848E-01 1.398E+00  7.78E-01
7.499E-01 7.842E-01 1.392E+00  7.80E-01
7.079E-01 7.835E-01 1.386E+00  7.83E-01
6.683E-01 7.826E-01 1.381E+00  7.85E-01
6.310E-01 7.813E-01 1.377E+00  7.86E-01
5.957E-01 7.797E-01 1.373E+00  7.88E-01
5.623E-01 7.777E-01 1.369E+00  7.89E-01
5.309E-01 7.751E-01 1.367E+00  7.90E-01
5.012E-01 7.719E-01 1.365E+00  7.90E-01
4.732E-01 7.683E-01 1.364E+00  7.90E-01
4.467E-01 7.645E-01 1.363E+00  7.89E-01
4.217E-01 7.606E-01 1.363E+00  7.89E-01
3.981E-01 7.567E-01 1.363E+00  7.88E-01
3.758E-01 7.525E-01 1.364E+00  7.87E-01
3.548E-01 7.463E-01 1.367E+00  7.85E-01
3.350E-01 7.367E-01 1.373E+00  7.81E-01
3.162E-01 7.229E-01 1.385E+00  7.74E-01
2.985E-01 7.061E-01 1.400E+00  7.66E-01
2.818E-01 6.827E-01 1.423E+00  7.54E-01
2.661E-01 6.560E-01 1.449E+00  7.44E-01
2.512E-01 6.332E-01 1.467E+00  7.37E-01
2.371E-01 6.219E-01 1.470E+00  7.38E-01
2.239E-01 6.355E-01 1.447E+00  7.51E-01
2.113E-01 6.677E-01 1.407E+00  7.75E-01
1.995E-01 7.151E-01 1.354E+00  8.09E-01
1.884E-01 7.730E-01 1.290E+00  8.52E-01
1.778E-01 8.363E-01 1.221E+00  8.97E-01
1.679E-01 8.883E-01 1.165E+00  9.30E-01
1.585E-01 9.149E-01 1.137E+00  9.42E-01
1.496E-01 9.173E-01 1.135E+00  9.40E-01
1.413E-01 9.044E-01 1.148E+00  9.29E-01
1.334E-01 8.845E-01 1.167E+00  9.13E-01
1.259E-01 8.586E-01 1.191E+00  8.93E-01
1.189E-01 8.270E-01 1.222E+00  8.68E-01
1.122E-01 7.802E-01 1.269E+00  8.32E-01
1.059E-01 7.264E-01 1.323E+00  7.98E-01
1.000E-01 7.012E-01 1.347E+00  7.86E-01
9.441E-02 6.779E-01 1.368E+00  7.77E-01
8.913E-02 6.861E-01 1.357E+00  7.87E-01
8.414E-02 6.661E-01 1.376E+00  7.78E-01
7.943E-02 6.463E-01 1.393E+00  7.71E-01
7.499E-02 6.301E-01 1.407E+00  7.66E-01
7.079E-02 6.163E-01 1.418E+00  7.65E-01
6.683E-02 6.214E-01 1.411E+00  7.75E-01
6.310E-02 6.559E-01 1.374E+00  8.00E-01
5.957E-02 6.716E-01 1.357E+00  8.12E-01
5.623E-02 6.721E-01 1.354E+00  8.18E-01
5.309E-02 6.866E-01 1.338E+00  8.34E-01
5.012E-02 7.061E-01 1.317E+00  8.52E-01
4.732E-02 7.230E-01 1.299E+00  8.69E-01
4.467E-02 7.433E-01 1.277E+00  8.88E-01
4.217E-02 7.689E-01 1.250E+00  9.09E-01
3.981E-02 8.082E-01 1.210E+00  9.31E-01
3.758E-02 8.405E-01 1.176E+00  9.46E-01
3.548E-02 8.413E-01 1.175E+00  9.46E-01
3.350E-02 8.441E-01 1.171E+00  9.50E-01
3.162E-02 8.496E-01 1.165E+00  9.55E-01
2.985E-02 8.558E-01 1.144E+00  9.59E-01
2.818E-02 8.630E-01 1.137E+00  9.64E-01
2.661E-02 8.703E-01 1.130E+00  9.68E-01
2.512E-02 8.777E-01 1.122E+00  9.72E-01
2.371E-02 8.851E-01 1.115E+00  9.76E-01
2.239E-02 8.923E-01 1.108E+00  9.79E-01
2.113E-02 8.994E-01 1.101E+00  9.82E-01
1.995E-02 9.063E-01 1.094E+00  9.84E-01
1.884E-02 9.129E-01 1.087E+00  9.87E-01
1.778E-02 9.194E-01 1.081E+00  9.89E-01
1.679E-02 9.258E-01 1.074E+00  9.91E-01
1.585E-02 9.315E-01 1.068E+00  9.92E-01
1.496E-02 9.365E-01 1.063E+00  9.93E-01
1.413E-02 9.412E-01 1.059E+00  9.94E-01
1.334E-02 9.463E-01 1.054E+00  9.95E-01
1.259E-02 9.518E-01 1.048E+00  9.96E-01
1.189E-02 9.564E-01 1.044E+00  9.97E-01
1.122E-02 9.596E-01 1.040E+00  9.97E-01
1.059E-02 9.616E-01 1.038E+00  9.98E-01
1.000E-02 9.631E-01 1.037E+00  9.98E-01
9.441E-03 9.646E-01 1.035E+00  9.98E-01
8.913E-03 9.668E-01 1.033E+00  9.98E-01
8.414E-03 9.709E-01 1.029E+00  9.99E-01
7.943E-03 9.754E-01 1.025E+00  9.99E-01
7.499E-03 9.778E-01 1.022E+00  9.99E-01
7.079E-03 9.784E-01 1.022E+00  9.99E-01
6.683E-03 9.779E-01 1.022E+00  9.99E-01
6.310E-03 9.765E-01 1.024E+00  9.99E-01
5.957E-03 9.740E-01 1.026E+00  9.99E-01
5.623E-03 9.703E-01 1.030E+00  9.99E-01
5.309E-03 9.650E-01 1.035E+00  9.99E-01
5.012E-03 9.579E-01 1.042E+00  9.99E-01
4.732E-03 9.510E-01 1.049E+00  1.00E+00
4.467E-03 9.430E-01 1.057E+00  1.00E+00
4.217E-03 9.983E-01 1.002E+00  1.00E+00
3.981E-03 9.972E-01 1.003E+00  1.00E+00
3.758E-03 9.971E-01 1.003E+00  1.00E+00
3.548E-03 9.969E-01 1.003E+00  1.00E+00
3.350E-03 9.967E-01 1.003E+00  1.00E+00
3.162E-03 9.966E-01 1.003E+00  1.00E+00
2.985E-03 9.965E-01 1.004E+00  1.00E+00
2.818E-03 9.964E-01 1.004E+00  1.00E+00
2.661E-03 9.963E-01 1.004E+00  1.00E+00
2.512E-03 9.962E-01 1.004E+00  1.00E+00
2.371E-03 9.959E-01 1.004E+00  1.00E+00
2.239E-03 9.955E-01 1.004E+00  1.00E+00
2.113E-03 9.948E-01 1.005E+00  1.00E+00
1.995E-03 9.937E-01 1.006E+00  1.00E+00
1.884E-03 9.922E-01 1.008E+00  1.00E+00
1.778E-03 9.900E-01 1.010E+00  1.00E+00
1.679E-03 9.869E-01 1.013E+00  1.00E+00
1.585E-03 9.825E-01 1.017E+00  1.00E+00
1.496E-03 9.765E-01 1.024E+00  1.00E+00
1.413E-03 9.681E-01 1.032E+00  1.00E+00
1.334E-03 9.566E-01 1.043E+00  1.00E+00
1.259E-03 9.412E-01 1.059E+00  1.00E+00
1.189E-03 9.210E-01 1.079E+00  1.00E+00
1.122E-03 8.940E-01 1.106E+00  1.00E+00
1.059E-03 8.607E-01 1.139E+00  1.00E+00
1.000E-03 8.215E-01 1.178E+00  1.00E+00
