1.000E+03 4.913E-06 4.156E-15  0.00E+00
9.441E+02 5.513E-06 5.232E-15  0.00E+00
8.913E+02 6.187E-06 6.587E-15  0.00E+00
8.414E+02 6.943E-06 8.292E-15  0.00E+00
7.943E+02 7.792E-06 1.044E-14  0.00E+00
7.499E+02 8.745E-06 1.314E-14  0.00E+00
7.079E+02 9.815E-06 1.654E-14  0.00E+00
6.683E+02 1.102E-05 2.083E-14  0.00E+00
6.310E+02 1.236E-05 2.622E-14  0.00E+00
5.957E+02 1.388E-05 3.301E-14  0.00E+00
5.623E+02 1.558E-05 4.155E-14  0.00E+00
5.309E+02 1.749E-05 5.231E-14  0.00E+00
5.012E+02 1.963E-05 6.585E-14  0.00E+00
4.732E+02 2.204E-05 8.290E-14  0.00E+00
4.467E+02 2.475E-05 1.044E-13  0.00E+00
4.217E+02 2.779E-05 1.314E-13  0.00E+00
3.981E+02 3.121E-05 1.654E-13  0.00E+00
3.758E+02 3.505E-05 2.082E-13  0.00E+00
3.548E+02 3.937E-05 2.621E-13  0.00E+00
3.350E+02 4.422E-05 3.299E-13  0.00E+00
3.162E+02 4.968E-05 4.153E-13  0.00E+00
2.985E+02 5.582E-05 5.228E-13  0.00E+00
2.818E+02 6.272E-05 6.581E-13  0.00E+00
2.661E+02 7.049E-05 8.283E-13  0.00E+00
2.512E+02 7.922E-05 1.043E-12  0.00E+00
2.371E+02 8.904E-05 1.312E-12  0.00E+00
2.239E+02 1.001E-04 1.651E-12  0.00E+00
2.113E+02 1.124E-04 2.078E-12  0.00E+00
1.995E+02 1.263E-04 2.615E-12  0.00E+00
1.884E+02 1.418E-04 3.290E-12  6.80E-06
1.778E+02 1.591E-04 4.139E-12  8.49E-06
1.679E+02 1.782E-04 5.207E-12  1.06E-05
1.585E+02 1.995E-04 6.550E-12  1.32E-05
1.496E+02 2.230E-04 8.240E-12  1.64E-05
1.413E+02 2.491E-04 1.036E-11  2.04E-05
1.334E+02 2.782E-04 1.304E-11  2.54E-05
1.259E+02 3.110E-04 1.640E-11  3.14E-05
1.189E+02 3.481E-04 2.064E-11  3.85E-05
1.122E+02 3.902E-04 2.597E-11  4.65E-05
1.059E+02 4.380E-04 3.267E-11  5.49E-05
1.000E+02 4.924E-04 4.109E-11  6.27E-05
9.441E+01 5.539E-04 5.167E-11  6.95E-05
8.913E+01 6.232E-04 6.495E-11  7.64E-05
8.414E+01 7.012E-04 8.162E-11  8.27E-05
7.943E+01 7.892E-04 1.025E-10  8.61E-05
7.499E+01 8.880E-04 1.287E-10  8.66E-05
7.079E+01 9.986E-04 1.616E-10  8.46E-05
6.683E+01 1.122E-03 2.026E-10  7.94E-05
6.310E+01 1.259E-03 2.539E-10  7.08E-05
5.957E+01 1.410E-03 3.178E-10  5.81E-05
5.623E+01 1.575E-03 3.973E-10  4.13E-05
5.309E+01 1.753E-03 4.960E-10  2.10E-05
5.012E+01 1.943E-03 6.182E-10 -2.51E-06
4.732E+01 2.141E-03 7.692E-10 -2.62E-05
4.467E+01 2.342E-03 9.552E-10 -4.65E-05
4.217E+01 2.539E-03 1.184E-09 -6.12E-05
3.981E+01 2.723E-03 1.464E-09 -7.32E-05
3.758E+01 2.884E-03 1.807E-09 -8.47E-05
3.548E+01 3.013E-03 2.229E-09 -9.50E-05
3.350E+01 3.100E-03 2.747E-09 -1.04E-04
3.162E+01 3.141E-03 3.387E-09 -1.10E-04
2.985E+01 3.134E-03 4.181E-09 -1.14E-04
2.818E+01 3.087E-03 5.172E-09 -1.15E-04
2.661E+01 3.005E-03 6.414E-09 -1.14E-04
2.512E+01 2.900E-03 7.977E-09 -1.09E-04
2.371E+01 2.779E-03 9.945E-09 -9.83E-05
2.239E+01 2.650E-03 1.243E-08 -9.12E-05
2.113E+01 2.530E-03 1.558E-08 -8.27E-05
1.995E+01 2.421E-03 1.956E-08 -7.07E-05
1.884E+01 2.325E-03 2.457E-08 -5.54E-05
1.778E+01 2.247E-03 3.092E-08 -4.24E-05
1.679E+01 2.190E-03 3.893E-08 -2.89E-05
1.585E+01 2.156E-03 4.904E-08 -1.46E-05
1.496E+01 2.145E-03 6.181E-08 -6.56E-07
1.413E+01 2.162E-03 7.792E-08  1.43E-05
1.334E+01 2.206E-03 9.821E-08  3.14E-05
1.259E+01 2.275E-03 1.238E-07  5.20E-05
1.189E+01 2.355E-03 1.562E-07  7.55E-05
1.122E+01 2.508E-03 1.956E-07  9.79E-05
1.059E+01 2.627E-03 2.471E-07  1.22E-04
1.000E+01 2.800E-03 3.111E-07  1.48E-04
9.441E+00 3.000E-03 3.918E-07  1.76E-04
8.913E+00 3.237E-03 4.931E-07  2.05E-04
8.414E+00 3.510E-03 6.205E-07  2.39E-04
7.943E+00 3.816E-03 7.805E-07  2.79E-04
7.499E+00 4.148E-03 9.815E-07  3.23E-04
7.079E+00 4.523E-03 1.234E-06  3.69E-04
6.683E+00 4.943E-03 1.552E-06  4.19E-04
6.310E+00 5.334E-03 1.950E-06  4.88E-04
5.957E+00 5.927E-03 2.452E-06  5.31E-04
5.623E+00 6.498E-03 3.080E-06  5.97E-04
5.309E+00 7.132E-03 3.870E-06  6.70E-04
5.012E+00 7.822E-03 4.858E-06  7.53E-04
4.732E+00 8.561E-03 6.101E-06  8.43E-04
4.467E+00 9.375E-03 7.661E-06  9.42E-04
4.217E+00 1.027E-02 9.616E-06  1.05E-03
3.981E+00 1.125E-02 1.207E-05  1.17E-03
3.758E+00 1.233E-02 1.515E-05  1.30E-03
3.548E+00 1.351E-02 1.901E-05  1.44E-03
3.350E+00 1.482E-02 2.386E-05  1.60E-03
3.162E+00 1.622E-02 2.993E-05  1.77E-03
2.985E+00 1.781E-02 3.756E-05  1.96E-03
2.818E+00 1.953E-02 4.712E-05  2.16E-03
2.661E+00 2.141E-02 5.910E-05  2.39E-03
2.512E+00 2.344E-02 7.409E-05  2.65E-03
2.371E+00 2.566E-02 9.292E-05  2.93E-03
2.239E+00 2.812E-02 1.165E-04  3.24E-03
2.113E+00 3.082E-02 1.462E-04  3.57E-03
1.995E+00 3.377E-02 1.833E-04  3.94E-03
1.884E+00 3.702E-02 2.299E-04  4.34E-03
1.778E+00 4.062E-02 2.885E-04  4.78E-03
1.679E+00 4.460E-02 3.618E-04  5.26E-03
1.585E+00 4.892E-02 4.538E-04  5.80E-03
1.496E+00 5.366E-02 5.695E-04  6.38E-03
1.413E+00 5.902E-02 7.151E-04  7.00E-03
1.334E+00 6.501E-02 8.977E-04  7.68E-03
1.259E+00 7.162E-02 1.127E-03  8.44E-03
1.189E+00 7.887E-02 1.415E-03  9.26E-03
1.122E+00 8.702E-02 1.777E-03  1.02E-02
1.059E+00 9.621E-02 2.233E-03  1.11E-02
1.000E+00 1.065E-01 2.805E-03  1.22E-02
9.441E-01 1.179E-01 3.523E-03  1.34E-02
8.913E-01 1.305E-01 4.424E-03  1.47E-02
8.414E-01 1.444E-01 5.555E-03  1.62E-02
7.943E-01 1.598E-01 6.975E-03  1.79E-02
7.499E-01 1.768E-01 8.761E-03  1.98E-02
7.079E-01 1.954E-01 1.101E-02  2.20E-02
6.683E-01 2.160E-01 1.385E-02  2.44E-02
6.310E-01 2.387E-01 1.745E-02  2.71E-02
5.957E-01 2.645E-01 2.202E-02  3.02E-02
5.623E-01 2.942E-01 2.786E-02  3.35E-02
5.309E-01 3.285E-01 3.537E-02  3.71E-02
5.012E-01 3.688E-01 4.507E-02  4.10E-02
4.732E-01 4.171E-01 5.759E-02  4.51E-02
4.467E-01 4.761E-01 7.375E-02  4.93E-02
4.217E-01 5.475E-01 9.457E-02  5.30E-02
3.981E-01 6.279E-01 1.213E-01  5.65E-02
3.758E-01 7.155E-01 1.556E-01  5.96E-02
3.548E-01 8.134E-01 2.012E-01  6.21E-02
3.350E-01 9.306E-01 2.630E-01  6.26E-02
3.162E-01 1.071E+00 3.477E-01  5.85E-02
2.985E-01 1.221E+00 4.603E-01  5.07E-02
2.818E-01 1.367E+00 6.163E-01  4.01E-02
2.661E-01 1.517E+00 8.300E-01  3.40E-02
2.512E-01 1.689E+00 1.089E+00  3.89E-02
2.371E-01 1.831E+00 1.271E+00  5.49E-02
2.239E-01 1.806E+00 1.158E+00  8.66E-02
2.113E-01 1.650E+00 8.700E-01  1.37E-01
1.995E-01 1.397E+00 6.285E-01  1.82E-01
1.884E-01 1.168E+00 4.747E-01  2.23E-01
1.778E-01 1.025E+00 3.962E-01  2.75E-01
1.679E-01 9.310E-01 3.786E-01  3.38E-01
1.585E-01 8.721E-01 4.574E-01  4.13E-01
1.496E-01 8.886E-01 6.738E-01  4.85E-01
1.413E-01 9.677E-01 9.821E-01  4.93E-01
1.334E-01 1.071E+00 1.271E+00  4.95E-01
1.259E-01 1.311E+00 1.518E+00  5.37E-01
1.189E-01 1.481E+00 1.577E+00  5.57E-01
1.122E-01 1.566E+00 1.598E+00  5.68E-01
1.059E-01 1.596E+00 1.565E+00  5.75E-01
1.000E-01 1.547E+00 1.524E+00  5.80E-01
9.441E-02 1.521E+00 1.519E+00  5.92E-01
8.913E-02 1.501E+00 1.441E+00  6.17E-01
8.414E-02 1.461E+00 1.469E+00  6.28E-01
7.943E-02 1.436E+00 1.505E+00  6.43E-01
7.499E-02 1.373E+00 1.500E+00  6.55E-01
7.079E-02 1.258E+00 1.465E+00  6.62E-01
6.683E-02 1.121E+00 1.377E+00  6.74E-01
6.310E-02 1.050E+00 1.256E+00  6.97E-01
5.957E-02 1.005E+00 1.211E+00  7.14E-01
5.623E-02 9.322E-01 1.198E+00  7.30E-01
5.309E-02 8.682E-01 1.154E+00  7.52E-01
5.012E-02 8.265E-01 1.112E+00  7.77E-01
4.732E-02 7.847E-01 1.084E+00  8.02E-01
4.467E-02 7.463E-01 1.050E+00  8.28E-01
4.217E-02 7.082E-01 9.967E-01  8.54E-01
3.981E-02 7.162E-01 8.921E-01  8.77E-01
3.758E-02 7.501E-01 8.079E-01  8.92E-01
3.548E-02 7.555E-01 8.447E-01  8.98E-01
3.350E-02 7.229E-01 8.561E-01  9.08E-01
3.162E-02 6.930E-01 8.562E-01  9.17E-01
2.985E-02 6.635E-01 8.511E-01  9.26E-01
2.818E-02 6.336E-01 8.416E-01  9.34E-01
2.661E-02 6.037E-01 8.287E-01  9.41E-01
2.512E-02 5.734E-01 8.114E-01  9.48E-01
2.371E-02 5.426E-01 7.903E-01  9.54E-01
2.239E-02 5.114E-01 7.657E-01  9.59E-01
2.113E-02 4.802E-01 7.373E-01  9.63E-01
1.995E-02 4.490E-01 7.059E-01  9.67E-01
1.884E-02 4.174E-01 6.712E-01  9.71E-01
1.778E-02 3.867E-01 6.342E-01  9.74E-01
1.679E-02 3.565E-01 5.959E-01  9.77E-01
1.585E-02 3.274E-01 5.566E-01  9.79E-01
1.496E-02 2.992E-01 5.170E-01  9.81E-01
1.413E-02 2.724E-01 4.777E-01  9.83E-01
1.334E-02 2.471E-01 4.389E-01  9.85E-01
1.259E-02 2.234E-01 4.015E-01  9.86E-01
1.189E-02 2.015E-01 3.660E-01  9.88E-01
1.122E-02 1.805E-01 3.312E-01  9.89E-01
1.059E-02 1.614E-01 2.985E-01  9.90E-01
1.000E-02 1.441E-01 2.680E-01  9.91E-01
9.441E-03 1.282E-01 2.396E-01  9.92E-01
8.913E-03 1.138E-01 2.130E-01  9.93E-01
8.414E-03 1.008E-01 1.884E-01  9.93E-01
7.943E-03 8.908E-02 1.657E-01  9.94E-01
7.499E-03 7.850E-02 1.446E-01  9.95E-01
7.079E-03 6.920E-02 1.254E-01  9.95E-01
6.683E-03 6.085E-02 1.076E-01  9.96E-01
6.310E-03 5.340E-02 9.101E-02  9.96E-01
5.957E-03 4.689E-02 7.570E-02  9.96E-01
5.623E-03 4.095E-02 6.067E-02  9.97E-01
5.309E-03 3.577E-02 4.624E-02  9.97E-01
5.012E-03 3.125E-02 3.405E-02  9.97E-01
4.732E-03 2.729E-02 1.291E-02  9.98E-01
4.467E-03 2.385E-02 1.233E-02  9.98E-01
4.217E-03 3.790E-01 5.592E-02  9.98E-01
3.981E-03 3.478E-01 7.078E-02  9.98E-01
3.758E-03 3.175E-01 7.021E-02  9.98E-01
3.548E-03 2.881E-01 6.974E-02  9.99E-01
3.350E-03 2.598E-01 6.769E-02  9.99E-01
3.162E-03 2.331E-01 6.453E-02  9.99E-01
2.985E-03 2.086E-01 6.088E-02  9.99E-01
2.818E-03 1.848E-01 5.692E-02  9.99E-01
2.661E-03 1.627E-01 5.267E-02  9.99E-01
2.512E-03 1.429E-01 4.823E-02  9.99E-01
2.371E-03 1.251E-01 4.394E-02  9.99E-01
2.239E-03 1.092E-01 3.987E-02  9.99E-01
2.113E-03 9.486E-02 3.601E-02  9.99E-01
1.995E-03 8.225E-02 3.243E-02  9.99E-01
1.884E-03 7.110E-02 2.913E-02  1.00E+00
1.778E-03 6.124E-02 2.606E-02  1.00E+00
1.679E-03 5.264E-02 2.326E-02  1.00E+00
1.585E-03 4.516E-02 2.074E-02  1.00E+00
1.496E-03 3.868E-02 1.846E-02  1.00E+00
1.413E-03 3.305E-02 1.642E-02  1.00E+00
1.334E-03 2.820E-02 1.459E-02  1.00E+00
1.259E-03 2.406E-02 1.295E-02  1.00E+00
1.189E-03 2.053E-02 1.151E-02  1.00E+00
1.122E-03 1.739E-02 1.019E-02  1.00E+00
1.059E-03 1.474E-02 9.029E-03  1.00E+00
1.000E-03 1.252E-02 8.002E-03  1.00E+00
