1.000E+03 1.947E-06 6.583E-17  0.00E+00
9.441E+02 2.182E-06 8.287E-17  0.00E+00
8.913E+02 2.445E-06 1.043E-16  0.00E+00
8.414E+02 2.739E-06 1.313E-16  0.00E+00
7.943E+02 3.068E-06 1.653E-16  0.00E+00
7.499E+02 3.437E-06 2.081E-16  0.00E+00
7.079E+02 3.849E-06 2.619E-16  0.00E+00
6.683E+02 4.310E-06 3.297E-16  0.00E+00
6.310E+02 4.825E-06 4.150E-16  0.00E+00
5.957E+02 5.400E-06 5.224E-16  0.00E+00
5.623E+02 6.043E-06 6.576E-16  0.00E+00
5.309E+02 6.761E-06 8.277E-16  0.00E+00
5.012E+02 7.563E-06 1.042E-15  0.00E+00
4.732E+02 8.459E-06 1.311E-15  0.00E+00
4.467E+02 9.458E-06 1.651E-15  0.00E+00
4.217E+02 1.057E-05 2.078E-15  0.00E+00
3.981E+02 1.182E-05 2.615E-15  0.00E+00
3.758E+02 1.321E-05 3.291E-15  0.00E+00
3.548E+02 1.476E-05 4.142E-15  0.00E+00
3.350E+02 1.649E-05 5.213E-15  0.00E+00
3.162E+02 1.842E-05 6.561E-15  0.00E+00
2.985E+02 2.058E-05 8.258E-15  0.00E+00
2.818E+02 2.299E-05 1.039E-14  0.00E+00
2.661E+02 2.568E-05 1.308E-14  0.00E+00
2.512E+02 2.869E-05 1.646E-14  0.00E+00
2.371E+02 3.206E-05 2.072E-14  0.00E+00
2.239E+02 3.582E-05 2.607E-14  0.00E+00
2.113E+02 4.004E-05 3.281E-14  0.00E+00
1.995E+02 4.476E-05 4.129E-14  0.00E+00
1.884E+02 5.006E-05 5.197E-14  0.00E+00
1.778E+02 5.600E-05 6.540E-14  0.00E+00
1.679E+02 6.267E-05 8.230E-14  0.00E+00
1.585E+02 7.016E-05 1.036E-13  0.00E+00
1.496E+02 7.859E-05 1.303E-13  0.00E+00
1.413E+02 8.808E-05 1.640E-13  0.00E+00
1.334E+02 9.878E-05 2.063E-13  0.00E+00
1.259E+02 1.108E-04 2.596E-13  0.00E+00
1.189E+02 1.245E-04 3.266E-13  0.00E+00
1.122E+02 1.399E-04 4.109E-13  0.00E+00
1.059E+02 1.573E-04 5.167E-13  0.00E+00
1.000E+02 1.769E-04 6.498E-13  0.00E+00
9.441E+01 1.990E-04 8.168E-13  0.00E+00
8.913E+01 2.237E-04 1.026E-12  0.00E+00
8.414E+01 2.515E-04 1.289E-12  0.00E+00
7.943E+01 2.827E-04 1.619E-12  0.00E+00
7.499E+01 3.177E-04 2.032E-12  0.00E+00
7.079E+01 3.566E-04 2.549E-12  0.00E+00
6.683E+01 3.997E-04 3.195E-12  1.25E-05
6.310E+01 4.474E-04 4.002E-12  1.14E-05
5.957E+01 4.997E-04 5.006E-12  9.78E-06
5.623E+01 5.565E-04 6.256E-12  7.62E-06
5.309E+01 6.174E-04 7.807E-12  5.02E-06
5.012E+01 6.818E-04 9.728E-12  1.99E-06
4.732E+01 7.487E-04 1.210E-11 -1.07E-06
4.467E+01 8.161E-04 1.502E-11 -3.71E-06
4.217E+01 8.817E-04 1.862E-11 -5.63E-06
3.981E+01 9.426E-04 2.303E-11 -7.22E-06
3.758E+01 9.958E-04 2.845E-11 -8.73E-06
3.548E+01 1.038E-03 3.512E-11 -1.01E-05
3.350E+01 1.067E-03 4.333E-11 -1.13E-05
3.162E+01 1.081E-03 5.348E-11 -1.22E-05
2.985E+01 1.079E-03 6.609E-11 -1.27E-05
2.818E+01 1.064E-03 8.184E-11 -1.29E-05
2.661E+01 1.039E-03 1.016E-10 -1.28E-05
2.512E+01 1.005E-03 1.264E-10 -1.23E-05
2.371E+01 9.651E-04 1.576E-10 -1.11E-05
2.239E+01 9.228E-04 1.971E-10 -1.03E-05
2.113E+01 8.827E-04 2.470E-10 -9.28E-06
1.995E+01 8.462E-04 3.101E-10 -7.85E-06
1.884E+01 8.138E-04 3.896E-10 -6.00E-06
1.778E+01 7.869E-04 4.902E-10 -4.45E-06
1.679E+01 7.672E-04 6.172E-10 -2.82E-06
1.585E+01 7.552E-04 7.774E-10 -1.08E-06
1.496E+01 7.510E-04 9.797E-10  6.20E-07
1.413E+01 7.562E-04 1.235E-09  2.46E-06
1.334E+01 7.710E-04 1.556E-09  4.57E-06
1.259E+01 7.944E-04 1.962E-09  7.12E-06
1.189E+01 8.214E-04 2.475E-09  1.01E-05
1.122E+01 8.742E-04 3.100E-09  1.29E-05
1.059E+01 9.145E-04 3.915E-09  1.59E-05
1.000E+01 9.740E-04 4.929E-09  1.92E-05
9.441E+00 1.043E-03 6.207E-09  2.26E-05
8.913E+00 1.125E-03 7.813E-09  2.64E-05
8.414E+00 1.219E-03 9.831E-09  3.06E-05
7.943E+00 1.324E-03 1.236E-08  3.57E-05
7.499E+00 1.438E-03 1.555E-08  4.13E-05
7.079E+00 1.568E-03 1.955E-08  4.71E-05
6.683E+00 1.712E-03 2.458E-08  5.34E-05
6.310E+00 1.845E-03 3.088E-08  6.22E-05
5.957E+00 2.050E-03 3.882E-08  6.77E-05
5.623E+00 2.246E-03 4.877E-08  7.61E-05
5.309E+00 2.463E-03 6.126E-08  8.54E-05
5.012E+00 2.699E-03 7.690E-08  9.59E-05
4.732E+00 2.951E-03 9.655E-08  1.07E-04
4.467E+00 3.228E-03 1.212E-07  1.20E-04
4.217E+00 3.533E-03 1.521E-07  1.34E-04
3.981E+00 3.866E-03 1.909E-07  1.49E-04
3.758E+00 4.229E-03 2.395E-07  1.66E-04
3.548E+00 4.628E-03 3.005E-07  1.84E-04
3.350E+00 5.069E-03 3.770E-07  2.04E-04
3.162E+00 5.538E-03 4.728E-07  2.26E-04
2.985E+00 6.071E-03 5.929E-07  2.50E-04
2.818E+00 6.644E-03 7.435E-07  2.77E-04
2.661E+00 7.268E-03 9.320E-07  3.06E-04
2.512E+00 7.938E-03 1.168E-06  3.39E-04
2.371E+00 8.669E-03 1.464E-06  3.76E-04
2.239E+00 9.472E-03 1.834E-06  4.15E-04
2.113E+00 1.035E-02 2.299E-06  4.58E-04
1.995E+00 1.131E-02 2.881E-06  5.06E-04
1.884E+00 1.235E-02 3.610E-06  5.58E-04
1.778E+00 1.351E-02 4.524E-06  6.15E-04
1.679E+00 1.477E-02 5.667E-06  6.78E-04
1.585E+00 1.613E-02 7.097E-06  7.49E-04
1.496E+00 1.762E-02 8.894E-06  8.26E-04
1.413E+00 1.928E-02 1.115E-05  9.08E-04
1.334E+00 2.113E-02 1.397E-05  9.97E-04
1.259E+00 2.315E-02 1.749E-05  1.10E-03
1.189E+00 2.534E-02 2.192E-05  1.21E-03
1.122E+00 2.778E-02 2.747E-05  1.33E-03
1.059E+00 3.051E-02 3.441E-05  1.46E-03
1.000E+00 3.353E-02 4.309E-05  1.60E-03
9.441E-01 3.685E-02 5.395E-05  1.76E-03
8.913E-01 4.047E-02 6.751E-05  1.94E-03
8.414E-01 4.439E-02 8.443E-05  2.15E-03
7.943E-01 4.865E-02 1.056E-04  2.37E-03
7.499E-01 5.325E-02 1.320E-04  2.63E-03
7.079E-01 5.820E-02 1.650E-04  2.92E-03
6.683E-01 6.351E-02 2.064E-04  3.25E-03
6.310E-01 6.917E-02 2.585E-04  3.63E-03
5.957E-01 7.542E-02 3.241E-04  4.05E-03
5.623E-01 8.240E-02 4.072E-04  4.52E-03
5.309E-01 9.022E-02 5.129E-04  5.03E-03
5.012E-01 9.912E-02 6.480E-04  5.60E-03
4.732E-01 1.095E-01 8.206E-04  6.21E-03
4.467E-01 1.221E-01 1.041E-03  6.85E-03
4.217E-01 1.372E-01 1.324E-03  7.49E-03
3.981E-01 1.538E-01 1.683E-03  8.13E-03
3.758E-01 1.713E-01 2.144E-03  8.79E-03
3.548E-01 1.902E-01 2.754E-03  9.45E-03
3.350E-01 2.133E-01 3.586E-03  9.96E-03
3.162E-01 2.445E-01 4.752E-03  9.87E-03
2.985E-01 2.851E-01 6.388E-03  8.77E-03
2.818E-01 3.357E-01 8.833E-03  6.08E-03
2.661E-01 4.068E-01 1.275E-02  2.52E-03
2.512E-01 5.263E-01 1.961E-02  9.31E-04
2.371E-01 7.714E-01 3.245E-02  2.03E-03
2.239E-01 1.162E+00 4.889E-02  4.93E-03
2.113E-01 1.337E+00 5.010E-02  9.13E-03
1.995E-01 1.044E+00 3.330E-02  1.42E-02
1.884E-01 7.222E-01 1.947E-02  1.99E-02
1.778E-01 5.174E-01 1.254E-02  2.65E-02
1.679E-01 3.941E-01 1.016E-02  3.38E-02
1.585E-01 3.143E-01 1.134E-02  4.13E-02
1.496E-01 2.628E-01 1.627E-02  4.95E-02
1.413E-01 2.423E-01 2.632E-02  5.84E-02
1.334E-01 2.562E-01 4.374E-02  6.90E-02
1.259E-01 3.161E-01 7.447E-02  8.39E-02
1.189E-01 4.601E-01 1.264E-01  1.01E-01
1.122E-01 7.055E-01 2.232E-01  9.66E-02
1.059E-01 1.120E+00 3.783E-01  7.71E-02
1.000E-01 1.558E+00 5.008E-01  7.78E-02
9.441E-02 1.871E+00 6.129E-01  7.71E-02
8.913E-02 1.914E+00 6.201E-01  8.95E-02
8.414E-02 1.976E+00 7.553E-01  9.23E-02
7.943E-02 1.998E+00 8.431E-01  1.07E-01
7.499E-02 1.918E+00 8.155E-01  1.39E-01
7.079E-02 1.721E+00 7.441E-01  1.73E-01
6.683E-02 1.421E+00 6.192E-01  2.04E-01
6.310E-02 1.207E+00 5.093E-01  2.30E-01
5.957E-02 1.089E+00 4.687E-01  2.57E-01
5.623E-02 9.512E-01 4.365E-01  2.84E-01
5.309E-02 8.130E-01 3.868E-01  3.11E-01
5.012E-02 7.173E-01 3.472E-01  3.41E-01
4.732E-02 6.331E-01 3.147E-01  3.74E-01
4.467E-02 5.600E-01 2.802E-01  4.09E-01
4.217E-02 4.944E-01 2.400E-01  4.48E-01
3.981E-02 4.812E-01 2.035E-01  4.94E-01
3.758E-02 5.012E-01 1.839E-01  5.41E-01
3.548E-02 5.105E-01 2.003E-01  5.82E-01
3.350E-02 4.710E-01 1.966E-01  6.19E-01
3.162E-02 4.347E-01 1.891E-01  6.57E-01
2.985E-02 4.001E-01 1.801E-01  6.93E-01
2.818E-02 3.674E-01 1.703E-01  7.27E-01
2.661E-02 3.367E-01 1.605E-01  7.56E-01
2.512E-02 3.075E-01 1.506E-01  7.80E-01
2.371E-02 2.800E-01 1.410E-01  7.99E-01
2.239E-02 2.544E-01 1.318E-01  8.14E-01
2.113E-02 2.308E-01 1.229E-01  8.26E-01
1.995E-02 2.092E-01 1.143E-01  8.38E-01
1.884E-02 1.891E-01 1.057E-01  8.52E-01
1.778E-02 1.707E-01 9.724E-02  8.68E-01
1.679E-02 1.537E-01 8.910E-02  8.83E-01
1.585E-02 1.381E-01 8.139E-02  8.95E-01
1.496E-02 1.237E-01 7.419E-02  9.03E-01
1.413E-02 1.106E-01 6.747E-02  9.09E-01
1.334E-02 9.882E-02 6.110E-02  9.17E-01
1.259E-02 8.811E-02 5.512E-02  9.26E-01
1.189E-02 7.848E-02 4.962E-02  9.34E-01
1.122E-02 6.949E-02 4.444E-02  9.39E-01
1.059E-02 6.152E-02 3.970E-02  9.43E-01
1.000E-02 5.444E-02 3.535E-02  9.49E-01
9.441E-03 4.807E-02 3.137E-02  9.54E-01
8.913E-03 4.236E-02 2.772E-02  9.58E-01
8.414E-03 3.729E-02 2.439E-02  9.62E-01
7.943E-03 3.279E-02 2.134E-02  9.66E-01
7.499E-03 2.876E-02 1.855E-02  9.69E-01
7.079E-03 2.525E-02 1.603E-02  9.71E-01
6.683E-03 2.212E-02 1.371E-02  9.74E-01
6.310E-03 1.935E-02 1.157E-02  9.76E-01
5.957E-03 1.695E-02 9.598E-03  9.79E-01
5.623E-03 1.476E-02 7.675E-03  9.81E-01
5.309E-03 1.287E-02 5.838E-03  9.82E-01
5.012E-03 1.122E-02 4.292E-03  9.84E-01
4.732E-03 9.782E-03 1.624E-03  9.86E-01
4.467E-03 8.537E-03 1.550E-03  9.87E-01
4.217E-03 1.587E-01 8.365E-03  9.88E-01
3.981E-03 1.434E-01 1.044E-02  9.89E-01
3.758E-03 1.289E-01 1.020E-02  9.90E-01
3.548E-03 1.153E-01 9.979E-03  9.91E-01
3.350E-03 1.026E-01 9.553E-03  9.92E-01
3.162E-03 9.093E-02 8.989E-03  9.93E-01
2.985E-03 8.047E-02 8.384E-03  9.93E-01
2.818E-03 7.055E-02 7.753E-03  9.94E-01
2.661E-03 6.155E-02 7.101E-03  9.95E-01
2.512E-03 5.360E-02 6.445E-03  9.95E-01
2.371E-03 4.659E-02 5.826E-03  9.96E-01
2.239E-03 4.041E-02 5.250E-03  9.96E-01
2.113E-03 3.489E-02 4.712E-03  9.96E-01
1.995E-03 3.010E-02 4.222E-03  9.97E-01
1.884E-03 2.591E-02 3.774E-03  9.97E-01
1.778E-03 2.223E-02 3.363E-03  9.97E-01
1.679E-03 1.905E-02 2.991E-03  9.98E-01
1.585E-03 1.630E-02 2.658E-03  9.98E-01
1.496E-03 1.392E-02 2.360E-03  9.98E-01
1.413E-03 1.187E-02 2.094E-03  9.98E-01
1.334E-03 1.011E-02 1.857E-03  9.98E-01
1.259E-03 8.614E-03 1.646E-03  9.99E-01
1.189E-03 7.341E-03 1.461E-03  9.99E-01
1.122E-03 6.210E-03 1.292E-03  9.99E-01
1.059E-03 5.259E-03 1.143E-03  9.99E-01
1.000E-03 4.462E-03 1.012E-03  9.99E-01
