1.000E+03 6.804E-06 1.655E-14  0.00E+00
9.441E+02 7.636E-06 2.083E-14  0.00E+00
8.913E+02 8.569E-06 2.622E-14  0.00E+00
8.414E+02 9.617E-06 3.301E-14  0.00E+00
7.943E+02 1.079E-05 4.156E-14  0.00E+00
7.499E+02 1.211E-05 5.232E-14  0.00E+00
7.079E+02 1.360E-05 6.587E-14  0.00E+00
6.683E+02 1.526E-05 8.292E-14  0.00E+00
6.310E+02 1.713E-05 1.044E-13  0.00E+00
5.957E+02 1.923E-05 1.314E-13  0.00E+00
5.623E+02 2.158E-05 1.655E-13  0.00E+00
5.309E+02 2.423E-05 2.083E-13  0.00E+00
5.012E+02 2.720E-05 2.622E-13  0.00E+00
4.732E+02 3.054E-05 3.301E-13  0.00E+00
4.467E+02 3.430E-05 4.156E-13  0.00E+00
4.217E+02 3.851E-05 5.232E-13  0.00E+00
3.981E+02 4.326E-05 6.587E-13  0.00E+00
3.758E+02 4.859E-05 8.292E-13  0.00E+00
3.548E+02 5.459E-05 1.044E-12  0.00E+00
3.350E+02 6.135E-05 1.314E-12  0.00E+00
3.162E+02 6.895E-05 1.654E-12  0.00E+00
2.985E+02 7.751E-05 2.083E-12  0.00E+00
2.818E+02 8.717E-05 2.622E-12  0.00E+00
2.661E+02 9.805E-05 3.300E-12 -6.32E-06
2.512E+02 1.103E-04 4.154E-12 -5.99E-06
2.371E+02 1.242E-04 5.229E-12 -5.41E-06
2.239E+02 1.399E-04 6.582E-12 -4.52E-06
2.113E+02 1.576E-04 8.285E-12 -3.25E-06
1.995E+02 1.776E-04 1.043E-11 -1.50E-06
1.884E+02 2.001E-04 1.312E-11  8.46E-07
1.778E+02 2.254E-04 1.651E-11  3.92E-06
1.679E+02 2.537E-04 2.076E-11  7.87E-06
1.585E+02 2.849E-04 2.611E-11  1.29E-05
1.496E+02 3.191E-04 3.284E-11  1.93E-05
1.413E+02 3.562E-04 4.129E-11  2.73E-05
1.334E+02 3.969E-04 5.192E-11  3.73E-05
1.259E+02 4.422E-04 6.531E-11  4.95E-05
1.189E+02 4.935E-04 8.217E-11  6.38E-05
1.122E+02 5.521E-04 1.034E-10  8.01E-05
1.059E+02 6.191E-04 1.301E-10  9.72E-05
1.000E+02 6.955E-04 1.636E-10  1.13E-04
9.441E+01 7.823E-04 2.057E-10  1.27E-04
8.913E+01 8.801E-04 2.587E-10  1.42E-04
8.414E+01 9.903E-04 3.251E-10  1.55E-04
7.943E+01 1.115E-03 4.084E-10  1.62E-04
7.499E+01 1.255E-03 5.129E-10  1.64E-04
7.079E+01 1.412E-03 6.436E-10  1.60E-04
6.683E+01 1.587E-03 8.072E-10  1.50E-04
6.310E+01 1.781E-03 1.011E-09  1.33E-04
5.957E+01 1.996E-03 1.266E-09  1.09E-04
5.623E+01 2.230E-03 1.583E-09  7.55E-05
5.309E+01 2.484E-03 1.977E-09  3.54E-05
5.012E+01 2.754E-03 2.464E-09 -1.10E-05
4.732E+01 3.036E-03 3.066E-09 -5.79E-05
4.467E+01 3.323E-03 3.808E-09 -9.80E-05
4.217E+01 3.605E-03 4.718E-09 -1.27E-04
3.981E+01 3.868E-03 5.835E-09 -1.51E-04
3.758E+01 4.099E-03 7.203E-09 -1.73E-04
3.548E+01 4.284E-03 8.882E-09 -1.93E-04
3.350E+01 4.410E-03 1.095E-08 -2.11E-04
3.162E+01 4.467E-03 1.349E-08 -2.23E-04
2.985E+01 4.458E-03 1.665E-08 -2.30E-04
2.818E+01 4.391E-03 2.060E-08 -2.33E-04
2.661E+01 4.274E-03 2.554E-08 -2.30E-04
2.512E+01 4.124E-03 3.176E-08 -2.20E-04
2.371E+01 3.951E-03 3.959E-08 -1.99E-04
2.239E+01 3.768E-03 4.950E-08 -1.85E-04
2.113E+01 3.597E-03 6.202E-08 -1.67E-04
1.995E+01 3.443E-03 7.785E-08 -1.43E-04
1.884E+01 3.309E-03 9.783E-08 -1.13E-04
1.778E+01 3.199E-03 1.231E-07 -8.70E-05
1.679E+01 3.121E-03 1.550E-07 -6.01E-05
1.585E+01 3.076E-03 1.953E-07 -3.16E-05
1.496E+01 3.064E-03 2.461E-07 -3.94E-06
1.413E+01 3.090E-03 3.102E-07  2.58E-05
1.334E+01 3.157E-03 3.910E-07  5.98E-05
1.259E+01 3.260E-03 4.929E-07  1.01E-04
1.189E+01 3.379E-03 6.219E-07  1.47E-04
1.122E+01 3.601E-03 7.790E-07  1.92E-04
1.059E+01 3.776E-03 9.840E-07  2.40E-04
1.000E+01 4.029E-03 1.239E-06  2.91E-04
9.441E+00 4.321E-03 1.560E-06  3.45E-04
8.913E+00 4.667E-03 1.964E-06  4.04E-04
8.414E+00 5.064E-03 2.472E-06  4.71E-04
7.943E+00 5.511E-03 3.109E-06  5.49E-04
7.499E+00 5.995E-03 3.910E-06  6.37E-04
7.079E+00 6.544E-03 4.918E-06  7.26E-04
6.683E+00 7.157E-03 6.184E-06  8.25E-04
6.310E+00 7.735E-03 7.772E-06  9.61E-04
5.957E+00 8.599E-03 9.772E-06  1.05E-03
5.623E+00 9.436E-03 1.228E-05  1.18E-03
5.309E+00 1.037E-02 1.543E-05  1.32E-03
5.012E+00 1.138E-02 1.937E-05  1.48E-03
4.732E+00 1.247E-02 2.434E-05  1.66E-03
4.467E+00 1.368E-02 3.056E-05  1.85E-03
4.217E+00 1.501E-02 3.837E-05  2.07E-03
3.981E+00 1.647E-02 4.817E-05  2.30E-03
3.758E+00 1.807E-02 6.048E-05  2.56E-03
3.548E+00 1.983E-02 7.594E-05  2.83E-03
3.350E+00 2.180E-02 9.533E-05  3.13E-03
3.162E+00 2.390E-02 1.197E-04  3.47E-03
2.985E+00 2.630E-02 1.502E-04  3.84E-03
2.818E+00 2.890E-02 1.885E-04  4.24E-03
2.661E+00 3.175E-02 2.366E-04  4.68E-03
2.512E+00 3.485E-02 2.968E-04  5.18E-03
2.371E+00 3.826E-02 3.725E-04  5.73E-03
2.239E+00 4.205E-02 4.676E-04  6.32E-03
2.113E+00 4.624E-02 5.871E-04  6.96E-03
1.995E+00 5.082E-02 7.370E-04  7.67E-03
1.884E+00 5.592E-02 9.255E-04  8.44E-03
1.778E+00 6.161E-02 1.163E-03  9.28E-03
1.679E+00 6.792E-02 1.460E-03  1.02E-02
1.585E+00 7.482E-02 1.834E-03  1.12E-02
1.496E+00 8.249E-02 2.306E-03  1.23E-02
1.413E+00 9.119E-02 2.900E-03  1.35E-02
1.334E+00 1.010E-01 3.648E-03  1.48E-02
1.259E+00 1.119E-01 4.589E-03  1.62E-02
1.189E+00 1.240E-01 5.778E-03  1.77E-02
1.122E+00 1.376E-01 7.278E-03  1.94E-02
1.059E+00 1.532E-01 9.169E-03  2.12E-02
1.000E+00 1.707E-01 1.155E-02  2.31E-02
9.441E-01 1.903E-01 1.456E-02  2.53E-02
8.913E-01 2.123E-01 1.835E-02  2.78E-02
8.414E-01 2.368E-01 2.313E-02  3.05E-02
7.943E-01 2.643E-01 2.917E-02  3.36E-02
7.499E-01 2.950E-01 3.679E-02  3.71E-02
7.079E-01 3.293E-01 4.642E-02  4.10E-02
6.683E-01 3.679E-01 5.864E-02  4.54E-02
6.310E-01 4.114E-01 7.419E-02  5.04E-02
5.957E-01 4.613E-01 9.403E-02  5.59E-02
5.623E-01 5.194E-01 1.194E-01  6.18E-02
5.309E-01 5.872E-01 1.520E-01  6.83E-02
5.012E-01 6.669E-01 1.938E-01  7.50E-02
4.732E-01 7.613E-01 2.472E-01  8.20E-02
4.467E-01 8.733E-01 3.146E-01  8.87E-02
4.217E-01 1.002E+00 3.979E-01  9.46E-02
3.981E-01 1.135E+00 4.986E-01  9.98E-02
3.758E-01 1.263E+00 6.173E-01  1.05E-01
3.548E-01 1.386E+00 7.573E-01  1.10E-01
3.350E-01 1.499E+00 9.176E-01  1.13E-01
3.162E-01 1.585E+00 1.087E+00  1.14E-01
2.985E-01 1.621E+00 1.243E+00  1.14E-01
2.818E-01 1.599E+00 1.390E+00  1.15E-01
2.661E-01 1.540E+00 1.514E+00  1.23E-01
2.512E-01 1.488E+00 1.579E+00  1.48E-01
2.371E-01 1.503E+00 1.548E+00  1.99E-01
2.239E-01 1.591E+00 1.407E+00  2.87E-01
2.113E-01 1.571E+00 1.190E+00  3.66E-01
1.995E-01 1.406E+00 9.911E-01  4.16E-01
1.884E-01 1.270E+00 8.601E-01  4.74E-01
1.778E-01 1.190E+00 7.779E-01  5.28E-01
1.679E-01 1.123E+00 7.509E-01  5.66E-01
1.585E-01 1.065E+00 8.552E-01  5.80E-01
1.496E-01 1.080E+00 1.039E+00  6.06E-01
1.413E-01 1.215E+00 1.308E+00  6.60E-01
1.334E-01 1.303E+00 1.568E+00  6.61E-01
1.259E-01 1.476E+00 1.656E+00  6.83E-01
1.189E-01 1.524E+00 1.599E+00  6.87E-01
1.122E-01 1.500E+00 1.472E+00  6.69E-01
1.059E-01 1.442E+00 1.493E+00  6.66E-01
1.000E-01 1.397E+00 1.531E+00  6.72E-01
9.441E-02 1.368E+00 1.555E+00  6.79E-01
8.913E-02 1.351E+00 1.501E+00  6.97E-01
8.414E-02 1.309E+00 1.531E+00  7.00E-01
7.943E-02 1.274E+00 1.564E+00  7.05E-01
7.499E-02 1.213E+00 1.565E+00  7.09E-01
7.079E-02 1.116E+00 1.544E+00  7.12E-01
6.683E-02 1.013E+00 1.479E+00  7.23E-01
6.310E-02 9.712E-01 1.377E+00  7.45E-01
5.957E-02 9.423E-01 1.335E+00  7.60E-01
5.623E-02 8.872E-01 1.325E+00  7.71E-01
5.309E-02 8.435E-01 1.289E+00  7.91E-01
5.012E-02 8.176E-01 1.253E+00  8.12E-01
4.732E-02 7.905E-01 1.231E+00  8.34E-01
4.467E-02 7.669E-01 1.212E+00  8.57E-01
4.217E-02 7.447E-01 1.191E+00  8.82E-01
3.981E-02 7.618E-01 1.111E+00  9.04E-01
3.758E-02 7.977E-01 1.023E+00  9.18E-01
3.548E-02 8.013E-01 1.048E+00  9.22E-01
3.350E-02 7.767E-01 1.069E+00  9.29E-01
3.162E-02 7.547E-01 1.083E+00  9.37E-01
2.985E-02 7.328E-01 1.096E+00  9.44E-01
2.818E-02 7.104E-01 1.106E+00  9.51E-01
2.661E-02 6.873E-01 1.114E+00  9.57E-01
2.512E-02 6.626E-01 1.118E+00  9.63E-01
2.371E-02 6.365E-01 1.117E+00  9.68E-01
2.239E-02 6.088E-01 1.111E+00  9.72E-01
2.113E-02 5.799E-01 1.098E+00  9.75E-01
1.995E-02 5.497E-01 1.078E+00  9.78E-01
1.884E-02 5.179E-01 1.050E+00  9.81E-01
1.778E-02 4.856E-01 1.016E+00  9.83E-01
1.679E-02 4.530E-01 9.751E-01  9.85E-01
1.585E-02 4.204E-01 9.293E-01  9.87E-01
1.496E-02 3.881E-01 8.794E-01  9.89E-01
1.413E-02 3.565E-01 8.266E-01  9.90E-01
1.334E-02 3.261E-01 7.714E-01  9.91E-01
1.259E-02 2.971E-01 7.157E-01  9.92E-01
1.189E-02 2.697E-01 6.607E-01  9.93E-01
1.122E-02 2.432E-01 6.050E-01  9.94E-01
1.059E-02 2.186E-01 5.510E-01  9.94E-01
1.000E-02 1.961E-01 4.993E-01  9.95E-01
9.441E-03 1.753E-01 4.500E-01  9.95E-01
8.913E-03 1.562E-01 4.032E-01  9.96E-01
8.414E-03 1.388E-01 3.590E-01  9.96E-01
7.943E-03 1.231E-01 3.175E-01  9.97E-01
7.499E-03 1.088E-01 2.787E-01  9.97E-01
7.079E-03 9.610E-02 2.428E-01  9.97E-01
6.683E-03 8.469E-02 2.092E-01  9.98E-01
6.310E-03 7.446E-02 1.776E-01  9.98E-01
5.957E-03 6.549E-02 1.482E-01  9.98E-01
5.623E-03 5.728E-02 1.192E-01  9.98E-01
5.309E-03 5.009E-02 9.108E-02  9.98E-01
5.012E-03 4.381E-02 6.723E-02  9.99E-01
4.732E-03 3.829E-02 2.558E-02  9.99E-01
4.467E-03 3.351E-02 2.444E-02  9.99E-01
4.217E-03 4.848E-01 9.970E-02  9.99E-01
3.981E-03 4.489E-01 1.271E-01  9.99E-01
3.758E-03 4.134E-01 1.273E-01  9.99E-01
3.548E-03 3.782E-01 1.276E-01  9.99E-01
3.350E-03 3.437E-01 1.249E-01  9.99E-01
3.162E-03 3.106E-01 1.201E-01  9.99E-01
2.985E-03 2.798E-01 1.141E-01  9.99E-01
2.818E-03 2.494E-01 1.075E-01  9.99E-01
2.661E-03 2.209E-01 1.001E-01  1.00E+00
2.512E-03 1.950E-01 9.223E-02  1.00E+00
2.371E-03 1.715E-01 8.447E-02  1.00E+00
2.239E-03 1.503E-01 7.701E-02  1.00E+00
2.113E-03 1.310E-01 6.985E-02  1.00E+00
1.995E-03 1.139E-01 6.315E-02  1.00E+00
1.884E-03 9.875E-02 5.690E-02  1.00E+00
1.778E-03 8.526E-02 5.106E-02  1.00E+00
1.679E-03 7.344E-02 4.569E-02  1.00E+00
1.585E-03 6.312E-02 4.082E-02  1.00E+00
1.496E-03 5.414E-02 3.641E-02  1.00E+00
1.413E-03 4.633E-02 3.243E-02  1.00E+00
1.334E-03 3.958E-02 2.886E-02  1.00E+00
1.259E-03 3.380E-02 2.565E-02  1.00E+00
1.189E-03 2.886E-02 2.282E-02  1.00E+00
1.122E-03 2.446E-02 2.023E-02  1.00E+00
1.059E-03 2.075E-02 1.793E-02  1.00E+00
1.000E-03 1.763E-02 1.590E-02  1.00E+00
