1.000E+03 3.159E-07 1.646E-20  0.00E+00
9.441E+02 3.507E-07 2.071E-20  0.00E+00
8.913E+02 3.896E-07 2.607E-20  0.00E+00
8.414E+02 4.331E-07 3.282E-20  0.00E+00
7.943E+02 4.818E-07 4.131E-20  0.00E+00
7.499E+02 5.364E-07 5.201E-20  0.00E+00
7.079E+02 5.975E-07 6.546E-20  0.00E+00
6.683E+02 6.660E-07 8.240E-20  0.00E+00
6.310E+02 7.428E-07 1.037E-19  0.00E+00
5.957E+02 8.288E-07 1.306E-19  0.00E+00
5.623E+02 9.253E-07 1.643E-19  0.00E+00
5.309E+02 1.033E-06 2.069E-19  0.00E+00
5.012E+02 1.155E-06 2.604E-19  0.00E+00
4.732E+02 1.290E-06 3.278E-19  0.00E+00
4.467E+02 1.442E-06 4.125E-19  0.00E+00
4.217E+02 1.613E-06 5.192E-19  0.00E+00
3.981E+02 1.804E-06 6.535E-19  0.00E+00
3.758E+02 2.018E-06 8.225E-19  0.00E+00
3.548E+02 2.258E-06 1.035E-18  0.00E+00
3.350E+02 2.527E-06 1.303E-18  0.00E+00
3.162E+02 2.828E-06 1.639E-18  0.00E+00
2.985E+02 3.166E-06 2.063E-18  0.00E+00
2.818E+02 3.543E-06 2.596E-18  0.00E+00
2.661E+02 3.966E-06 3.266E-18  0.00E+00
2.512E+02 4.438E-06 4.110E-18  0.00E+00
2.371E+02 4.967E-06 5.171E-18  0.00E+00
2.239E+02 5.558E-06 6.505E-18  0.00E+00
2.113E+02 6.219E-06 8.182E-18  0.00E+00
1.995E+02 6.957E-06 1.029E-17  0.00E+00
1.884E+02 7.782E-06 1.294E-17  0.00E+00
1.778E+02 8.702E-06 1.628E-17  0.00E+00
1.679E+02 9.728E-06 2.046E-17  0.00E+00
1.585E+02 1.087E-05 2.572E-17  0.00E+00
1.496E+02 1.215E-05 3.233E-17  0.00E+00
1.413E+02 1.356E-05 4.063E-17  0.00E+00
1.334E+02 1.514E-05 5.105E-17  0.00E+00
1.259E+02 1.689E-05 6.412E-17  0.00E+00
1.189E+02 1.883E-05 8.052E-17  0.00E+00
1.122E+02 2.097E-05 1.011E-16  0.00E+00
1.059E+02 2.335E-05 1.268E-16  0.00E+00
1.000E+02 2.596E-05 1.591E-16  0.00E+00
9.441E+01 2.882E-05 1.995E-16  0.00E+00
8.913E+01 3.194E-05 2.500E-16  0.00E+00
8.414E+01 3.533E-05 3.131E-16  0.00E+00
7.943E+01 3.901E-05 3.919E-16  0.00E+00
7.499E+01 4.297E-05 4.903E-16  0.00E+00
7.079E+01 4.720E-05 6.129E-16  0.00E+00
6.683E+01 5.170E-05 7.657E-16  0.00E+00
6.310E+01 5.642E-05 9.559E-16  0.00E+00
5.957E+01 6.135E-05 1.192E-15  0.00E+00
5.623E+01 6.642E-05 1.486E-15  0.00E+00
5.309E+01 7.157E-05 1.851E-15  0.00E+00
5.012E+01 7.672E-05 2.304E-15  0.00E+00
4.732E+01 8.180E-05 2.867E-15  0.00E+00
4.467E+01 8.667E-05 3.564E-15  0.00E+00
4.217E+01 9.122E-05 4.429E-15  0.00E+00
3.981E+01 9.531E-05 5.503E-15  0.00E+00
3.758E+01 9.884E-05 6.838E-15  0.00E+00
3.548E+01 1.017E-04 8.499E-15  0.00E+00
3.350E+01 1.039E-04 1.057E-14  0.00E+00
3.162E+01 1.053E-04 1.315E-14  0.00E+00
2.985E+01 1.060E-04 1.638E-14  0.00E+00
2.818E+01 1.061E-04 2.043E-14  0.00E+00
2.661E+01 1.057E-04 2.551E-14  0.00E+00
2.512E+01 1.049E-04 3.188E-14  0.00E+00
2.371E+01 1.036E-04 3.987E-14  0.00E+00
2.239E+01 1.020E-04 4.994E-14  0.00E+00
2.113E+01 1.005E-04 6.262E-14  0.00E+00
1.995E+01 9.904E-05 7.859E-14  0.00E+00
1.884E+01 9.760E-05 9.867E-14  0.00E+00
1.778E+01 9.638E-05 1.240E-13  0.00E+00
1.679E+01 9.562E-05 1.560E-13  0.00E+00
1.585E+01 9.538E-05 1.962E-13  0.00E+00
1.496E+01 9.576E-05 2.470E-13  0.00E+00
1.413E+01 9.697E-05 3.110E-13  0.00E+00
1.334E+01 9.909E-05 3.916E-13  0.00E+00
1.259E+01 1.020E-04 4.932E-13  0.00E+00
1.189E+01 1.052E-04 6.218E-13  0.00E+00
1.122E+01 1.117E-04 7.786E-13  0.00E+00
1.059E+01 1.163E-04 9.830E-13  0.00E+00
1.000E+01 1.234E-04 1.237E-12  0.00E+00
9.441E+00 1.315E-04 1.558E-12  0.00E+00
8.913E+00 1.413E-04 1.960E-12  0.00E+00
8.414E+00 1.525E-04 2.467E-12  5.55E-07
7.943E+00 1.652E-04 3.102E-12  6.32E-07
7.499E+00 1.790E-04 3.901E-12  7.20E-07
7.079E+00 1.948E-04 4.906E-12  8.08E-07
6.683E+00 2.125E-04 6.168E-12  9.07E-07
6.310E+00 2.289E-04 7.752E-12  1.04E-06
5.957E+00 2.541E-04 9.744E-12  1.13E-06
5.623E+00 2.784E-04 1.224E-11  1.26E-06
5.309E+00 3.053E-04 1.538E-11  1.40E-06
5.012E+00 3.347E-04 1.931E-11  1.57E-06
4.732E+00 3.661E-04 2.424E-11  1.75E-06
4.467E+00 4.007E-04 3.044E-11  1.95E-06
4.217E+00 4.387E-04 3.820E-11  2.16E-06
3.981E+00 4.803E-04 4.793E-11  2.41E-06
3.758E+00 5.258E-04 6.015E-11  2.67E-06
3.548E+00 5.756E-04 7.547E-11  2.95E-06
3.350E+00 6.308E-04 9.467E-11  3.26E-06
3.162E+00 6.895E-04 1.187E-10  3.61E-06
2.985E+00 7.561E-04 1.489E-10  3.99E-06
2.818E+00 8.277E-04 1.867E-10  4.41E-06
2.661E+00 9.056E-04 2.340E-10  4.88E-06
2.512E+00 9.894E-04 2.932E-10  5.41E-06
2.371E+00 1.081E-03 3.674E-10  5.99E-06
2.239E+00 1.181E-03 4.605E-10  6.61E-06
2.113E+00 1.290E-03 5.770E-10  7.29E-06
1.995E+00 1.409E-03 7.229E-10  8.06E-06
1.884E+00 1.539E-03 9.057E-10  8.89E-06
1.778E+00 1.682E-03 1.135E-09  9.79E-06
1.679E+00 1.839E-03 1.421E-09  1.08E-05
1.585E+00 2.008E-03 1.780E-09  1.19E-05
1.496E+00 2.191E-03 2.230E-09  1.31E-05
1.413E+00 2.396E-03 2.794E-09  1.44E-05
1.334E+00 2.624E-03 3.500E-09  1.59E-05
1.259E+00 2.873E-03 4.382E-09  1.75E-05
1.189E+00 3.142E-03 5.490E-09  1.92E-05
1.122E+00 3.441E-03 6.876E-09  2.12E-05
1.059E+00 3.776E-03 8.610E-09  2.33E-05
1.000E+00 4.146E-03 1.078E-08  2.56E-05
9.441E-01 4.551E-03 1.349E-08  2.81E-05
8.913E-01 4.992E-03 1.686E-08  3.10E-05
8.414E-01 5.469E-03 2.108E-08  3.43E-05
7.943E-01 5.985E-03 2.634E-08  3.79E-05
7.499E-01 6.540E-03 3.290E-08  4.20E-05
7.079E-01 7.134E-03 4.111E-08  4.67E-05
6.683E-01 7.768E-03 5.137E-08  5.20E-05
6.310E-01 8.441E-03 6.426E-08  5.81E-05
5.957E-01 9.177E-03 8.049E-08  6.48E-05
5.623E-01 9.996E-03 1.010E-07  7.24E-05
5.309E-01 1.091E-02 1.270E-07  8.07E-05
5.012E-01 1.194E-02 1.602E-07  8.99E-05
4.732E-01 1.313E-02 2.025E-07  9.98E-05
4.467E-01 1.456E-02 2.565E-07  1.10E-04
4.217E-01 1.628E-02 3.252E-07  1.21E-04
3.981E-01 1.815E-02 4.125E-07  1.32E-04
3.758E-01 2.009E-02 5.239E-07  1.43E-04
3.548E-01 2.213E-02 6.705E-07  1.55E-04
3.350E-01 2.459E-02 8.694E-07  1.65E-04
3.162E-01 2.792E-02 1.146E-06  1.66E-04
2.985E-01 3.230E-02 1.530E-06  1.51E-04
2.818E-01 3.779E-02 2.097E-06  1.09E-04
2.661E-01 4.570E-02 2.989E-06  4.66E-05
2.512E-01 5.890E-02 4.522E-06  1.23E-05
2.371E-01 8.578E-02 7.391E-06  2.52E-05
2.239E-01 1.329E-01 1.150E-05  7.05E-05
2.113E-01 1.696E-01 1.316E-05  1.35E-04
1.995E-01 1.414E-01 9.401E-06  2.12E-04
1.884E-01 9.767E-02 5.480E-06  3.00E-04
1.778E-01 6.784E-02 3.387E-06  4.06E-04
1.679E-01 4.983E-02 2.626E-06  5.27E-04
1.585E-01 3.834E-02 2.836E-06  6.51E-04
1.496E-01 3.074E-02 3.975E-06  7.82E-04
1.413E-01 2.679E-02 6.312E-06  9.22E-04
1.334E-01 2.655E-02 1.028E-05  1.09E-03
1.259E-01 3.018E-02 1.702E-05  1.31E-03
1.189E-01 3.928E-02 2.796E-05  1.58E-03
1.122E-01 5.274E-02 4.752E-05  1.76E-03
1.059E-01 9.243E-02 8.462E-05  1.25E-03
1.000E-01 1.482E-01 1.266E-04  1.21E-03
9.441E-02 2.253E-01 1.912E-04  1.07E-03
8.913E-02 2.699E-01 2.269E-04  1.19E-03
8.414E-02 3.103E-01 3.153E-04  1.09E-03
7.943E-02 4.005E-01 4.855E-04  1.08E-03
7.499E-02 5.087E-01 6.748E-04  1.30E-03
7.079E-02 5.416E-01 7.836E-04  1.61E-03
6.683E-02 4.600E-01 7.144E-04  1.99E-03
6.310E-02 3.673E-01 5.855E-04  2.41E-03
5.957E-02 3.170E-01 5.443E-04  2.83E-03
5.623E-02 2.665E-01 5.031E-04  3.29E-03
5.309E-02 2.142E-01 4.376E-04  3.80E-03
5.012E-02 1.782E-01 3.897E-04  4.36E-03
4.732E-02 1.492E-01 3.535E-04  4.98E-03
4.467E-02 1.250E-01 3.158E-04  5.69E-03
4.217E-02 1.042E-01 2.718E-04  6.49E-03
3.981E-02 9.725E-02 2.405E-04  7.39E-03
3.758E-02 9.922E-02 2.342E-04  8.38E-03
3.548E-02 1.024E-01 2.829E-04  9.42E-03
3.350E-02 9.235E-02 2.950E-04  1.06E-02
3.162E-02 8.298E-02 3.008E-04  1.20E-02
2.985E-02 7.429E-02 3.038E-04  1.35E-02
2.818E-02 6.636E-02 3.048E-04  1.53E-02
2.661E-02 5.924E-02 3.051E-04  1.72E-02
2.512E-02 5.277E-02 3.044E-04  1.94E-02
2.371E-02 4.695E-02 3.030E-04  2.19E-02
2.239E-02 4.173E-02 3.012E-04  2.47E-02
2.113E-02 3.707E-02 2.989E-04  2.78E-02
1.995E-02 3.291E-02 2.962E-04  3.13E-02
1.884E-02 2.913E-02 2.924E-04  3.53E-02
1.778E-02 2.578E-02 2.882E-04  3.97E-02
1.679E-02 2.280E-02 2.837E-04  4.47E-02
1.585E-02 2.015E-02 2.785E-04  5.04E-02
1.496E-02 1.778E-02 2.728E-04  5.67E-02
1.413E-02 1.568E-02 2.665E-04  6.39E-02
1.334E-02 1.382E-02 2.595E-04  7.19E-02
1.259E-02 1.217E-02 2.521E-04  8.10E-02
1.189E-02 1.073E-02 2.443E-04  9.12E-02
1.122E-02 9.408E-03 2.351E-04  1.03E-01
1.059E-02 8.255E-03 2.253E-04  1.16E-01
1.000E-02 7.247E-03 2.151E-04  1.30E-01
9.441E-03 6.355E-03 2.042E-04  1.47E-01
8.913E-03 5.565E-03 1.926E-04  1.65E-01
8.414E-03 4.872E-03 1.802E-04  1.86E-01
7.943E-03 4.263E-03 1.672E-04  2.09E-01
7.499E-03 3.723E-03 1.535E-04  2.35E-01
7.079E-03 3.256E-03 1.395E-04  2.64E-01
6.683E-03 2.844E-03 1.250E-04  2.96E-01
6.310E-03 2.480E-03 1.098E-04  3.32E-01
5.957E-03 2.167E-03 9.450E-05  3.71E-01
5.623E-03 1.883E-03 7.799E-05  4.14E-01
5.309E-03 1.638E-03 6.094E-05  4.59E-01
5.012E-03 1.426E-03 4.584E-05  5.06E-01
4.732E-03 1.240E-03 1.769E-05  5.54E-01
4.467E-03 1.077E-03 1.716E-05  6.03E-01
4.217E-03 2.181E-02 1.032E-04  6.48E-01
3.981E-03 1.956E-02 1.300E-04  6.87E-01
3.758E-03 1.744E-02 1.283E-04  7.21E-01
3.548E-03 1.547E-02 1.272E-04  7.47E-01
3.350E-03 1.367E-02 1.237E-04  7.67E-01
3.162E-03 1.203E-02 1.184E-04  7.82E-01
2.985E-03 1.058E-02 1.123E-04  7.94E-01
2.818E-03 9.226E-03 1.055E-04  8.07E-01
2.661E-03 8.008E-03 9.787E-05  8.21E-01
2.512E-03 6.943E-03 8.974E-05  8.38E-01
2.371E-03 6.013E-03 8.177E-05  8.56E-01
2.239E-03 5.198E-03 7.422E-05  8.72E-01
2.113E-03 4.474E-03 6.714E-05  8.85E-01
1.995E-03 3.850E-03 6.069E-05  8.94E-01
1.884E-03 3.306E-03 5.474E-05  9.01E-01
1.778E-03 2.831E-03 4.917E-05  9.08E-01
1.679E-03 2.422E-03 4.400E-05  9.17E-01
1.585E-03 2.069E-03 3.931E-05  9.27E-01
1.496E-03 1.765E-03 3.509E-05  9.34E-01
1.413E-03 1.504E-03 3.132E-05  9.38E-01
1.334E-03 1.280E-03 2.793E-05  9.43E-01
1.259E-03 1.089E-03 2.485E-05  9.49E-01
1.189E-03 9.276E-04 2.214E-05  9.54E-01
1.122E-03 7.842E-04 1.966E-05  9.58E-01
1.059E-03 6.639E-04 1.746E-05  9.62E-01
1.000E-03 5.630E-04 1.551E-05  9.66E-01
