1.000E+03 1.671E-03 6.864E-07 -1.59E-01
9.441E+02 1.747E-03 8.641E-07 -1.59E-01
8.913E+02 1.833E-03 1.088E-06 -1.59E-01
8.414E+02 1.928E-03 1.370E-06 -1.59E-01
7.943E+02 2.036E-03 1.724E-06 -1.59E-01
7.499E+02 2.156E-03 2.171E-06 -1.59E-01
7.079E+02 2.291E-03 2.733E-06 -1.59E-01
6.683E+02 2.443E-03 3.441E-06 -1.58E-01
6.310E+02 2.613E-03 4.332E-06 -1.58E-01
5.957E+02 2.804E-03 5.454E-06 -1.58E-01
5.623E+02 3.019E-03 6.866E-06 -1.58E-01
5.309E+02 3.260E-03 8.645E-06 -1.57E-01
5.012E+02 3.531E-03 1.088E-05 -1.57E-01
4.732E+02 3.835E-03 1.370E-05 -1.56E-01
4.467E+02 4.178E-03 1.725E-05 -1.56E-01
4.217E+02 4.564E-03 2.172E-05 -1.55E-01
3.981E+02 4.998E-03 2.734E-05 -1.55E-01
3.758E+02 5.487E-03 3.443E-05 -1.54E-01
3.548E+02 6.038E-03 4.334E-05 -1.53E-01
3.350E+02 6.659E-03 5.457E-05 -1.52E-01
3.162E+02 7.361E-03 6.870E-05 -1.51E-01
2.985E+02 8.155E-03 8.650E-05 -1.49E-01
2.818E+02 9.054E-03 1.089E-04 -1.48E-01
2.661E+02 1.008E-02 1.371E-04 -1.46E-01
2.512E+02 1.124E-02 1.726E-04 -1.44E-01
2.371E+02 1.256E-02 2.173E-04 -1.41E-01
2.239E+02 1.409E-02 2.736E-04 -1.38E-01
2.113E+02 1.586E-02 3.444E-04 -1.34E-01
1.995E+02 1.793E-02 4.336E-04 -1.29E-01
1.884E+02 2.040E-02 5.459E-04 -1.23E-01
1.778E+02 2.345E-02 6.873E-04 -1.15E-01
1.679E+02 2.743E-02 8.656E-04 -1.04E-01
1.585E+02 3.319E-02 1.091E-03 -8.94E-02
1.496E+02 4.328E-02 1.379E-03 -6.76E-02
1.413E+02 6.749E-02 1.736E-03 -3.28E-02
1.334E+02 1.089E-01 2.144E-03  1.95E-02
1.259E+02 2.318E-01 2.957E-03  1.92E-02
1.189E+02 2.777E-01 4.093E-03 -1.72E-01
1.122E+02 2.014E-01 4.916E-03 -2.18E-01
1.059E+02 1.865E-01 6.010E-03 -2.06E-01
1.000E+02 1.951E-01 7.573E-03 -2.07E-01
9.441E+01 2.016E-01 9.594E-03 -2.14E-01
8.913E+01 2.059E-01 1.213E-02 -2.19E-01
8.414E+01 2.113E-01 1.529E-02 -2.21E-01
7.943E+01 2.196E-01 1.928E-02 -2.22E-01
7.499E+01 2.312E-01 2.432E-02 -2.21E-01
7.079E+01 2.453E-01 3.068E-02 -2.20E-01
6.683E+01 2.621E-01 3.868E-02 -2.19E-01
6.310E+01 2.815E-01 4.876E-02 -2.17E-01
5.957E+01 3.038E-01 6.141E-02 -2.15E-01
5.623E+01 3.287E-01 7.725E-02 -2.12E-01
5.309E+01 3.562E-01 9.705E-02 -2.10E-01
5.012E+01 3.858E-01 1.217E-01 -2.07E-01
4.732E+01 4.178E-01 1.522E-01 -2.04E-01
4.467E+01 4.508E-01 1.900E-01 -2.01E-01
4.217E+01 4.842E-01 2.364E-01 -1.97E-01
3.981E+01 5.158E-01 2.931E-01 -1.94E-01
3.758E+01 5.437E-01 3.622E-01 -1.90E-01
3.548E+01 5.675E-01 4.459E-01 -1.86E-01
3.350E+01 5.870E-01 5.463E-01 -1.80E-01
3.162E+01 6.030E-01 6.652E-01 -1.72E-01
2.985E+01 6.166E-01 8.028E-01 -1.63E-01
2.818E+01 6.286E-01 9.569E-01 -1.51E-01
2.661E+01 6.397E-01 1.121E+00 -1.36E-01
2.512E+01 6.503E-01 1.286E+00 -1.18E-01
2.371E+01 6.600E-01 1.437E+00 -9.69E-02
2.239E+01 6.639E-01 1.565E+00 -7.16E-02
2.113E+01 6.657E-01 1.663E+00 -4.09E-02
1.995E+01 6.676E-01 1.731E+00 -3.24E-03
1.884E+01 6.704E-01 1.776E+00  4.26E-02
1.778E+01 6.752E-01 1.812E+00  9.81E-02
1.679E+01 6.853E-01 1.858E+00  1.63E-01
1.585E+01 6.970E-01 1.929E+00  2.34E-01
1.496E+01 6.979E-01 2.030E+00  2.97E-01
1.413E+01 6.792E-01 2.136E+00  3.43E-01
1.334E+01 6.534E-01 2.215E+00  3.75E-01
1.259E+01 6.460E-01 2.277E+00  4.03E-01
1.189E+01 6.792E-01 2.371E+00  4.36E-01
1.122E+01 7.198E-01 2.480E+00  4.73E-01
1.059E+01 7.323E-01 2.646E+00  5.01E-01
1.000E+01 6.626E-01 2.558E+00  4.87E-01
9.441E+00 6.243E-01 2.397E+00  4.59E-01
8.913E+00 6.640E-01 2.291E+00  4.43E-01
8.414E+00 7.209E-01 2.288E+00  4.76E-01
7.943E+00 6.544E-01 2.091E+00  4.75E-01
7.499E+00 6.475E-01 1.941E+00  4.41E-01
7.079E+00 7.276E-01 1.861E+00  4.23E-01
6.683E+00 6.256E-01 1.680E+00  4.57E-01
6.310E+00 6.789E-01 1.756E+00  4.81E-01
5.957E+00 6.917E-01 1.786E+00  5.31E-01
5.623E+00 6.296E-01 1.803E+00  5.53E-01
5.309E+00 6.853E-01 1.985E+00  6.18E-01
5.012E+00 6.103E-01 2.009E+00  6.32E-01
4.732E+00 6.806E-01 2.107E+00  6.40E-01
4.467E+00 6.223E-01 2.017E+00  6.52E-01
4.217E+00 6.798E-01 1.969E+00  6.15E-01
3.981E+00 6.413E-01 1.764E+00  6.08E-01
3.758E+00 6.639E-01 1.760E+00  5.90E-01
3.548E+00 6.781E-01 1.648E+00  5.93E-01
3.350E+00 6.689E-01 1.776E+00  6.21E-01
3.162E+00 6.862E-01 1.857E+00  6.73E-01
2.985E+00 7.031E-01 1.847E+00  6.73E-01
2.818E+00 7.239E-01 1.748E+00  6.71E-01
2.661E+00 7.185E-01 1.633E+00  6.62E-01
2.512E+00 7.050E-01 1.610E+00  6.62E-01
2.371E+00 7.158E-01 1.676E+00  6.87E-01
2.239E+00 7.328E-01 1.714E+00  7.06E-01
2.113E+00 7.495E-01 1.642E+00  7.03E-01
1.995E+00 7.644E-01 1.551E+00  6.97E-01
1.884E+00 7.724E-01 1.571E+00  7.12E-01
1.778E+00 7.731E-01 1.614E+00  7.28E-01
1.679E+00 7.861E-01 1.542E+00  7.25E-01
1.585E+00 7.976E-01 1.506E+00  7.29E-01
1.496E+00 8.055E-01 1.531E+00  7.42E-01
1.413E+00 8.076E-01 1.498E+00  7.43E-01
1.334E+00 8.145E-01 1.476E+00  7.46E-01
1.259E+00 8.181E-01 1.482E+00  7.54E-01
1.189E+00 8.198E-01 1.454E+00  7.55E-01
1.122E+00 8.205E-01 1.458E+00  7.61E-01
1.059E+00 8.205E-01 1.441E+00  7.62E-01
1.000E+00 8.197E-01 1.439E+00  7.66E-01
9.441E-01 8.184E-01 1.429E+00  7.69E-01
8.913E-01 8.171E-01 1.424E+00  7.72E-01
8.414E-01 8.157E-01 1.417E+00  7.74E-01
7.943E-01 8.142E-01 1.411E+00  7.77E-01
7.499E-01 8.127E-01 1.405E+00  7.80E-01
7.079E-01 8.111E-01 1.399E+00  7.82E-01
6.683E-01 8.093E-01 1.394E+00  7.84E-01
6.310E-01 8.071E-01 1.389E+00  7.86E-01
5.957E-01 8.046E-01 1.384E+00  7.88E-01
5.623E-01 8.017E-01 1.381E+00  7.89E-01
5.309E-01 7.983E-01 1.378E+00  7.90E-01
5.012E-01 7.943E-01 1.376E+00  7.90E-01
4.732E-01 7.899E-01 1.375E+00  7.90E-01
4.467E-01 7.854E-01 1.374E+00  7.89E-01
4.217E-01 7.808E-01 1.374E+00  7.89E-01
3.981E-01 7.762E-01 1.374E+00  7.88E-01
3.758E-01 7.714E-01 1.374E+00  7.88E-01
3.548E-01 7.645E-01 1.377E+00  7.86E-01
3.350E-01 7.543E-01 1.384E+00  7.81E-01
3.162E-01 7.400E-01 1.396E+00  7.74E-01
2.985E-01 7.228E-01 1.411E+00  7.66E-01
2.818E-01 6.992E-01 1.435E+00  7.55E-01
2.661E-01 6.723E-01 1.462E+00  7.45E-01
2.512E-01 6.487E-01 1.481E+00  7.39E-01
2.371E-01 6.353E-01 1.483E+00  7.39E-01
2.239E-01 6.467E-01 1.459E+00  7.52E-01
2.113E-01 6.773E-01 1.418E+00  7.76E-01
1.995E-01 7.237E-01 1.363E+00  8.09E-01
1.884E-01 7.811E-01 1.297E+00  8.52E-01
1.778E-01 8.440E-01 1.227E+00  8.97E-01
1.679E-01 8.962E-01 1.170E+00  9.30E-01
1.585E-01 9.234E-01 1.141E+00  9.42E-01
1.496E-01 9.261E-01 1.139E+00  9.39E-01
1.413E-01 9.131E-01 1.153E+00  9.29E-01
1.334E-01 8.927E-01 1.172E+00  9.13E-01
1.259E-01 8.664E-01 1.196E+00  8.93E-01
1.189E-01 8.345E-01 1.227E+00  8.68E-01
1.122E-01 7.876E-01 1.274E+00  8.32E-01
1.059E-01 7.337E-01 1.329E+00  7.99E-01
1.000E-01 7.079E-01 1.353E+00  7.87E-01
9.441E-02 6.839E-01 1.375E+00  7.78E-01
8.913E-02 6.915E-01 1.364E+00  7.88E-01
8.414E-02 6.709E-01 1.382E+00  7.79E-01
7.943E-02 6.504E-01 1.400E+00  7.71E-01
7.499E-02 6.335E-01 1.413E+00  7.67E-01
7.079E-02 6.191E-01 1.424E+00  7.66E-01
6.683E-02 6.236E-01 1.416E+00  7.76E-01
6.310E-02 6.578E-01 1.379E+00  8.01E-01
5.957E-02 6.733E-01 1.362E+00  8.12E-01
5.623E-02 6.735E-01 1.359E+00  8.19E-01
5.309E-02 6.878E-01 1.343E+00  8.35E-01
5.012E-02 7.070E-01 1.322E+00  8.53E-01
4.732E-02 7.237E-01 1.303E+00  8.70E-01
4.467E-02 7.438E-01 1.281E+00  8.88E-01
4.217E-02 7.693E-01 1.254E+00  9.09E-01
3.981E-02 8.085E-01 1.213E+00  9.31E-01
3.758E-02 8.409E-01 1.180E+00  9.46E-01
3.548E-02 8.417E-01 1.178E+00  9.47E-01
3.350E-02 8.443E-01 1.174E+00  9.50E-01
3.162E-02 8.497E-01 1.168E+00  9.55E-01
2.985E-02 8.560E-01 1.161E+00  9.60E-01
2.818E-02 8.628E-01 1.153E+00  9.64E-01
2.661E-02 8.698E-01 1.145E+00  9.68E-01
2.512E-02 8.768E-01 1.137E+00  9.72E-01
2.371E-02 8.839E-01 1.129E+00  9.76E-01
2.239E-02 8.908E-01 1.121E+00  9.79E-01
2.113E-02 8.994E-01 1.101E+00  9.82E-01
1.995E-02 9.063E-01 1.094E+00  9.84E-01
1.884E-02 9.129E-01 1.087E+00  9.87E-01
1.778E-02 9.194E-01 1.081E+00  9.89E-01
1.679E-02 9.257E-01 1.074E+00  9.91E-01
1.585E-02 9.314E-01 1.069E+00  9.92E-01
1.496E-02 9.362E-01 1.064E+00  9.93E-01
1.413E-02 9.407E-01 1.059E+00  9.94E-01
1.334E-02 9.457E-01 1.054E+00  9.95E-01
1.259E-02 9.510E-01 1.049E+00  9.96E-01
1.189E-02 9.555E-01 1.045E+00  9.97E-01
1.122E-02 9.585E-01 1.042E+00  9.97E-01
1.059E-02 9.603E-01 1.040E+00  9.98E-01
1.000E-02 9.616E-01 1.038E+00  9.98E-01
9.441E-03 9.627E-01 1.037E+00  9.98E-01
8.913E-03 9.643E-01 1.036E+00  9.98E-01
8.414E-03 9.674E-01 1.033E+00  9.98E-01
7.943E-03 9.709E-01 1.029E+00  9.99E-01
7.499E-03 9.721E-01 1.028E+00  9.99E-01
7.079E-03 9.714E-01 1.029E+00  9.99E-01
6.683E-03 9.691E-01 1.031E+00  9.99E-01
6.310E-03 9.652E-01 1.035E+00  9.99E-01
5.957E-03 9.594E-01 1.041E+00  9.99E-01
5.623E-03 9.512E-01 1.049E+00  9.99E-01
5.309E-03 9.402E-01 1.060E+00  9.99E-01
5.012E-03 9.260E-01 1.074E+00  9.98E-01
4.732E-03 9.100E-01 1.090E+00  1.00E+00
4.467E-03 8.916E-01 1.108E+00  1.00E+00
4.217E-03 9.982E-01 1.002E+00  1.00E+00
3.981E-03 9.971E-01 1.003E+00  1.00E+00
3.758E-03 9.969E-01 1.003E+00  1.00E+00
3.548E-03 9.965E-01 1.004E+00  1.00E+00
3.350E-03 9.961E-01 1.004E+00  1.00E+00
3.162E-03 9.958E-01 1.004E+00  1.00E+00
2.985E-03 9.954E-01 1.005E+00  1.00E+00
2.818E-03 9.951E-01 1.005E+00  1.00E+00
2.661E-03 9.947E-01 1.005E+00  1.00E+00
2.512E-03 9.942E-01 1.006E+00  1.00E+00
2.371E-03 9.936E-01 1.006E+00  1.00E+00
2.239E-03 9.925E-01 1.007E+00  1.00E+00
2.113E-03 9.910E-01 1.009E+00  1.00E+00
1.995E-03 9.887E-01 1.011E+00  1.00E+00
1.884E-03 9.856E-01 1.014E+00  1.00E+00
1.778E-03 9.811E-01 1.019E+00  1.00E+00
1.679E-03 9.748E-01 1.025E+00  1.00E+00
1.585E-03 9.662E-01 1.034E+00  1.00E+00
1.496E-03 9.543E-01 1.046E+00  1.00E+00
1.413E-03 9.384E-01 1.062E+00  1.00E+00
1.334E-03 9.174E-01 1.082E+00  1.00E+00
1.259E-03 8.908E-01 1.109E+00  1.00E+00
1.189E-03 8.583E-01 1.142E+00  1.00E+00
1.122E-03 8.179E-01 1.182E+00  1.00E+00
1.059E-03 7.719E-01 1.228E+00  1.00E+00
1.000E-03 7.217E-01 1.278E+00  1.00E+00
