1.000E+03 1.157E-03 1.063E-07 -1.05E-01
9.441E+02 1.202E-03 1.338E-07 -1.05E-01
8.913E+02 1.253E-03 1.684E-07 -1.05E-01
8.414E+02 1.309E-03 2.120E-07 -1.05E-01
7.943E+02 1.371E-03 2.669E-07 -1.05E-01
7.499E+02 1.441E-03 3.360E-07 -1.05E-01
7.079E+02 1.519E-03 4.230E-07 -1.05E-01
6.683E+02 1.607E-03 5.326E-07 -1.05E-01
6.310E+02 1.706E-03 6.705E-07 -1.05E-01
5.957E+02 1.816E-03 8.441E-07 -1.05E-01
5.623E+02 1.940E-03 1.063E-06 -1.04E-01
5.309E+02 2.079E-03 1.338E-06 -1.04E-01
5.012E+02 2.235E-03 1.684E-06 -1.04E-01
4.732E+02 2.410E-03 2.120E-06 -1.03E-01
4.467E+02 2.607E-03 2.669E-06 -1.03E-01
4.217E+02 2.829E-03 3.360E-06 -1.02E-01
3.981E+02 3.078E-03 4.230E-06 -1.02E-01
3.758E+02 3.358E-03 5.326E-06 -1.01E-01
3.548E+02 3.674E-03 6.704E-06 -1.00E-01
3.350E+02 4.030E-03 8.440E-06 -9.90E-02
3.162E+02 4.432E-03 1.062E-05 -9.79E-02
2.985E+02 4.885E-03 1.338E-05 -9.66E-02
2.818E+02 5.398E-03 1.684E-05 -9.50E-02
2.661E+02 5.979E-03 2.120E-05 -9.32E-02
2.512E+02 6.639E-03 2.668E-05 -9.11E-02
2.371E+02 7.390E-03 3.359E-05 -8.86E-02
2.239E+02 8.250E-03 4.229E-05 -8.56E-02
2.113E+02 9.239E-03 5.324E-05 -8.21E-02
1.995E+02 1.039E-02 6.703E-05 -7.78E-02
1.884E+02 1.173E-02 8.441E-05 -7.26E-02
1.778E+02 1.336E-02 1.063E-04 -6.61E-02
1.679E+02 1.539E-02 1.340E-04 -5.78E-02
1.585E+02 1.815E-02 1.691E-04 -4.70E-02
1.496E+02 2.257E-02 2.140E-04 -3.26E-02
1.413E+02 3.216E-02 2.691E-04 -1.25E-02
1.334E+02 3.992E-02 3.294E-04  1.57E-02
1.259E+02 5.511E-02 4.195E-04  5.37E-02
1.189E+02 9.561E-02 5.481E-04  8.99E-02
1.122E+02 1.734E-01 7.476E-04  5.50E-02
1.059E+02 2.136E-01 9.938E-04 -8.54E-02
1.000E+02 1.875E-01 1.229E-03 -1.69E-01
9.441E+01 1.667E-01 1.511E-03 -1.91E-01
8.913E+01 1.578E-01 1.874E-03 -1.97E-01
8.414E+01 1.565E-01 2.338E-03 -1.98E-01
7.943E+01 1.597E-01 2.931E-03 -2.00E-01
7.499E+01 1.653E-01 3.682E-03 -2.02E-01
7.079E+01 1.721E-01 4.629E-03 -2.04E-01
6.683E+01 1.801E-01 5.819E-03 -2.06E-01
6.310E+01 1.895E-01 7.311E-03 -2.08E-01
5.957E+01 2.003E-01 9.180E-03 -2.09E-01
5.623E+01 2.125E-01 1.152E-02 -2.09E-01
5.309E+01 2.263E-01 1.443E-02 -2.10E-01
5.012E+01 2.413E-01 1.807E-02 -2.10E-01
4.732E+01 2.582E-01 2.258E-02 -2.09E-01
4.467E+01 2.764E-01 2.819E-02 -2.09E-01
4.217E+01 2.958E-01 3.514E-02 -2.09E-01
3.981E+01 3.149E-01 4.376E-02 -2.09E-01
3.758E+01 3.325E-01 5.444E-02 -2.10E-01
3.548E+01 3.481E-01 6.770E-02 -2.10E-01
3.350E+01 3.612E-01 8.425E-02 -2.11E-01
3.162E+01 3.718E-01 1.050E-01 -2.10E-01
2.985E+01 3.807E-01 1.311E-01 -2.09E-01
2.818E+01 3.883E-01 1.642E-01 -2.06E-01
2.661E+01 3.961E-01 2.062E-01 -2.02E-01
2.512E+01 4.055E-01 2.593E-01 -1.96E-01
2.371E+01 4.180E-01 3.259E-01 -1.89E-01
2.239E+01 4.312E-01 4.089E-01 -1.81E-01
2.113E+01 4.481E-01 5.110E-01 -1.71E-01
1.995E+01 4.697E-01 6.334E-01 -1.59E-01
1.884E+01 4.943E-01 7.754E-01 -1.45E-01
1.778E+01 5.185E-01 9.346E-01 -1.29E-01
1.679E+01 5.424E-01 1.105E+00 -1.10E-01
1.585E+01 5.635E-01 1.276E+00 -8.83E-02
1.496E+01 5.797E-01 1.438E+00 -6.24E-02
1.413E+01 5.912E-01 1.582E+00 -3.11E-02
1.334E+01 5.990E-01 1.702E+00  7.12E-03
1.259E+01 6.057E-01 1.805E+00  5.50E-02
1.189E+01 6.164E-01 1.913E+00  1.18E-01
1.122E+01 6.229E-01 1.978E+00  1.77E-01
1.059E+01 6.463E-01 2.177E+00  2.60E-01
1.000E+01 6.539E-01 2.378E+00  3.15E-01
9.441E+00 6.312E-01 2.500E+00  3.36E-01
8.913E+00 6.022E-01 2.491E+00  3.46E-01
8.414E+00 5.935E-01 2.453E+00  3.66E-01
7.943E+00 6.112E-01 2.466E+00  3.96E-01
7.499E+00 6.641E-01 2.614E+00  4.35E-01
7.079E+00 7.190E-01 2.904E+00  4.82E-01
6.683E+00 6.652E-01 2.783E+00  4.82E-01
6.310E+00 6.235E-01 2.549E+00  4.50E-01
5.957E+00 6.244E-01 2.364E+00  4.22E-01
5.623E+00 7.158E-01 2.354E+00  4.13E-01
5.309E+00 6.859E-01 2.169E+00  4.67E-01
5.012E+00 6.707E-01 2.010E+00  4.48E-01
4.732E+00 6.757E-01 1.866E+00  4.15E-01
4.467E+00 7.334E-01 1.802E+00  4.40E-01
4.217E+00 6.676E-01 1.639E+00  4.63E-01
3.981E+00 7.156E-01 1.747E+00  5.03E-01
3.758E+00 6.868E-01 1.764E+00  5.56E-01
3.548E+00 7.052E-01 1.841E+00  5.70E-01
3.350E+00 7.613E-01 2.021E+00  6.43E-01
3.162E+00 6.631E-01 1.993E+00  6.39E-01
2.985E+00 7.398E-01 2.102E+00  6.60E-01
2.818E+00 6.868E-01 1.940E+00  6.54E-01
2.661E+00 7.380E-01 1.919E+00  6.28E-01
2.512E+00 7.202E-01 1.678E+00  6.14E-01
2.371E+00 7.276E-01 1.697E+00  6.06E-01
2.239E+00 7.641E-01 1.625E+00  6.22E-01
2.113E+00 7.560E-01 1.725E+00  6.47E-01
1.995E+00 7.679E-01 1.788E+00  6.98E-01
1.884E+00 7.907E-01 1.774E+00  7.01E-01
1.778E+00 8.079E-01 1.659E+00  6.94E-01
1.679E+00 8.219E-01 1.554E+00  6.89E-01
1.585E+00 8.149E-01 1.548E+00  6.93E-01
1.496E+00 8.215E-01 1.602E+00  7.14E-01
1.413E+00 8.361E-01 1.601E+00  7.29E-01
1.334E+00 8.491E-01 1.529E+00  7.30E-01
1.259E+00 8.563E-01 1.492E+00  7.34E-01
1.189E+00 8.591E-01 1.518E+00  7.47E-01
1.122E+00 8.652E-01 1.506E+00  7.52E-01
1.059E+00 8.699E-01 1.464E+00  7.53E-01
1.000E+00 8.714E-01 1.465E+00  7.60E-01
9.441E-01 8.706E-01 1.461E+00  7.64E-01
8.913E-01 8.697E-01 1.442E+00  7.67E-01
8.414E-01 8.677E-01 1.441E+00  7.71E-01
7.943E-01 8.652E-01 1.430E+00  7.74E-01
7.499E-01 8.622E-01 1.425E+00  7.77E-01
7.079E-01 8.591E-01 1.418E+00  7.80E-01
6.683E-01 8.558E-01 1.412E+00  7.82E-01
6.310E-01 8.521E-01 1.407E+00  7.84E-01
5.957E-01 8.481E-01 1.402E+00  7.86E-01
5.623E-01 8.437E-01 1.398E+00  7.87E-01
5.309E-01 8.388E-01 1.395E+00  7.88E-01
5.012E-01 8.334E-01 1.393E+00  7.89E-01
4.732E-01 8.277E-01 1.391E+00  7.89E-01
4.467E-01 8.219E-01 1.390E+00  7.89E-01
4.217E-01 8.161E-01 1.390E+00  7.89E-01
3.981E-01 8.104E-01 1.390E+00  7.88E-01
3.758E-01 8.044E-01 1.390E+00  7.88E-01
3.548E-01 7.965E-01 1.393E+00  7.86E-01
3.350E-01 7.853E-01 1.400E+00  7.82E-01
3.162E-01 7.700E-01 1.412E+00  7.75E-01
2.985E-01 7.522E-01 1.429E+00  7.67E-01
2.818E-01 7.281E-01 1.454E+00  7.57E-01
2.661E-01 7.013E-01 1.483E+00  7.47E-01
2.512E-01 6.772E-01 1.503E+00  7.41E-01
2.371E-01 6.610E-01 1.505E+00  7.41E-01
2.239E-01 6.684E-01 1.479E+00  7.54E-01
2.113E-01 6.959E-01 1.435E+00  7.77E-01
1.995E-01 7.404E-01 1.377E+00  8.10E-01
1.884E-01 7.963E-01 1.309E+00  8.52E-01
1.778E-01 8.585E-01 1.236E+00  8.97E-01
1.679E-01 9.109E-01 1.176E+00  9.29E-01
1.585E-01 9.392E-01 1.146E+00  9.41E-01
1.496E-01 9.426E-01 1.145E+00  9.39E-01
1.413E-01 9.292E-01 1.159E+00  9.28E-01
1.334E-01 9.081E-01 1.179E+00  9.13E-01
1.259E-01 8.809E-01 1.204E+00  8.93E-01
1.189E-01 8.483E-01 1.235E+00  8.68E-01
1.122E-01 8.011E-01 1.283E+00  8.33E-01
1.059E-01 7.471E-01 1.339E+00  8.00E-01
1.000E-01 7.206E-01 1.364E+00  7.88E-01
9.441E-02 6.954E-01 1.386E+00  7.80E-01
8.913E-02 7.017E-01 1.374E+00  7.89E-01
8.414E-02 6.802E-01 1.393E+00  7.80E-01
7.943E-02 6.584E-01 1.410E+00  7.73E-01
7.499E-02 6.401E-01 1.424E+00  7.69E-01
7.079E-02 6.244E-01 1.435E+00  7.67E-01
6.683E-02 6.279E-01 1.426E+00  7.77E-01
6.310E-02 6.615E-01 1.388E+00  8.02E-01
5.957E-02 6.766E-01 1.370E+00  8.13E-01
5.623E-02 6.763E-01 1.368E+00  8.20E-01
5.309E-02 6.900E-01 1.351E+00  8.36E-01
5.012E-02 7.089E-01 1.329E+00  8.54E-01
4.732E-02 7.251E-01 1.310E+00  8.70E-01
4.467E-02 7.449E-01 1.288E+00  8.89E-01
4.217E-02 7.699E-01 1.260E+00  9.09E-01
3.981E-02 8.091E-01 1.219E+00  9.31E-01
3.758E-02 8.417E-01 1.184E+00  9.46E-01
3.548E-02 8.424E-01 1.183E+00  9.47E-01
3.350E-02 8.448E-01 1.179E+00  9.50E-01
3.162E-02 8.499E-01 1.172E+00  9.55E-01
2.985E-02 8.560E-01 1.165E+00  9.60E-01
2.818E-02 8.626E-01 1.157E+00  9.64E-01
2.661E-02 8.693E-01 1.149E+00  9.68E-01
2.512E-02 8.762E-01 1.140E+00  9.72E-01
2.371E-02 8.831E-01 1.132E+00  9.76E-01
2.239E-02 8.899E-01 1.124E+00  9.79E-01
2.113E-02 8.965E-01 1.117E+00  9.82E-01
1.995E-02 9.030E-01 1.109E+00  9.85E-01
1.884E-02 9.092E-01 1.102E+00  9.87E-01
1.778E-02 9.153E-01 1.095E+00  9.89E-01
1.679E-02 9.210E-01 1.088E+00  9.91E-01
1.585E-02 9.265E-01 1.082E+00  9.92E-01
1.496E-02 9.316E-01 1.076E+00  9.93E-01
1.413E-02 9.365E-01 1.070E+00  9.94E-01
1.334E-02 9.435E-01 1.056E+00  9.95E-01
1.259E-02 9.485E-01 1.051E+00  9.96E-01
1.189E-02 9.528E-01 1.047E+00  9.97E-01
1.122E-02 9.555E-01 1.045E+00  9.97E-01
1.059E-02 9.569E-01 1.043E+00  9.97E-01
1.000E-02 9.575E-01 1.043E+00  9.97E-01
9.441E-03 9.576E-01 1.042E+00  9.97E-01
8.913E-03 9.577E-01 1.042E+00  9.97E-01
8.414E-03 9.585E-01 1.042E+00  9.98E-01
7.943E-03 9.589E-01 1.041E+00  9.99E-01
7.499E-03 9.565E-01 1.043E+00  9.99E-01
7.079E-03 9.514E-01 1.049E+00  9.99E-01
6.683E-03 9.434E-01 1.057E+00  9.99E-01
6.310E-03 9.321E-01 1.068E+00  9.99E-01
5.957E-03 9.174E-01 1.083E+00  9.99E-01
5.623E-03 8.981E-01 1.102E+00  9.99E-01
5.309E-03 8.744E-01 1.126E+00  9.99E-01
5.012E-03 8.461E-01 1.154E+00  9.98E-01
4.732E-03 8.149E-01 1.184E+00  1.00E+00
4.467E-03 7.811E-01 1.218E+00  1.00E+00
4.217E-03 9.980E-01 1.002E+00  1.00E+00
3.981E-03 9.966E-01 1.003E+00  1.00E+00
3.758E-03 9.960E-01 1.004E+00  1.00E+00
3.548E-03 9.953E-01 1.005E+00  1.00E+00
3.350E-03 9.945E-01 1.005E+00  1.00E+00
3.162E-03 9.938E-01 1.006E+00  1.00E+00
2.985E-03 9.930E-01 1.007E+00  1.00E+00
2.818E-03 9.921E-01 1.008E+00  1.00E+00
2.661E-03 9.909E-01 1.009E+00  1.00E+00
2.512E-03 9.894E-01 1.010E+00  1.00E+00
2.371E-03 9.874E-01 1.013E+00  1.00E+00
2.239E-03 9.844E-01 1.016E+00  1.00E+00
2.113E-03 9.801E-01 1.020E+00  1.00E+00
1.995E-03 9.743E-01 1.026E+00  1.00E+00
1.884E-03 9.661E-01 1.034E+00  1.00E+00
1.778E-03 9.549E-01 1.045E+00  1.00E+00
1.679E-03 9.398E-01 1.060E+00  1.00E+00
1.585E-03 9.200E-01 1.080E+00  1.00E+00
1.496E-03 8.946E-01 1.105E+00  1.00E+00
1.413E-03 8.630E-01 1.136E+00  1.00E+00
1.334E-03 8.252E-01 1.174E+00  1.00E+00
1.259E-03 7.818E-01 1.217E+00  1.00E+00
1.189E-03 7.339E-01 1.265E+00  1.00E+00
1.122E-03 6.800E-01 1.319E+00  1.00E+00
1.059E-03 6.242E-01 1.374E+00  1.00E+00
1.000E-03 5.682E-01 1.429E+00  1.00E+00
