1.000E+03 1.194E-06 6.577E-18  0.00E+00
9.441E+02 1.333E-06 8.278E-18  0.00E+00
8.913E+02 1.487E-06 1.042E-17  0.00E+00
8.414E+02 1.659E-06 1.312E-17  0.00E+00
7.943E+02 1.851E-06 1.651E-17  0.00E+00
7.499E+02 2.064E-06 2.078E-17  0.00E+00
7.079E+02 2.301E-06 2.616E-17  0.00E+00
6.683E+02 2.564E-06 3.292E-17  0.00E+00
6.310E+02 2.858E-06 4.144E-17  0.00E+00
5.957E+02 3.184E-06 5.216E-17  0.00E+00
5.623E+02 3.547E-06 6.565E-17  0.00E+00
5.309E+02 3.952E-06 8.263E-17  0.00E+00
5.012E+02 4.402E-06 1.040E-16  0.00E+00
4.732E+02 4.905E-06 1.309E-16  0.00E+00
4.467E+02 5.465E-06 1.648E-16  0.00E+00
4.217E+02 6.090E-06 2.074E-16  0.00E+00
3.981E+02 6.788E-06 2.610E-16  0.00E+00
3.758E+02 7.567E-06 3.285E-16  0.00E+00
3.548E+02 8.439E-06 4.135E-16  0.00E+00
3.350E+02 9.413E-06 5.204E-16  0.00E+00
3.162E+02 1.050E-05 6.550E-16  0.00E+00
2.985E+02 1.172E-05 8.244E-16  0.00E+00
2.818E+02 1.309E-05 1.038E-15  0.00E+00
2.661E+02 1.462E-05 1.306E-15  0.00E+00
2.512E+02 1.634E-05 1.644E-15  0.00E+00
2.371E+02 1.827E-05 2.069E-15  0.00E+00
2.239E+02 2.043E-05 2.604E-15  0.00E+00
2.113E+02 2.285E-05 3.277E-15  0.00E+00
1.995E+02 2.557E-05 4.124E-15  0.00E+00
1.884E+02 2.862E-05 5.190E-15  0.00E+00
1.778E+02 3.206E-05 6.531E-15  0.00E+00
1.679E+02 3.591E-05 8.219E-15  0.00E+00
1.585E+02 4.025E-05 1.034E-14  0.00E+00
1.496E+02 4.512E-05 1.301E-14  0.00E+00
1.413E+02 5.061E-05 1.637E-14  0.00E+00
1.334E+02 5.678E-05 2.060E-14  0.00E+00
1.259E+02 6.374E-05 2.591E-14  0.00E+00
1.189E+02 7.158E-05 3.260E-14  0.00E+00
1.122E+02 8.040E-05 4.099E-14  0.00E+00
1.059E+02 9.035E-05 5.154E-14  0.00E+00
1.000E+02 1.015E-04 6.479E-14  0.00E+00
9.441E+01 1.141E-04 8.142E-14  0.00E+00
8.913E+01 1.281E-04 1.023E-13  0.00E+00
8.414E+01 1.438E-04 1.284E-13  0.00E+00
7.943E+01 1.613E-04 1.612E-13  0.00E+00
7.499E+01 1.808E-04 2.023E-13  0.00E+00
7.079E+01 2.025E-04 2.536E-13  0.00E+00
6.683E+01 2.264E-04 3.177E-13  0.00E+00
6.310E+01 2.526E-04 3.976E-13  0.00E+00
5.957E+01 2.812E-04 4.972E-13  0.00E+00
5.623E+01 3.120E-04 6.210E-13  0.00E+00
5.309E+01 3.448E-04 7.747E-13  0.00E+00
5.012E+01 3.793E-04 9.649E-13  0.00E+00
4.732E+01 4.148E-04 1.200E-12  0.00E+00
4.467E+01 4.502E-04 1.490E-12  0.00E+00
4.217E+01 4.846E-04 1.847E-12  0.00E+00
3.981E+01 5.162E-04 2.286E-12  0.00E+00
3.758E+01 5.437E-04 2.825E-12 -2.26E-06
3.548E+01 5.657E-04 3.490E-12 -2.68E-06
3.350E+01 5.808E-04 4.311E-12 -3.04E-06
3.162E+01 5.882E-04 5.328E-12 -3.30E-06
2.985E+01 5.880E-04 6.592E-12 -3.46E-06
2.818E+01 5.812E-04 8.172E-12 -3.54E-06
2.661E+01 5.687E-04 1.015E-11 -3.50E-06
2.512E+01 5.521E-04 1.264E-11 -3.34E-06
2.371E+01 5.323E-04 1.577E-11 -2.96E-06
2.239E+01 5.108E-04 1.972E-11 -2.72E-06
2.113E+01 4.903E-04 2.472E-11 -2.43E-06
1.995E+01 4.714E-04 3.103E-11 -2.00E-06
1.884E+01 4.545E-04 3.898E-11 -1.44E-06
1.778E+01 4.402E-04 4.904E-11 -9.76E-07
1.679E+01 4.297E-04 6.173E-11 -4.88E-07
1.585E+01 4.233E-04 7.776E-11  3.54E-08
1.496E+01 4.211E-04 9.798E-11  5.46E-07
1.413E+01 4.240E-04 1.235E-10  1.10E-06
1.334E+01 4.322E-04 1.556E-10  1.75E-06
1.259E+01 4.450E-04 1.961E-10  2.53E-06
1.189E+01 4.599E-04 2.475E-10  3.43E-06
1.122E+01 4.894E-04 3.100E-10  4.30E-06
1.059E+01 5.117E-04 3.915E-10  5.24E-06
1.000E+01 5.449E-04 4.929E-10  6.26E-06
9.441E+00 5.833E-04 6.207E-10  7.34E-06
8.913E+00 6.289E-04 7.813E-10  8.51E-06
8.414E+00 6.815E-04 9.831E-10  9.84E-06
7.943E+00 7.406E-04 1.236E-09  1.14E-05
7.499E+00 8.045E-04 1.555E-09  1.32E-05
7.079E+00 8.770E-04 1.955E-09  1.50E-05
6.683E+00 9.578E-04 2.458E-09  1.70E-05
6.310E+00 1.033E-03 3.088E-09  1.98E-05
5.957E+00 1.147E-03 3.882E-09  2.15E-05
5.623E+00 1.257E-03 4.877E-09  2.42E-05
5.309E+00 1.379E-03 6.125E-09  2.71E-05
5.012E+00 1.511E-03 7.689E-09  3.04E-05
4.732E+00 1.653E-03 9.655E-09  3.41E-05
4.467E+00 1.808E-03 1.212E-08  3.81E-05
4.217E+00 1.978E-03 1.521E-08  4.25E-05
3.981E+00 2.165E-03 1.908E-08  4.73E-05
3.758E+00 2.368E-03 2.395E-08  5.26E-05
3.548E+00 2.591E-03 3.005E-08  5.83E-05
3.350E+00 2.838E-03 3.769E-08  6.46E-05
3.162E+00 3.101E-03 4.726E-08  7.16E-05
2.985E+00 3.399E-03 5.928E-08  7.92E-05
2.818E+00 3.719E-03 7.432E-08  8.76E-05
2.661E+00 4.067E-03 9.316E-08  9.70E-05
2.512E+00 4.442E-03 1.167E-07  1.08E-04
2.371E+00 4.850E-03 1.463E-07  1.19E-04
2.239E+00 5.298E-03 1.833E-07  1.31E-04
2.113E+00 5.790E-03 2.297E-07  1.45E-04
1.995E+00 6.320E-03 2.878E-07  1.60E-04
1.884E+00 6.903E-03 3.606E-07  1.77E-04
1.778E+00 7.545E-03 4.519E-07  1.95E-04
1.679E+00 8.249E-03 5.660E-07  2.15E-04
1.585E+00 9.005E-03 7.088E-07  2.37E-04
1.496E+00 9.828E-03 8.881E-07  2.62E-04
1.413E+00 1.075E-02 1.113E-06  2.88E-04
1.334E+00 1.177E-02 1.394E-06  3.16E-04
1.259E+00 1.289E-02 1.746E-06  3.48E-04
1.189E+00 1.410E-02 2.187E-06  3.83E-04
1.122E+00 1.545E-02 2.740E-06  4.22E-04
1.059E+00 1.696E-02 3.432E-06  4.63E-04
1.000E+00 1.863E-02 4.296E-06  5.09E-04
9.441E-01 2.045E-02 5.376E-06  5.60E-04
8.913E-01 2.244E-02 6.725E-06  6.17E-04
8.414E-01 2.459E-02 8.407E-06  6.82E-04
7.943E-01 2.693E-02 1.051E-05  7.55E-04
7.499E-01 2.944E-02 1.313E-05  8.37E-04
7.079E-01 3.213E-02 1.641E-05  9.30E-04
6.683E-01 3.501E-02 2.051E-05  1.04E-03
6.310E-01 3.807E-02 2.566E-05  1.16E-03
5.957E-01 4.143E-02 3.215E-05  1.29E-03
5.623E-01 4.517E-02 4.036E-05  1.44E-03
5.309E-01 4.934E-02 5.079E-05  1.60E-03
5.012E-01 5.405E-02 6.410E-05  1.79E-03
4.732E-01 5.954E-02 8.107E-05  1.98E-03
4.467E-01 6.615E-02 1.027E-04  2.19E-03
4.217E-01 7.407E-02 1.304E-04  2.40E-03
3.981E-01 8.272E-02 1.655E-04  2.61E-03
3.758E-01 9.175E-02 2.104E-04  2.83E-03
3.548E-01 1.013E-01 2.696E-04  3.06E-03
3.350E-01 1.129E-01 3.500E-04  3.24E-03
3.162E-01 1.286E-01 4.622E-04  3.25E-03
2.985E-01 1.492E-01 6.186E-04  2.93E-03
2.818E-01 1.750E-01 8.502E-04  2.09E-03
2.661E-01 2.119E-01 1.217E-03  8.76E-04
2.512E-01 2.736E-01 1.853E-03  2.49E-04
2.371E-01 3.999E-01 3.046E-03  5.35E-04
2.239E-01 6.171E-01 4.716E-03  1.44E-03
2.113E-01 7.654E-01 5.237E-03  2.73E-03
1.995E-01 6.234E-01 3.645E-03  4.29E-03
1.884E-01 4.292E-01 2.119E-03  6.06E-03
1.778E-01 3.005E-01 1.323E-03  8.17E-03
1.679E-01 2.230E-01 1.039E-03  1.05E-02
1.585E-01 1.735E-01 1.134E-03  1.30E-02
1.496E-01 1.410E-01 1.601E-03  1.56E-02
1.413E-01 1.251E-01 2.559E-03  1.84E-02
1.334E-01 1.266E-01 4.199E-03  2.16E-02
1.259E-01 1.478E-01 7.023E-03  2.61E-02
1.189E-01 1.998E-01 1.170E-02  3.13E-02
1.122E-01 2.844E-01 2.031E-02  3.37E-02
1.059E-01 4.972E-01 3.666E-02  2.37E-02
1.000E-01 7.806E-01 5.421E-02  2.34E-02
9.441E-02 1.127E+00 7.881E-02  2.15E-02
8.913E-02 1.283E+00 8.949E-02  2.42E-02
8.414E-02 1.473E+00 1.250E-01  2.28E-02
7.943E-02 1.793E+00 1.792E-01  2.40E-02
7.499E-02 1.969E+00 2.107E-01  3.02E-02
7.079E-02 1.828E+00 2.096E-01  3.84E-02
6.683E-02 1.447E+00 1.739E-01  4.80E-02
6.310E-02 1.156E+00 1.388E-01  5.76E-02
5.957E-02 1.002E+00 1.263E-01  6.72E-02
5.623E-02 8.457E-01 1.156E-01  7.73E-02
5.309E-02 6.904E-01 1.001E-01  8.83E-02
5.012E-02 5.849E-01 8.869E-02  1.00E-01
4.732E-02 4.976E-01 7.973E-02  1.14E-01
4.467E-02 4.244E-01 7.055E-02  1.29E-01
4.217E-02 3.612E-01 6.014E-02  1.46E-01
3.981E-02 3.425E-01 5.200E-02  1.66E-01
3.758E-02 3.522E-01 4.874E-02  1.88E-01
3.548E-02 3.589E-01 5.538E-02  2.12E-01
3.350E-02 3.252E-01 5.521E-02  2.38E-01
3.162E-02 2.948E-01 5.378E-02  2.66E-01
2.985E-02 2.668E-01 5.179E-02  2.97E-01
2.818E-02 2.412E-01 4.942E-02  3.32E-01
2.661E-02 2.182E-01 4.689E-02  3.69E-01
2.512E-02 1.970E-01 4.418E-02  4.09E-01
2.371E-02 1.777E-01 4.138E-02  4.51E-01
2.239E-02 1.601E-01 3.856E-02  4.95E-01
2.113E-02 1.441E-01 3.574E-02  5.41E-01
1.995E-02 1.295E-01 3.299E-02  5.87E-01
1.884E-02 1.159E-01 3.027E-02  6.32E-01
1.778E-02 1.037E-01 2.771E-02  6.73E-01
1.679E-02 9.255E-02 2.532E-02  7.11E-01
1.585E-02 8.248E-02 2.311E-02  7.42E-01
1.496E-02 7.335E-02 2.109E-02  7.66E-01
1.413E-02 6.514E-02 1.925E-02  7.84E-01
1.334E-02 5.781E-02 1.755E-02  7.98E-01
1.259E-02 5.126E-02 1.598E-02  8.09E-01
1.189E-02 4.546E-02 1.452E-02  8.22E-01
1.122E-02 4.011E-02 1.308E-02  8.37E-01
1.059E-02 3.540E-02 1.172E-02  8.54E-01
1.000E-02 3.123E-02 1.047E-02  8.71E-01
9.441E-03 2.750E-02 9.321E-03  8.85E-01
8.913E-03 2.418E-02 8.273E-03  8.94E-01
8.414E-03 2.124E-02 7.318E-03  9.01E-01
7.943E-03 1.864E-02 6.437E-03  9.08E-01
7.499E-03 1.633E-02 5.615E-03  9.17E-01
7.079E-03 1.432E-02 4.864E-03  9.27E-01
6.683E-03 1.253E-02 4.173E-03  9.34E-01
6.310E-03 1.095E-02 3.532E-03  9.38E-01
5.957E-03 9.580E-03 2.941E-03  9.43E-01
5.623E-03 8.339E-03 2.357E-03  9.49E-01
5.309E-03 7.263E-03 1.796E-03  9.54E-01
5.012E-03 6.330E-03 1.324E-03  9.58E-01
4.732E-03 5.515E-03 5.021E-04  9.62E-01
4.467E-03 4.810E-03 4.800E-04  9.66E-01
4.217E-03 9.311E-02 2.710E-03  9.69E-01
3.981E-03 8.378E-02 3.374E-03  9.71E-01
3.758E-03 7.503E-02 3.286E-03  9.74E-01
3.548E-03 6.684E-02 3.209E-03  9.76E-01
3.350E-03 5.927E-02 3.065E-03  9.79E-01
3.162E-03 5.236E-02 2.878E-03  9.81E-01
2.985E-03 4.620E-02 2.680E-03  9.82E-01
2.818E-03 4.040E-02 2.474E-03  9.84E-01
2.661E-03 3.516E-02 2.262E-03  9.86E-01
2.512E-03 3.056E-02 2.051E-03  9.87E-01
2.371E-03 2.651E-02 1.851E-03  9.88E-01
2.239E-03 2.296E-02 1.667E-03  9.89E-01
2.113E-03 1.979E-02 1.495E-03  9.90E-01
1.995E-03 1.706E-02 1.338E-03  9.91E-01
1.884E-03 1.467E-02 1.195E-03  9.92E-01
1.778E-03 1.257E-02 1.065E-03  9.93E-01
1.679E-03 1.076E-02 9.466E-04  9.93E-01
1.585E-03 9.201E-03 8.410E-04  9.94E-01
1.496E-03 7.855E-03 7.465E-04  9.95E-01
1.413E-03 6.696E-03 6.622E-04  9.95E-01
1.334E-03 5.701E-03 5.872E-04  9.96E-01
1.259E-03 4.854E-03 5.203E-04  9.96E-01
1.189E-03 4.135E-03 4.617E-04  9.96E-01
1.122E-03 3.497E-03 4.084E-04  9.97E-01
1.059E-03 2.961E-03 3.613E-04  9.97E-01
1.000E-03 2.512E-03 3.199E-04  9.97E-01
