1.000E+03 1.050E-04 1.655E-10 -5.27E-03
9.441E+02 1.143E-04 2.083E-10 -5.44E-03
8.913E+02 1.245E-04 2.623E-10 -5.60E-03
8.414E+02 1.357E-04 3.302E-10 -5.75E-03
7.943E+02 1.481E-04 4.157E-10 -5.89E-03
7.499E+02 1.617E-04 5.233E-10 -6.01E-03
7.079E+02 1.768E-04 6.588E-10 -6.13E-03
6.683E+02 1.936E-04 8.294E-10 -6.23E-03
6.310E+02 2.123E-04 1.044E-09 -6.31E-03
5.957E+02 2.331E-04 1.315E-09 -6.39E-03
5.623E+02 2.562E-04 1.655E-09 -6.45E-03
5.309E+02 2.820E-04 2.084E-09 -6.50E-03
5.012E+02 3.109E-04 2.623E-09 -6.53E-03
4.732E+02 3.432E-04 3.302E-09 -6.55E-03
4.467E+02 3.793E-04 4.158E-09 -6.56E-03
4.217E+02 4.198E-04 5.234E-09 -6.55E-03
3.981E+02 4.652E-04 6.590E-09 -6.53E-03
3.758E+02 5.160E-04 8.297E-09 -6.49E-03
3.548E+02 5.731E-04 1.045E-08 -6.43E-03
3.350E+02 6.372E-04 1.315E-08 -6.36E-03
3.162E+02 7.092E-04 1.656E-08 -6.26E-03
2.985E+02 7.901E-04 2.085E-08 -6.15E-03
2.818E+02 8.811E-04 2.625E-08 -6.01E-03
2.661E+02 9.834E-04 3.305E-08 -5.85E-03
2.512E+02 1.099E-03 4.161E-08 -5.65E-03
2.371E+02 1.229E-03 5.240E-08 -5.42E-03
2.239E+02 1.376E-03 6.599E-08 -5.16E-03
2.113E+02 1.542E-03 8.310E-08 -4.84E-03
1.995E+02 1.731E-03 1.047E-07 -4.48E-03
1.884E+02 1.947E-03 1.319E-07 -4.05E-03
1.778E+02 2.198E-03 1.662E-07 -3.54E-03
1.679E+02 2.497E-03 2.095E-07 -2.95E-03
1.585E+02 2.879E-03 2.643E-07 -2.24E-03
1.496E+02 3.449E-03 3.335E-07 -1.40E-03
1.413E+02 4.331E-03 4.174E-07 -3.87E-04
1.334E+02 4.673E-03 5.171E-07  8.20E-04
1.259E+02 4.833E-03 6.498E-07  2.24E-03
1.189E+02 5.289E-03 8.192E-07  3.90E-03
1.122E+02 5.954E-03 1.032E-06  5.75E-03
1.059E+02 6.812E-03 1.300E-06  7.68E-03
1.000E+02 7.863E-03 1.637E-06  9.46E-03
9.441E+01 9.095E-03 2.060E-06  1.10E-02
8.913E+01 1.053E-02 2.592E-06  1.24E-02
8.414E+01 1.226E-02 3.260E-06  1.35E-02
7.943E+01 1.426E-02 4.098E-06  1.37E-02
7.499E+01 1.653E-02 5.150E-06  1.31E-02
7.079E+01 1.906E-02 6.468E-06  1.17E-02
6.683E+01 2.186E-02 8.118E-06  9.39E-03
6.310E+01 2.489E-02 1.018E-05  6.21E-03
5.957E+01 2.811E-02 1.276E-05  2.23E-03
5.623E+01 3.147E-02 1.596E-05 -2.41E-03
5.309E+01 3.489E-02 1.995E-05 -7.33E-03
5.012E+01 3.832E-02 2.488E-05 -1.23E-02
4.732E+01 4.158E-02 3.098E-05 -1.66E-02
4.467E+01 4.488E-02 3.849E-05 -2.00E-02
4.217E+01 4.818E-02 4.772E-05 -2.23E-02
3.981E+01 5.141E-02 5.905E-05 -2.43E-02
3.758E+01 5.436E-02 7.293E-05 -2.62E-02
3.548E+01 5.690E-02 8.997E-05 -2.80E-02
3.350E+01 5.887E-02 1.109E-04 -2.96E-02
3.162E+01 6.023E-02 1.368E-04 -3.08E-02
2.985E+01 6.102E-02 1.690E-04 -3.16E-02
2.818E+01 6.135E-02 2.092E-04 -3.21E-02
2.661E+01 6.134E-02 2.598E-04 -3.22E-02
2.512E+01 6.121E-02 3.235E-04 -3.18E-02
2.371E+01 6.146E-02 4.040E-04 -3.10E-02
2.239E+01 6.184E-02 5.061E-04 -3.09E-02
2.113E+01 6.257E-02 6.358E-04 -3.06E-02
1.995E+01 6.387E-02 8.003E-04 -2.98E-02
1.884E+01 6.616E-02 1.009E-03 -2.91E-02
1.778E+01 6.915E-02 1.274E-03 -2.90E-02
1.679E+01 7.299E-02 1.611E-03 -2.91E-02
1.585E+01 7.780E-02 2.039E-03 -2.94E-02
1.496E+01 8.356E-02 2.583E-03 -3.02E-02
1.413E+01 9.034E-02 3.275E-03 -3.10E-02
1.334E+01 9.834E-02 4.154E-03 -3.19E-02
1.259E+01 1.078E-01 5.273E-03 -3.27E-02
1.189E+01 1.188E-01 6.707E-03 -3.41E-02
1.122E+01 1.318E-01 8.478E-03 -3.66E-02
1.059E+01 1.454E-01 1.081E-02 -3.90E-02
1.000E+01 1.610E-01 1.376E-02 -4.19E-02
9.441E+00 1.783E-01 1.754E-02 -4.53E-02
8.913E+00 1.972E-01 2.237E-02 -4.89E-02
8.414E+00 2.182E-01 2.855E-02 -5.25E-02
7.943E+00 2.415E-01 3.647E-02 -5.62E-02
7.499E+00 2.669E-01 4.663E-02 -6.05E-02
7.079E+00 2.939E-01 5.968E-02 -6.49E-02
6.683E+00 3.229E-01 7.642E-02 -6.90E-02
6.310E+00 3.546E-01 9.796E-02 -7.44E-02
5.957E+00 3.867E-01 1.254E-01 -7.56E-02
5.623E+00 4.223E-01 1.605E-01 -7.73E-02
5.309E+00 4.609E-01 2.053E-01 -7.77E-02
5.012E+00 5.029E-01 2.617E-01 -7.65E-02
4.732E+00 5.477E-01 3.325E-01 -7.39E-02
4.467E+00 5.961E-01 4.197E-01 -6.90E-02
4.217E+00 6.479E-01 5.253E-01 -6.17E-02
3.981E+00 7.018E-01 6.495E-01 -5.18E-02
3.758E+00 7.552E-01 7.909E-01 -3.91E-02
3.548E+00 8.048E-01 9.450E-01 -2.32E-02
3.350E+00 8.472E-01 1.105E+00 -3.55E-03
3.162E+00 8.777E-01 1.262E+00  2.04E-02
2.985E+00 8.964E-01 1.409E+00  4.98E-02
2.818E+00 9.020E-01 1.544E+00  8.63E-02
2.661E+00 8.987E-01 1.670E+00  1.32E-01
2.512E+00 8.925E-01 1.803E+00  1.91E-01
2.371E+00 8.913E-01 1.980E+00  2.62E-01
2.239E+00 9.013E-01 2.249E+00  3.33E-01
2.113E+00 9.119E-01 2.551E+00  3.68E-01
1.995E+00 9.008E-01 2.638E+00  3.61E-01
1.884E+00 8.848E-01 2.528E+00  3.56E-01
1.778E+00 8.845E-01 2.407E+00  3.71E-01
1.679E+00 9.040E-01 2.349E+00  4.00E-01
1.585E+00 9.542E-01 2.397E+00  4.36E-01
1.496E+00 1.053E+00 2.648E+00  4.85E-01
1.413E+00 1.038E+00 2.628E+00  5.13E-01
1.334E+00 9.824E-01 2.382E+00  4.90E-01
1.259E+00 9.722E-01 2.186E+00  4.65E-01
1.189E+00 1.039E+00 2.011E+00  4.56E-01
1.122E+00 1.130E+00 1.893E+00  5.08E-01
1.059E+00 1.081E+00 1.690E+00  5.27E-01
1.000E+00 1.114E+00 1.629E+00  5.19E-01
9.441E-01 1.158E+00 1.510E+00  5.37E-01
8.913E-01 1.108E+00 1.426E+00  5.89E-01
8.414E-01 1.186E+00 1.492E+00  6.38E-01
7.943E-01 1.155E+00 1.536E+00  6.66E-01
7.499E-01 1.149E+00 1.574E+00  6.95E-01
7.079E-01 1.168E+00 1.613E+00  7.20E-01
6.683E-01 1.151E+00 1.591E+00  7.21E-01
6.310E-01 1.158E+00 1.549E+00  7.28E-01
5.957E-01 1.150E+00 1.497E+00  7.29E-01
5.623E-01 1.142E+00 1.470E+00  7.34E-01
5.309E-01 1.131E+00 1.462E+00  7.42E-01
5.012E-01 1.116E+00 1.466E+00  7.49E-01
4.732E-01 1.100E+00 1.467E+00  7.53E-01
4.467E-01 1.085E+00 1.466E+00  7.56E-01
4.217E-01 1.069E+00 1.465E+00  7.59E-01
3.981E-01 1.055E+00 1.465E+00  7.62E-01
3.758E-01 1.041E+00 1.466E+00  7.64E-01
3.548E-01 1.025E+00 1.469E+00  7.64E-01
3.350E-01 1.005E+00 1.478E+00  7.63E-01
3.162E-01 9.813E-01 1.494E+00  7.59E-01
2.985E-01 9.566E-01 1.517E+00  7.54E-01
2.818E-01 9.270E-01 1.551E+00  7.46E-01
2.661E-01 8.996E-01 1.595E+00  7.40E-01
2.512E-01 8.822E-01 1.633E+00  7.38E-01
2.371E-01 8.723E-01 1.641E+00  7.41E-01
2.239E-01 8.686E-01 1.599E+00  7.53E-01
2.113E-01 8.702E-01 1.527E+00  7.74E-01
1.995E-01 8.923E-01 1.443E+00  8.05E-01
1.884E-01 9.310E-01 1.350E+00  8.45E-01
1.778E-01 9.820E-01 1.252E+00  8.88E-01
1.679E-01 1.031E+00 1.170E+00  9.19E-01
1.585E-01 1.066E+00 1.139E+00  9.32E-01
1.496E-01 1.078E+00 1.154E+00  9.31E-01
1.413E-01 1.066E+00 1.181E+00  9.21E-01
1.334E-01 1.038E+00 1.207E+00  9.07E-01
1.259E-01 1.002E+00 1.236E+00  8.87E-01
1.189E-01 9.619E-01 1.271E+00  8.64E-01
1.122E-01 9.085E-01 1.325E+00  8.31E-01
1.059E-01 8.550E-01 1.393E+00  8.00E-01
1.000E-01 8.266E-01 1.423E+00  7.90E-01
9.441E-02 7.959E-01 1.449E+00  7.83E-01
8.913E-02 7.941E-01 1.435E+00  7.92E-01
8.414E-02 7.673E-01 1.456E+00  7.84E-01
7.943E-02 7.367E-01 1.475E+00  7.77E-01
7.499E-02 7.062E-01 1.487E+00  7.73E-01
7.079E-02 6.780E-01 1.495E+00  7.72E-01
6.683E-02 6.703E-01 1.481E+00  7.81E-01
6.310E-02 6.979E-01 1.436E+00  8.05E-01
5.957E-02 7.092E-01 1.414E+00  8.16E-01
5.623E-02 7.031E-01 1.409E+00  8.22E-01
5.309E-02 7.113E-01 1.389E+00  8.38E-01
5.012E-02 7.261E-01 1.364E+00  8.55E-01
4.732E-02 7.382E-01 1.343E+00  8.72E-01
4.467E-02 7.540E-01 1.318E+00  8.90E-01
4.217E-02 7.751E-01 1.288E+00  9.09E-01
3.981E-02 8.132E-01 1.241E+00  9.31E-01
3.758E-02 8.469E-01 1.202E+00  9.45E-01
3.548E-02 8.473E-01 1.200E+00  9.46E-01
3.350E-02 8.470E-01 1.196E+00  9.50E-01
3.162E-02 8.497E-01 1.189E+00  9.54E-01
2.985E-02 8.535E-01 1.181E+00  9.59E-01
2.818E-02 8.580E-01 1.172E+00  9.64E-01
2.661E-02 8.628E-01 1.163E+00  9.68E-01
2.512E-02 8.677E-01 1.154E+00  9.72E-01
2.371E-02 8.726E-01 1.145E+00  9.75E-01
2.239E-02 8.775E-01 1.137E+00  9.78E-01
2.113E-02 8.822E-01 1.129E+00  9.81E-01
1.995E-02 8.867E-01 1.122E+00  9.84E-01
1.884E-02 8.908E-01 1.116E+00  9.86E-01
1.778E-02 8.944E-01 1.110E+00  9.88E-01
1.679E-02 8.972E-01 1.103E+00  9.90E-01
1.585E-02 8.990E-01 1.097E+00  9.91E-01
1.496E-02 8.994E-01 1.091E+00  9.93E-01
1.413E-02 8.980E-01 1.083E+00  9.94E-01
1.334E-02 8.945E-01 1.075E+00  9.95E-01
1.259E-02 8.881E-01 1.070E+00  9.96E-01
1.189E-02 8.786E-01 1.079E+00  9.96E-01
1.122E-02 8.647E-01 1.110E+00  9.97E-01
1.059E-02 8.467E-01 1.161E+00  9.98E-01
1.000E-02 8.244E-01 1.216E+00  9.98E-01
9.441E-03 7.975E-01 1.253E+00  9.98E-01
8.913E-03 7.661E-01 1.258E+00  9.99E-01
8.414E-03 7.308E-01 1.231E+00  9.99E-01
7.943E-03 6.922E-01 1.194E+00  9.99E-01
7.499E-03 6.506E-01 1.181E+00  9.99E-01
7.079E-03 6.078E-01 1.230E+00  9.99E-01
6.683E-03 5.638E-01 1.365E+00  1.00E+00
6.310E-03 5.194E-01 1.589E+00  1.00E+00
5.957E-03 4.762E-01 1.877E+00  1.00E+00
5.623E-03 4.329E-01 2.190E+00  1.00E+00
5.309E-03 3.917E-01 2.423E+00  1.00E+00
5.012E-03 3.530E-01 2.454E+00  1.00E+00
4.732E-03 3.170E-01 1.562E+00  1.00E+00
4.467E-03 2.842E-01 1.553E+00  1.00E+00
4.217E-03 9.804E-01 9.052E-01  1.00E+00
3.981E-03 9.731E-01 1.000E+00  1.00E+00
3.758E-03 9.668E-01 1.035E+00  1.00E+00
3.548E-03 9.589E-01 1.072E+00  1.00E+00
3.350E-03 9.490E-01 1.113E+00  1.00E+00
3.162E-03 9.363E-01 1.159E+00  1.00E+00
2.985E-03 9.206E-01 1.212E+00  1.00E+00
2.818E-03 8.999E-01 1.278E+00  1.00E+00
2.661E-03 8.740E-01 1.107E+00  1.00E+00
2.512E-03 8.432E-01 1.133E+00  1.00E+00
2.371E-03 8.075E-01 1.163E+00  1.00E+00
2.239E-03 7.669E-01 1.196E+00  1.00E+00
2.113E-03 7.214E-01 1.232E+00  1.00E+00
1.995E-03 6.729E-01 1.268E+00  1.00E+00
1.884E-03 6.219E-01 1.304E+00  1.00E+00
1.778E-03 5.693E-01 1.337E+00  1.00E+00
1.679E-03 5.169E-01 1.366E+00  1.00E+00
1.585E-03 4.655E-01 1.387E+00  1.00E+00
1.496E-03 4.162E-01 1.400E+00  1.00E+00
1.413E-03 3.694E-01 1.403E+00  1.00E+00
1.334E-03 3.258E-01 1.394E+00  1.00E+00
1.259E-03 2.861E-01 1.373E+00  1.00E+00
1.189E-03 2.502E-01 1.340E+00  1.00E+00
1.122E-03 2.166E-01 1.294E+00  1.00E+00
1.059E-03 1.871E-01 1.237E+00  1.00E+00
1.000E-03 1.614E-01 1.171E+00  1.00E+00
