1.000E+03 1.855E-04 6.589E-10 -1.19E-02
9.441E+02 1.988E-04 8.295E-10 -1.21E-02
8.913E+02 2.132E-04 1.044E-09 -1.23E-02
8.414E+02 2.291E-04 1.315E-09 -1.25E-02
7.943E+02 2.465E-04 1.655E-09 -1.27E-02
7.499E+02 2.658E-04 2.084E-09 -1.28E-02
7.079E+02 2.871E-04 2.623E-09 -1.29E-02
6.683E+02 3.108E-04 3.303E-09 -1.31E-02
6.310E+02 3.371E-04 4.158E-09 -1.31E-02
5.957E+02 3.663E-04 5.235E-09 -1.32E-02
5.623E+02 3.990E-04 6.590E-09 -1.32E-02
5.309E+02 4.355E-04 8.297E-09 -1.33E-02
5.012E+02 4.762E-04 1.045E-08 -1.33E-02
4.732E+02 5.219E-04 1.315E-08 -1.33E-02
4.467E+02 5.729E-04 1.656E-08 -1.32E-02
4.217E+02 6.302E-04 2.084E-08 -1.32E-02
3.981E+02 6.943E-04 2.624E-08 -1.31E-02
3.758E+02 7.663E-04 3.304E-08 -1.30E-02
3.548E+02 8.472E-04 4.160E-08 -1.28E-02
3.350E+02 9.379E-04 5.237E-08 -1.26E-02
3.162E+02 1.040E-03 6.594E-08 -1.24E-02
2.985E+02 1.154E-03 8.302E-08 -1.22E-02
2.818E+02 1.283E-03 1.045E-07 -1.19E-02
2.661E+02 1.429E-03 1.316E-07 -1.16E-02
2.512E+02 1.592E-03 1.657E-07 -1.12E-02
2.371E+02 1.777E-03 2.087E-07 -1.07E-02
2.239E+02 1.985E-03 2.628E-07 -1.02E-02
2.113E+02 2.221E-03 3.309E-07 -9.60E-03
1.995E+02 2.489E-03 4.169E-07 -8.88E-03
1.884E+02 2.796E-03 5.252E-07 -8.04E-03
1.778E+02 3.151E-03 6.618E-07 -7.06E-03
1.679E+02 3.574E-03 8.345E-07 -5.90E-03
1.585E+02 4.115E-03 1.053E-06 -4.51E-03
1.496E+02 4.938E-03 1.331E-06 -2.86E-03
1.413E+02 6.379E-03 1.667E-06 -8.43E-04
1.334E+02 6.873E-03 2.057E-06  1.57E-03
1.259E+02 7.087E-03 2.586E-06  4.43E-03
1.189E+02 7.858E-03 3.263E-06  7.79E-03
1.122E+02 9.017E-03 4.114E-06  1.16E-02
1.059E+02 1.058E-02 5.183E-06  1.55E-02
1.000E+02 1.259E-02 6.529E-06  1.90E-02
9.441E+01 1.499E-02 8.220E-06  2.17E-02
8.913E+01 1.787E-02 1.035E-05  2.41E-02
8.414E+01 2.143E-02 1.303E-05  2.52E-02
7.943E+01 2.557E-02 1.640E-05  2.39E-02
7.499E+01 3.013E-02 2.063E-05  2.03E-02
7.079E+01 3.506E-02 2.594E-05  1.47E-02
6.683E+01 4.023E-02 3.260E-05  7.24E-03
6.310E+01 4.551E-02 4.093E-05 -1.70E-03
5.957E+01 5.072E-02 5.133E-05 -1.14E-02
5.623E+01 5.581E-02 6.429E-05 -2.14E-02
5.309E+01 6.068E-02 8.038E-05 -3.07E-02
5.012E+01 6.535E-02 1.003E-04 -3.92E-02
4.732E+01 6.967E-02 1.249E-04 -4.53E-02
4.467E+01 7.417E-02 1.552E-04 -5.01E-02
4.217E+01 7.892E-02 1.925E-04 -5.33E-02
3.981E+01 8.371E-02 2.383E-04 -5.63E-02
3.758E+01 8.816E-02 2.946E-04 -5.92E-02
3.548E+01 9.208E-02 3.637E-04 -6.20E-02
3.350E+01 9.529E-02 4.488E-04 -6.44E-02
3.162E+01 9.776E-02 5.541E-04 -6.64E-02
2.985E+01 9.957E-02 6.852E-04 -6.79E-02
2.818E+01 1.009E-01 8.494E-04 -6.91E-02
2.661E+01 1.019E-01 1.056E-03 -6.97E-02
2.512E+01 1.030E-01 1.318E-03 -6.97E-02
2.371E+01 1.052E-01 1.649E-03 -6.97E-02
2.239E+01 1.075E-01 2.071E-03 -7.07E-02
2.113E+01 1.105E-01 2.609E-03 -7.13E-02
1.995E+01 1.146E-01 3.293E-03 -7.15E-02
1.884E+01 1.206E-01 4.166E-03 -7.24E-02
1.778E+01 1.275E-01 5.282E-03 -7.43E-02
1.679E+01 1.358E-01 6.706E-03 -7.66E-02
1.585E+01 1.454E-01 8.526E-03 -7.93E-02
1.496E+01 1.562E-01 1.085E-02 -8.26E-02
1.413E+01 1.684E-01 1.383E-02 -8.57E-02
1.334E+01 1.822E-01 1.764E-02 -8.89E-02
1.259E+01 1.979E-01 2.252E-02 -9.21E-02
1.189E+01 2.153E-01 2.882E-02 -9.59E-02
1.122E+01 2.345E-01 3.665E-02 -1.01E-01
1.059E+01 2.538E-01 4.702E-02 -1.04E-01
1.000E+01 2.751E-01 6.018E-02 -1.08E-01
9.441E+00 2.976E-01 7.709E-02 -1.11E-01
8.913E+00 3.220E-01 9.873E-02 -1.12E-01
8.414E+00 3.489E-01 1.264E-01 -1.13E-01
7.943E+00 3.787E-01 1.617E-01 -1.13E-01
7.499E+00 4.109E-01 2.065E-01 -1.11E-01
7.079E+00 4.459E-01 2.631E-01 -1.08E-01
6.683E+00 4.846E-01 3.339E-01 -1.03E-01
6.310E+00 5.255E-01 4.209E-01 -9.78E-02
5.957E+00 5.727E-01 5.268E-01 -8.75E-02
5.623E+00 6.212E-01 6.516E-01 -7.62E-02
5.309E+00 6.705E-01 7.942E-01 -6.22E-02
5.012E+00 7.175E-01 9.504E-01 -4.54E-02
4.732E+00 7.571E-01 1.114E+00 -2.53E-02
4.467E+00 7.875E-01 1.277E+00 -1.12E-03
4.217E+00 8.066E-01 1.430E+00  2.83E-02
3.981E+00 8.144E-01 1.570E+00  6.45E-02
3.758E+00 8.132E-01 1.700E+00  1.10E-01
3.548E+00 8.082E-01 1.834E+00  1.67E-01
3.350E+00 8.069E-01 2.004E+00  2.39E-01
3.162E+00 8.113E-01 2.264E+00  3.13E-01
2.985E+00 8.236E-01 2.575E+00  3.56E-01
2.818E+00 8.149E-01 2.695E+00  3.53E-01
2.661E+00 8.006E-01 2.592E+00  3.47E-01
2.512E+00 7.999E-01 2.466E+00  3.60E-01
2.371E+00 8.148E-01 2.403E+00  3.88E-01
2.239E+00 8.506E-01 2.446E+00  4.22E-01
2.113E+00 9.275E-01 2.723E+00  4.68E-01
1.995E+00 9.297E-01 2.802E+00  5.03E-01
1.884E+00 8.757E-01 2.522E+00  4.83E-01
1.778E+00 8.581E-01 2.315E+00  4.53E-01
1.679E+00 8.927E-01 2.140E+00  4.34E-01
1.585E+00 1.017E+00 2.129E+00  4.69E-01
1.496E+00 9.378E-01 1.828E+00  5.00E-01
1.413E+00 9.612E-01 1.768E+00  4.79E-01
1.334E+00 1.006E+00 1.628E+00  4.71E-01
1.259E+00 9.634E-01 1.494E+00  5.31E-01
1.189E+00 1.031E+00 1.539E+00  5.68E-01
1.122E+00 1.051E+00 1.594E+00  6.15E-01
1.059E+00 9.829E-01 1.619E+00  6.46E-01
1.000E+00 1.076E+00 1.723E+00  6.92E-01
9.441E-01 1.020E+00 1.741E+00  7.05E-01
8.913E-01 1.065E+00 1.719E+00  7.09E-01
8.414E-01 1.052E+00 1.641E+00  7.15E-01
7.943E-01 1.075E+00 1.551E+00  7.07E-01
7.499E-01 1.074E+00 1.480E+00  7.14E-01
7.079E-01 1.083E+00 1.465E+00  7.25E-01
6.683E-01 1.079E+00 1.473E+00  7.42E-01
6.310E-01 1.075E+00 1.483E+00  7.54E-01
5.957E-01 1.064E+00 1.473E+00  7.59E-01
5.623E-01 1.053E+00 1.459E+00  7.62E-01
5.309E-01 1.041E+00 1.452E+00  7.65E-01
5.012E-01 1.028E+00 1.451E+00  7.67E-01
4.732E-01 1.015E+00 1.449E+00  7.70E-01
4.467E-01 1.003E+00 1.448E+00  7.71E-01
4.217E-01 9.911E-01 1.448E+00  7.73E-01
3.981E-01 9.796E-01 1.448E+00  7.74E-01
3.758E-01 9.681E-01 1.448E+00  7.75E-01
3.548E-01 9.544E-01 1.451E+00  7.75E-01
3.350E-01 9.374E-01 1.459E+00  7.72E-01
3.162E-01 9.168E-01 1.474E+00  7.67E-01
2.985E-01 8.946E-01 1.495E+00  7.61E-01
2.818E-01 8.672E-01 1.526E+00  7.53E-01
2.661E-01 8.406E-01 1.566E+00  7.45E-01
2.512E-01 8.210E-01 1.598E+00  7.42E-01
2.371E-01 8.065E-01 1.604E+00  7.44E-01
2.239E-01 8.022E-01 1.565E+00  7.55E-01
2.113E-01 8.108E-01 1.503E+00  7.77E-01
1.995E-01 8.409E-01 1.428E+00  8.08E-01
1.884E-01 8.860E-01 1.344E+00  8.49E-01
1.778E-01 9.416E-01 1.254E+00  8.92E-01
1.679E-01 9.928E-01 1.179E+00  9.24E-01
1.585E-01 1.026E+00 1.147E+00  9.36E-01
1.496E-01 1.034E+00 1.155E+00  9.34E-01
1.413E-01 1.021E+00 1.177E+00  9.24E-01
1.334E-01 9.951E-01 1.201E+00  9.09E-01
1.259E-01 9.624E-01 1.229E+00  8.90E-01
1.189E-01 9.250E-01 1.263E+00  8.66E-01
1.122E-01 8.741E-01 1.314E+00  8.32E-01
1.059E-01 8.206E-01 1.379E+00  8.01E-01
1.000E-01 7.924E-01 1.407E+00  7.90E-01
9.441E-02 7.627E-01 1.432E+00  7.83E-01
8.913E-02 7.632E-01 1.418E+00  7.92E-01
8.414E-02 7.377E-01 1.438E+00  7.84E-01
7.943E-02 7.095E-01 1.457E+00  7.77E-01
7.499E-02 6.829E-01 1.470E+00  7.73E-01
7.079E-02 6.591E-01 1.479E+00  7.71E-01
6.683E-02 6.554E-01 1.467E+00  7.81E-01
6.310E-02 6.852E-01 1.424E+00  8.04E-01
5.957E-02 6.979E-01 1.403E+00  8.16E-01
5.623E-02 6.938E-01 1.399E+00  8.22E-01
5.309E-02 7.040E-01 1.380E+00  8.38E-01
5.012E-02 7.202E-01 1.356E+00  8.55E-01
4.732E-02 7.338E-01 1.335E+00  8.72E-01
4.467E-02 7.511E-01 1.311E+00  8.90E-01
4.217E-02 7.736E-01 1.282E+00  9.10E-01
3.981E-02 8.121E-01 1.237E+00  9.31E-01
3.758E-02 8.455E-01 1.199E+00  9.46E-01
3.548E-02 8.459E-01 1.198E+00  9.46E-01
3.350E-02 8.466E-01 1.193E+00  9.50E-01
3.162E-02 8.502E-01 1.186E+00  9.55E-01
2.985E-02 8.548E-01 1.178E+00  9.59E-01
2.818E-02 8.600E-01 1.169E+00  9.64E-01
2.661E-02 8.655E-01 1.161E+00  9.68E-01
2.512E-02 8.711E-01 1.152E+00  9.72E-01
2.371E-02 8.768E-01 1.143E+00  9.76E-01
2.239E-02 8.824E-01 1.135E+00  9.79E-01
2.113E-02 8.879E-01 1.127E+00  9.82E-01
1.995E-02 8.932E-01 1.119E+00  9.84E-01
1.884E-02 8.982E-01 1.111E+00  9.86E-01
1.778E-02 9.030E-01 1.104E+00  9.88E-01
1.679E-02 9.072E-01 1.099E+00  9.90E-01
1.585E-02 9.109E-01 1.094E+00  9.92E-01
1.496E-02 9.139E-01 1.090E+00  9.93E-01
1.413E-02 9.158E-01 1.085E+00  9.94E-01
1.334E-02 9.165E-01 1.078E+00  9.95E-01
1.259E-02 9.156E-01 1.072E+00  9.96E-01
1.189E-02 9.127E-01 1.072E+00  9.96E-01
1.122E-02 9.069E-01 1.079E+00  9.97E-01
1.059E-02 8.981E-01 1.087E+00  9.98E-01
1.000E-02 8.857E-01 1.087E+00  9.98E-01
9.441E-03 8.691E-01 1.084E+00  9.98E-01
8.913E-03 8.480E-01 1.099E+00  9.99E-01
8.414E-03 8.223E-01 1.154E+00  9.99E-01
7.943E-03 7.921E-01 1.246E+00  9.99E-01
7.499E-03 7.573E-01 1.339E+00  9.99E-01
7.079E-03 7.194E-01 1.383E+00  9.99E-01
6.683E-03 6.782E-01 1.354E+00  1.00E+00
6.310E-03 6.346E-01 1.275E+00  1.00E+00
5.957E-03 5.904E-01 1.223E+00  1.00E+00
5.623E-03 5.442E-01 1.309E+00  1.00E+00
5.309E-03 4.988E-01 1.626E+00  1.00E+00
5.012E-03 4.549E-01 2.060E+00  1.00E+00
4.732E-03 4.128E-01 2.132E+00  1.00E+00
4.467E-03 3.737E-01 2.170E+00  1.00E+00
4.217E-03 9.896E-01 9.530E-01  1.00E+00
3.981E-03 9.846E-01 1.001E+00  1.00E+00
3.758E-03 9.819E-01 1.016E+00  1.00E+00
3.548E-03 9.775E-01 1.020E+00  1.00E+00
3.350E-03 9.722E-01 1.025E+00  1.00E+00
3.162E-03 9.653E-01 1.032E+00  1.00E+00
2.985E-03 9.567E-01 1.040E+00  1.00E+00
2.818E-03 9.450E-01 1.051E+00  1.00E+00
2.661E-03 9.296E-01 1.065E+00  1.00E+00
2.512E-03 9.101E-01 1.083E+00  1.00E+00
2.371E-03 8.858E-01 1.106E+00  1.00E+00
2.239E-03 8.563E-01 1.133E+00  1.00E+00
2.113E-03 8.207E-01 1.166E+00  1.00E+00
1.995E-03 7.802E-01 1.203E+00  1.00E+00
1.884E-03 7.349E-01 1.244E+00  1.00E+00
1.778E-03 6.855E-01 1.288E+00  1.00E+00
1.679E-03 6.334E-01 1.332E+00  1.00E+00
1.585E-03 5.801E-01 1.376E+00  1.00E+00
1.496E-03 5.266E-01 1.418E+00  1.00E+00
1.413E-03 4.740E-01 1.456E+00  1.00E+00
1.334E-03 4.234E-01 1.488E+00  1.00E+00
1.259E-03 3.759E-01 1.512E+00  1.00E+00
1.189E-03 3.320E-01 1.528E+00  1.00E+00
1.122E-03 2.900E-01 1.534E+00  1.00E+00
1.059E-03 2.525E-01 1.529E+00  1.00E+00
1.000E-03 2.193E-01 1.512E+00  1.00E+00
