1.000E+03 7.210E-07 6.566E-19  0.00E+00
9.441E+02 8.001E-07 8.264E-19  0.00E+00
8.913E+02 8.878E-07 1.040E-18  0.00E+00
8.414E+02 9.853E-07 1.309E-18  0.00E+00
7.943E+02 1.094E-06 1.648E-18  0.00E+00
7.499E+02 1.214E-06 2.074E-18  0.00E+00
7.079E+02 1.348E-06 2.611E-18  0.00E+00
6.683E+02 1.497E-06 3.286E-18  0.00E+00
6.310E+02 1.664E-06 4.137E-18  0.00E+00
5.957E+02 1.850E-06 5.207E-18  0.00E+00
5.623E+02 2.057E-06 6.554E-18  0.00E+00
5.309E+02 2.289E-06 8.249E-18  0.00E+00
5.012E+02 2.548E-06 1.038E-17  0.00E+00
4.732E+02 2.838E-06 1.307E-17  0.00E+00
4.467E+02 3.162E-06 1.645E-17  0.00E+00
4.217E+02 3.525E-06 2.071E-17  0.00E+00
3.981E+02 3.932E-06 2.606E-17  0.00E+00
3.758E+02 4.387E-06 3.281E-17  0.00E+00
3.548E+02 4.898E-06 4.129E-17  0.00E+00
3.350E+02 5.470E-06 5.198E-17  0.00E+00
3.162E+02 6.112E-06 6.542E-17  0.00E+00
2.985E+02 6.831E-06 8.234E-17  0.00E+00
2.818E+02 7.638E-06 1.036E-16  0.00E+00
2.661E+02 8.543E-06 1.304E-16  0.00E+00
2.512E+02 9.558E-06 1.642E-16  0.00E+00
2.371E+02 1.070E-05 2.066E-16  0.00E+00
2.239E+02 1.197E-05 2.600E-16  0.00E+00
2.113E+02 1.341E-05 3.272E-16  0.00E+00
1.995E+02 1.501E-05 4.118E-16  0.00E+00
1.884E+02 1.682E-05 5.181E-16  0.00E+00
1.778E+02 1.884E-05 6.520E-16  0.00E+00
1.679E+02 2.111E-05 8.203E-16  0.00E+00
1.585E+02 2.366E-05 1.032E-15  0.00E+00
1.496E+02 2.653E-05 1.298E-15  0.00E+00
1.413E+02 2.974E-05 1.633E-15  0.00E+00
1.334E+02 3.335E-05 2.054E-15  0.00E+00
1.259E+02 3.740E-05 2.583E-15  0.00E+00
1.189E+02 4.194E-05 3.248E-15  0.00E+00
1.122E+02 4.704E-05 4.083E-15  0.00E+00
1.059E+02 5.277E-05 5.131E-15  0.00E+00
1.000E+02 5.917E-05 6.447E-15  0.00E+00
9.441E+01 6.631E-05 8.097E-15  0.00E+00
8.913E+01 7.425E-05 1.017E-14  0.00E+00
8.414E+01 8.308E-05 1.276E-14  0.00E+00
7.943E+01 9.287E-05 1.600E-14  0.00E+00
7.499E+01 1.037E-04 2.006E-14  0.00E+00
7.079E+01 1.156E-04 2.513E-14  0.00E+00
6.683E+01 1.286E-04 3.146E-14  0.00E+00
6.310E+01 1.427E-04 3.934E-14  0.00E+00
5.957E+01 1.580E-04 4.915E-14  0.00E+00
5.623E+01 1.742E-04 6.135E-14  0.00E+00
5.309E+01 1.913E-04 7.648E-14  0.00E+00
5.012E+01 2.089E-04 9.522E-14  0.00E+00
4.732E+01 2.270E-04 1.184E-13  0.00E+00
4.467E+01 2.447E-04 1.470E-13  0.00E+00
4.217E+01 2.618E-04 1.823E-13  0.00E+00
3.981E+01 2.773E-04 2.258E-13  0.00E+00
3.758E+01 2.908E-04 2.795E-13  0.00E+00
3.548E+01 3.016E-04 3.459E-13  0.00E+00
3.350E+01 3.091E-04 4.280E-13  0.00E+00
3.162E+01 3.131E-04 5.300E-13  0.00E+00
2.985E+01 3.136E-04 6.570E-13  0.00E+00
2.818E+01 3.111E-04 8.158E-13  0.00E+00
2.661E+01 3.059E-04 1.015E-12  0.00E+00
2.512E+01 2.988E-04 1.265E-12  0.00E+00
2.371E+01 2.899E-04 1.579E-12  0.00E+00
2.239E+01 2.801E-04 1.976E-12  0.00E+00
2.113E+01 2.619E-04 2.629E-12 -5.16E-07
1.995E+01 2.618E-04 3.107E-12 -4.40E-07
1.884E+01 2.536E-04 3.903E-12 -2.63E-07
1.778E+01 2.466E-04 4.909E-12 -1.17E-07
1.679E+01 2.415E-04 6.178E-12  3.56E-08
1.585E+01 2.384E-04 7.780E-12  1.97E-07
1.496E+01 2.374E-04 9.801E-12  3.55E-07
1.413E+01 2.391E-04 1.235E-11  5.25E-07
1.334E+01 2.436E-04 1.556E-11  7.22E-07
1.259E+01 2.506E-04 1.961E-11  9.62E-07
1.189E+01 2.587E-04 2.474E-11  1.24E-06
1.122E+01 2.751E-04 3.099E-11  1.51E-06
1.059E+01 2.873E-04 3.914E-11  1.80E-06
1.000E+01 3.056E-04 4.928E-11  2.11E-06
9.441E+00 3.268E-04 6.205E-11  2.44E-06
8.913E+00 3.522E-04 7.811E-11  2.81E-06
8.414E+00 3.814E-04 9.829E-11  3.22E-06
7.943E+00 4.144E-04 1.236E-10  3.71E-06
7.499E+00 4.501E-04 1.555E-10  4.26E-06
7.079E+00 4.906E-04 1.955E-10  4.83E-06
6.683E+00 5.359E-04 2.458E-10  5.46E-06
6.310E+00 5.779E-04 3.088E-10  6.32E-06
5.957E+00 6.422E-04 3.882E-10  6.87E-06
5.623E+00 7.039E-04 4.877E-10  7.70E-06
5.309E+00 7.722E-04 6.125E-10  8.62E-06
5.012E+00 8.466E-04 7.690E-10  9.67E-06
4.732E+00 9.259E-04 9.655E-10  1.08E-05
4.467E+00 1.013E-03 1.212E-09  1.21E-05
4.217E+00 1.109E-03 1.521E-09  1.35E-05
3.981E+00 1.214E-03 1.909E-09  1.50E-05
3.758E+00 1.328E-03 2.395E-09  1.67E-05
3.548E+00 1.454E-03 3.005E-09  1.85E-05
3.350E+00 1.592E-03 3.769E-09  2.05E-05
3.162E+00 1.740E-03 4.726E-09  2.27E-05
2.985E+00 1.907E-03 5.927E-09  2.51E-05
2.818E+00 2.087E-03 7.432E-09  2.77E-05
2.661E+00 2.282E-03 9.316E-09  3.07E-05
2.512E+00 2.493E-03 1.167E-08  3.40E-05
2.371E+00 2.722E-03 1.463E-08  3.77E-05
2.239E+00 2.973E-03 1.833E-08  4.16E-05
2.113E+00 3.249E-03 2.297E-08  4.59E-05
1.995E+00 3.546E-03 2.878E-08  5.08E-05
1.884E+00 3.873E-03 3.606E-08  5.60E-05
1.778E+00 4.233E-03 4.518E-08  6.17E-05
1.679E+00 4.628E-03 5.659E-08  6.80E-05
1.585E+00 5.051E-03 7.086E-08  7.51E-05
1.496E+00 5.512E-03 8.877E-08  8.29E-05
1.413E+00 6.028E-03 1.112E-07  9.11E-05
1.334E+00 6.602E-03 1.394E-07  1.00E-04
1.259E+00 7.228E-03 1.745E-07  1.10E-04
1.189E+00 7.906E-03 2.186E-07  1.21E-04
1.122E+00 8.658E-03 2.738E-07  1.33E-04
1.059E+00 9.501E-03 3.429E-07  1.47E-04
1.000E+00 1.043E-02 4.292E-07  1.61E-04
9.441E-01 1.145E-02 5.370E-07  1.77E-04
8.913E-01 1.256E-02 6.717E-07  1.95E-04
8.414E-01 1.376E-02 8.396E-07  2.16E-04
7.943E-01 1.506E-02 1.049E-06  2.39E-04
7.499E-01 1.646E-02 1.311E-06  2.65E-04
7.079E-01 1.796E-02 1.638E-06  2.95E-04
6.683E-01 1.956E-02 2.047E-06  3.28E-04
6.310E-01 2.126E-02 2.560E-06  3.66E-04
5.957E-01 2.312E-02 3.207E-06  4.09E-04
5.623E-01 2.519E-02 4.024E-06  4.56E-04
5.309E-01 2.750E-02 5.063E-06  5.09E-04
5.012E-01 3.010E-02 6.387E-06  5.66E-04
4.732E-01 3.312E-02 8.075E-06  6.29E-04
4.467E-01 3.676E-02 1.023E-05  6.95E-04
4.217E-01 4.111E-02 1.297E-05  7.61E-04
3.981E-01 4.585E-02 1.646E-05  8.30E-04
3.758E-01 5.078E-02 2.091E-05  9.00E-04
3.548E-01 5.598E-02 2.677E-05  9.73E-04
3.350E-01 6.226E-02 3.472E-05  1.03E-03
3.162E-01 7.075E-02 4.580E-05  1.04E-03
2.985E-01 8.192E-02 6.119E-05  9.45E-04
2.818E-01 9.591E-02 8.393E-05  6.81E-04
2.661E-01 1.160E-01 1.198E-04  2.89E-04
2.512E-01 1.496E-01 1.815E-04  7.73E-05
2.371E-01 2.182E-01 2.973E-04  1.61E-04
2.239E-01 3.379E-01 4.622E-04  4.47E-04
2.113E-01 4.279E-01 5.249E-04  8.53E-04
1.995E-01 3.544E-01 3.720E-04  1.34E-03
1.884E-01 2.444E-01 2.166E-04  1.90E-03
1.778E-01 1.701E-01 1.342E-04  2.57E-03
1.679E-01 1.253E-01 1.044E-04  3.33E-03
1.585E-01 9.671E-02 1.131E-04  4.10E-03
1.496E-01 7.783E-02 1.588E-04  4.93E-03
1.413E-01 6.817E-02 2.527E-04  5.81E-03
1.334E-01 6.797E-02 4.126E-04  6.84E-03
1.259E-01 7.786E-02 6.848E-04  8.24E-03
1.189E-01 1.025E-01 1.130E-03  9.92E-03
1.122E-01 1.400E-01 1.933E-03  1.10E-02
1.059E-01 2.460E-01 3.464E-03  7.71E-03
1.000E-01 3.933E-01 5.183E-03  7.54E-03
9.441E-02 5.917E-01 7.779E-03  6.72E-03
8.913E-02 7.000E-01 9.137E-03  7.48E-03
8.414E-02 8.077E-01 1.278E-02  6.91E-03
7.943E-02 1.036E+00 1.951E-02  6.93E-03
7.499E-02 1.268E+00 2.599E-02  8.48E-03
7.079E-02 1.289E+00 2.871E-02  1.06E-02
6.683E-02 1.060E+00 2.518E-02  1.32E-02
6.310E-02 8.397E-01 2.033E-02  1.60E-02
5.957E-02 7.223E-01 1.869E-02  1.88E-02
5.623E-02 6.058E-01 1.716E-02  2.18E-02
5.309E-02 4.875E-01 1.486E-02  2.51E-02
5.012E-02 4.069E-01 1.319E-02  2.88E-02
4.732E-02 3.416E-01 1.191E-02  3.29E-02
4.467E-02 2.873E-01 1.059E-02  3.75E-02
4.217E-02 2.407E-01 9.081E-03  4.27E-02
3.981E-02 2.256E-01 7.978E-03  4.86E-02
3.758E-02 2.305E-01 7.679E-03  5.52E-02
3.548E-02 2.363E-01 9.080E-03  6.23E-02
3.350E-02 2.127E-01 9.306E-03  7.04E-02
3.162E-02 1.912E-01 9.321E-03  7.96E-02
2.985E-02 1.713E-01 9.236E-03  8.99E-02
2.818E-02 1.532E-01 9.078E-03  1.01E-01
2.661E-02 1.371E-01 8.889E-03  1.15E-01
2.512E-02 1.224E-01 8.654E-03  1.29E-01
2.371E-02 1.092E-01 8.387E-03  1.46E-01
2.239E-02 9.742E-02 8.095E-03  1.64E-01
2.113E-02 8.687E-02 7.778E-03  1.85E-01
1.995E-02 7.743E-02 7.439E-03  2.08E-01
1.884E-02 6.883E-02 7.065E-03  2.34E-01
1.778E-02 6.121E-02 6.676E-03  2.63E-01
1.679E-02 5.437E-02 6.274E-03  2.95E-01
1.585E-02 4.827E-02 5.861E-03  3.30E-01
1.496E-02 4.280E-02 5.440E-03  3.68E-01
1.413E-02 3.790E-02 5.019E-03  4.10E-01
1.334E-02 3.355E-02 4.600E-03  4.54E-01
1.259E-02 2.967E-02 4.194E-03  5.01E-01
1.189E-02 2.624E-02 3.810E-03  5.49E-01
1.122E-02 2.308E-02 3.434E-03  5.96E-01
1.059E-02 2.031E-02 3.086E-03  6.41E-01
1.000E-02 1.787E-02 2.770E-03  6.82E-01
9.441E-03 1.570E-02 2.482E-03  7.17E-01
8.913E-03 1.377E-02 2.220E-03  7.46E-01
8.414E-03 1.207E-02 1.983E-03  7.67E-01
7.943E-03 1.058E-02 1.765E-03  7.82E-01
7.499E-03 9.252E-03 1.562E-03  7.95E-01
7.079E-03 8.103E-03 1.373E-03  8.07E-01
6.683E-03 7.085E-03 1.191E-03  8.21E-01
6.310E-03 6.187E-03 1.016E-03  8.37E-01
5.957E-03 5.410E-03 8.509E-04  8.55E-01
5.623E-03 4.706E-03 6.858E-04  8.72E-01
5.309E-03 4.096E-03 5.259E-04  8.85E-01
5.012E-03 3.568E-03 3.902E-04  8.94E-01
4.732E-03 3.107E-03 1.490E-04  9.01E-01
4.467E-03 2.707E-03 1.434E-04  9.08E-01
4.217E-03 5.367E-02 8.337E-04  9.18E-01
3.981E-03 4.819E-02 1.039E-03  9.27E-01
3.758E-03 4.305E-02 1.014E-03  9.34E-01
3.548E-03 3.826E-02 9.923E-04  9.39E-01
3.350E-03 3.386E-02 9.495E-04  9.43E-01
3.162E-03 2.986E-02 8.925E-04  9.49E-01
2.985E-03 2.630E-02 8.317E-04  9.55E-01
2.818E-03 2.296E-02 7.690E-04  9.58E-01
2.661E-03 1.996E-02 7.041E-04  9.62E-01
2.512E-03 1.732E-02 6.387E-04  9.66E-01
2.371E-03 1.501E-02 5.773E-04  9.69E-01
2.239E-03 1.299E-02 5.203E-04  9.71E-01
2.113E-03 1.119E-02 4.669E-04  9.74E-01
1.995E-03 9.635E-03 4.184E-04  9.76E-01
1.884E-03 8.278E-03 3.741E-04  9.79E-01
1.778E-03 7.092E-03 3.334E-04  9.81E-01
1.679E-03 6.069E-03 2.967E-04  9.82E-01
1.585E-03 5.186E-03 2.637E-04  9.84E-01
1.496E-03 4.426E-03 2.343E-04  9.86E-01
1.413E-03 3.772E-03 2.079E-04  9.87E-01
1.334E-03 3.210E-03 1.845E-04  9.88E-01
1.259E-03 2.733E-03 1.636E-04  9.89E-01
1.189E-03 2.328E-03 1.452E-04  9.90E-01
1.122E-03 1.968E-03 1.285E-04  9.91E-01
1.059E-03 1.666E-03 1.137E-04  9.92E-01
1.000E-03 1.413E-03 1.007E-04  9.93E-01
