1.000E+03 7.995E-07 1.041E-18  0.00E+00
9.441E+02 8.882E-07 1.310E-18  0.00E+00
8.913E+02 9.865E-07 1.649E-18  0.00E+00
8.414E+02 1.096E-06 2.076E-18  0.00E+00
7.943E+02 1.217E-06 2.613E-18  0.00E+00
7.499E+02 1.352E-06 3.289E-18  0.00E+00
7.079E+02 1.502E-06 4.139E-18  0.00E+00
6.683E+02 1.668E-06 5.210E-18  0.00E+00
6.310E+02 1.854E-06 6.558E-18  0.00E+00
5.957E+02 2.062E-06 8.255E-18  0.00E+00
5.623E+02 2.293E-06 1.039E-17  0.00E+00
5.309E+02 2.551E-06 1.308E-17  0.00E+00
5.012E+02 2.839E-06 1.646E-17  0.00E+00
4.732E+02 3.161E-06 2.072E-17  0.00E+00
4.467E+02 3.521E-06 2.608E-17  0.00E+00
4.217E+02 3.924E-06 3.283E-17  0.00E+00
3.981E+02 4.375E-06 4.132E-17  0.00E+00
3.758E+02 4.880E-06 5.201E-17  0.00E+00
3.548E+02 5.446E-06 6.546E-17  0.00E+00
3.350E+02 6.080E-06 8.239E-17  0.00E+00
3.162E+02 6.791E-06 1.037E-16  0.00E+00
2.985E+02 7.588E-06 1.305E-16  0.00E+00
2.818E+02 8.482E-06 1.643E-16  0.00E+00
2.661E+02 9.485E-06 2.068E-16  0.00E+00
2.512E+02 1.061E-05 2.603E-16  0.00E+00
2.371E+02 1.187E-05 3.275E-16  0.00E+00
2.239E+02 1.329E-05 4.122E-16  0.00E+00
2.113E+02 1.487E-05 5.188E-16  0.00E+00
1.995E+02 1.666E-05 6.528E-16  0.00E+00
1.884E+02 1.866E-05 8.215E-16  0.00E+00
1.778E+02 2.090E-05 1.034E-15  0.00E+00
1.679E+02 2.342E-05 1.301E-15  0.00E+00
1.585E+02 2.625E-05 1.637E-15  0.00E+00
1.496E+02 2.943E-05 2.059E-15  0.00E+00
1.413E+02 3.301E-05 2.590E-15  0.00E+00
1.334E+02 3.702E-05 3.258E-15  0.00E+00
1.259E+02 4.153E-05 4.097E-15  0.00E+00
1.189E+02 4.659E-05 5.152E-15  0.00E+00
1.122E+02 5.228E-05 6.477E-15  0.00E+00
1.059E+02 5.867E-05 8.142E-15  0.00E+00
1.000E+02 6.582E-05 1.023E-14  0.00E+00
9.441E+01 7.382E-05 1.285E-14  0.00E+00
8.913E+01 8.272E-05 1.614E-14  0.00E+00
8.414E+01 9.262E-05 2.025E-14  0.00E+00
7.943E+01 1.036E-04 2.541E-14  0.00E+00
7.499E+01 1.158E-04 3.186E-14  0.00E+00
7.079E+01 1.293E-04 3.991E-14  0.00E+00
6.683E+01 1.440E-04 4.997E-14  0.00E+00
6.310E+01 1.600E-04 6.251E-14  0.00E+00
5.957E+01 1.773E-04 7.812E-14  0.00E+00
5.623E+01 1.958E-04 9.752E-14  0.00E+00
5.309E+01 2.154E-04 1.216E-13  0.00E+00
5.012E+01 2.357E-04 1.514E-13  0.00E+00
4.732E+01 2.564E-04 1.883E-13  0.00E+00
4.467E+01 2.769E-04 2.337E-13  0.00E+00
4.217E+01 2.966E-04 2.898E-13  0.00E+00
3.981E+01 3.147E-04 3.589E-13  0.00E+00
3.758E+01 3.303E-04 4.441E-13  0.00E+00
3.548E+01 3.428E-04 5.493E-13  0.00E+00
3.350E+01 3.515E-04 6.795E-13  0.00E+00
3.162E+01 3.560E-04 8.410E-13  0.00E+00
2.985E+01 3.564E-04 1.042E-12  0.00E+00
2.818E+01 3.533E-04 1.293E-12  0.00E+00
2.661E+01 3.470E-04 1.608E-12  0.00E+00
2.512E+01 3.384E-04 2.004E-12  0.00E+00
2.371E+01 3.279E-04 2.502E-12 -9.88E-07
2.239E+01 3.162E-04 3.130E-12 -8.89E-07
2.113E+01 3.050E-04 3.922E-12 -7.71E-07
1.995E+01 2.946E-04 4.923E-12 -6.00E-07
1.884E+01 2.850E-04 6.184E-12 -3.78E-07
1.778E+01 2.769E-04 7.778E-12 -1.96E-07
1.679E+01 2.709E-04 9.789E-12 -4.34E-09
1.585E+01 2.673E-04 1.233E-11  1.99E-07
1.496E+01 2.661E-04 1.553E-11  3.97E-07
1.413E+01 2.680E-04 1.957E-11  6.12E-07
1.334E+01 2.730E-04 2.467E-11  8.61E-07
1.259E+01 2.809E-04 3.108E-11  1.16E-06
1.189E+01 2.901E-04 3.921E-11  1.52E-06
1.122E+01 3.085E-04 4.912E-11  1.85E-06
1.059E+01 3.223E-04 6.204E-11  2.22E-06
1.000E+01 3.429E-04 7.810E-11  2.62E-06
9.441E+00 3.668E-04 9.835E-11  3.04E-06
8.913E+00 3.954E-04 1.238E-10  3.50E-06
8.414E+00 4.283E-04 1.558E-10  4.02E-06
7.943E+00 4.654E-04 1.959E-10  4.64E-06
7.499E+00 5.055E-04 2.464E-10  5.34E-06
7.079E+00 5.511E-04 3.099E-10  6.05E-06
6.683E+00 6.019E-04 3.895E-10  6.84E-06
6.310E+00 6.491E-04 4.895E-10  7.94E-06
5.957E+00 7.213E-04 6.153E-10  8.63E-06
5.623E+00 7.905E-04 7.730E-10  9.68E-06
5.309E+00 8.672E-04 9.708E-10  1.08E-05
5.012E+00 9.507E-04 1.219E-09  1.22E-05
4.732E+00 1.040E-03 1.530E-09  1.36E-05
4.467E+00 1.138E-03 1.921E-09  1.52E-05
4.217E+00 1.245E-03 2.411E-09  1.70E-05
3.981E+00 1.363E-03 3.025E-09  1.89E-05
3.758E+00 1.491E-03 3.795E-09  2.10E-05
3.548E+00 1.632E-03 4.762E-09  2.32E-05
3.350E+00 1.787E-03 5.973E-09  2.57E-05
3.162E+00 1.953E-03 7.491E-09  2.85E-05
2.985E+00 2.140E-03 9.394E-09  3.16E-05
2.818E+00 2.342E-03 1.178E-08  3.49E-05
2.661E+00 2.562E-03 1.476E-08  3.86E-05
2.512E+00 2.798E-03 1.850E-08  4.28E-05
2.371E+00 3.055E-03 2.318E-08  4.74E-05
2.239E+00 3.337E-03 2.905E-08  5.24E-05
2.113E+00 3.646E-03 3.641E-08  5.78E-05
1.995E+00 3.980E-03 4.561E-08  6.39E-05
1.884E+00 4.347E-03 5.715E-08  7.05E-05
1.778E+00 4.751E-03 7.160E-08  7.77E-05
1.679E+00 5.194E-03 8.969E-08  8.56E-05
1.585E+00 5.669E-03 1.123E-07  9.45E-05
1.496E+00 6.187E-03 1.407E-07  1.04E-04
1.413E+00 6.766E-03 1.763E-07  1.15E-04
1.334E+00 7.410E-03 2.209E-07  1.26E-04
1.259E+00 8.113E-03 2.766E-07  1.39E-04
1.189E+00 8.874E-03 3.465E-07  1.53E-04
1.122E+00 9.719E-03 4.340E-07  1.68E-04
1.059E+00 1.067E-02 5.435E-07  1.85E-04
1.000E+00 1.171E-02 6.803E-07  2.03E-04
9.441E-01 1.286E-02 8.513E-07  2.23E-04
8.913E-01 1.410E-02 1.065E-06  2.46E-04
8.414E-01 1.545E-02 1.331E-06  2.72E-04
7.943E-01 1.691E-02 1.663E-06  3.01E-04
7.499E-01 1.848E-02 2.078E-06  3.34E-04
7.079E-01 2.017E-02 2.596E-06  3.71E-04
6.683E-01 2.197E-02 3.244E-06  4.13E-04
6.310E-01 2.387E-02 4.059E-06  4.61E-04
5.957E-01 2.597E-02 5.085E-06  5.14E-04
5.623E-01 2.829E-02 6.381E-06  5.74E-04
5.309E-01 3.088E-02 8.027E-06  6.40E-04
5.012E-01 3.381E-02 1.013E-05  7.13E-04
4.732E-01 3.721E-02 1.280E-05  7.91E-04
4.467E-01 4.130E-02 1.622E-05  8.74E-04
4.217E-01 4.620E-02 2.057E-05  9.58E-04
3.981E-01 5.153E-02 2.610E-05  1.04E-03
3.758E-01 5.708E-02 3.317E-05  1.13E-03
3.548E-01 6.295E-02 4.246E-05  1.22E-03
3.350E-01 7.003E-02 5.508E-05  1.30E-03
3.162E-01 7.960E-02 7.267E-05  1.31E-03
2.985E-01 9.219E-02 9.711E-05  1.19E-03
2.818E-01 1.080E-01 1.332E-04  8.54E-04
2.661E-01 1.306E-01 1.902E-04  3.61E-04
2.512E-01 1.685E-01 2.884E-04  9.74E-05
2.371E-01 2.457E-01 4.726E-04  2.04E-04
2.239E-01 3.804E-01 7.345E-04  5.64E-04
2.113E-01 4.807E-01 8.320E-04  1.08E-03
1.995E-01 3.973E-01 5.884E-04  1.69E-03
1.884E-01 2.739E-01 3.424E-04  2.39E-03
1.778E-01 1.907E-01 2.124E-04  3.24E-03
1.679E-01 1.406E-01 1.654E-04  4.19E-03
1.585E-01 1.086E-01 1.793E-04  5.17E-03
1.496E-01 8.753E-02 2.520E-04  6.21E-03
1.413E-01 7.679E-02 4.011E-04  7.32E-03
1.334E-01 7.670E-02 6.553E-04  8.61E-03
1.259E-01 8.807E-02 1.089E-03  1.04E-02
1.189E-01 1.163E-01 1.799E-03  1.25E-02
1.122E-01 1.598E-01 3.083E-03  1.38E-02
1.059E-01 2.807E-01 5.533E-03  9.66E-03
1.000E-01 4.482E-01 8.274E-03  9.46E-03
9.441E-02 6.716E-01 1.239E-02  8.46E-03
8.913E-02 7.910E-01 1.449E-02  9.42E-03
8.414E-02 9.132E-01 2.030E-02  8.72E-03
7.943E-02 1.166E+00 3.084E-02  8.80E-03
7.499E-02 1.410E+00 4.049E-02  1.08E-02
7.079E-02 1.414E+00 4.406E-02  1.35E-02
6.683E-02 1.153E+00 3.827E-02  1.69E-02
6.310E-02 9.132E-01 3.080E-02  2.04E-02
5.957E-02 7.855E-01 2.824E-02  2.40E-02
5.623E-02 6.588E-01 2.590E-02  2.79E-02
5.309E-02 5.308E-01 2.242E-02  3.21E-02
5.012E-02 4.437E-01 1.989E-02  3.68E-02
4.732E-02 3.730E-01 1.794E-02  4.20E-02
4.467E-02 3.141E-01 1.594E-02  4.78E-02
4.217E-02 2.636E-01 1.365E-02  5.44E-02
3.981E-02 2.474E-01 1.197E-02  6.19E-02
3.758E-02 2.530E-01 1.148E-02  7.03E-02
3.548E-02 2.590E-01 1.349E-02  7.95E-02
3.350E-02 2.332E-01 1.377E-02  8.98E-02
3.162E-02 2.097E-01 1.373E-02  1.01E-01
2.985E-02 1.880E-01 1.354E-02  1.15E-01
2.818E-02 1.684E-01 1.324E-02  1.29E-01
2.661E-02 1.508E-01 1.289E-02  1.46E-01
2.512E-02 1.349E-01 1.247E-02  1.64E-01
2.371E-02 1.205E-01 1.201E-02  1.85E-01
2.239E-02 1.077E-01 1.151E-02  2.08E-01
2.113E-02 9.616E-02 1.098E-02  2.34E-01
1.995E-02 8.584E-02 1.042E-02  2.63E-01
1.884E-02 7.642E-02 9.812E-03  2.95E-01
1.778E-02 6.805E-02 9.190E-03  3.30E-01
1.679E-02 6.053E-02 8.559E-03  3.68E-01
1.585E-02 5.380E-02 7.922E-03  4.09E-01
1.496E-02 4.774E-02 7.289E-03  4.53E-01
1.413E-02 4.231E-02 6.669E-03  5.00E-01
1.334E-02 3.747E-02 6.068E-03  5.47E-01
1.259E-02 3.315E-02 5.500E-03  5.95E-01
1.189E-02 2.932E-02 4.977E-03  6.40E-01
1.122E-02 2.580E-02 4.478E-03  6.81E-01
1.059E-02 2.270E-02 4.027E-03  7.17E-01
1.000E-02 1.998E-02 3.622E-03  7.45E-01
9.441E-03 1.756E-02 3.257E-03  7.67E-01
8.913E-03 1.541E-02 2.922E-03  7.83E-01
8.414E-03 1.352E-02 2.613E-03  7.95E-01
7.943E-03 1.185E-02 2.323E-03  8.07E-01
7.499E-03 1.037E-02 2.047E-03  8.21E-01
7.079E-03 9.081E-03 1.788E-03  8.37E-01
6.683E-03 7.943E-03 1.542E-03  8.55E-01
6.310E-03 6.936E-03 1.310E-03  8.72E-01
5.957E-03 6.065E-03 1.095E-03  8.85E-01
5.623E-03 5.276E-03 8.830E-04  8.94E-01
5.309E-03 4.593E-03 6.776E-04  9.01E-01
5.012E-03 4.002E-03 5.020E-04  9.08E-01
4.732E-03 3.485E-03 1.910E-04  9.17E-01
4.467E-03 3.037E-03 1.832E-04  9.27E-01
4.217E-03 5.998E-02 1.060E-03  9.34E-01
3.981E-03 5.387E-02 1.322E-03  9.39E-01
3.758E-03 4.814E-02 1.290E-03  9.44E-01
3.548E-03 4.281E-02 1.260E-03  9.49E-01
3.350E-03 3.790E-02 1.204E-03  9.55E-01
3.162E-03 3.343E-02 1.132E-03  9.58E-01
2.985E-03 2.945E-02 1.055E-03  9.62E-01
2.818E-03 2.572E-02 9.739E-04  9.66E-01
2.661E-03 2.236E-02 8.913E-04  9.69E-01
2.512E-03 1.941E-02 8.085E-04  9.71E-01
2.371E-03 1.683E-02 7.302E-04  9.74E-01
2.239E-03 1.456E-02 6.579E-04  9.76E-01
2.113E-03 1.254E-02 5.903E-04  9.79E-01
1.995E-03 1.080E-02 5.287E-04  9.81E-01
1.884E-03 9.283E-03 4.726E-04  9.82E-01
1.778E-03 7.954E-03 4.211E-04  9.84E-01
1.679E-03 6.806E-03 3.746E-04  9.86E-01
1.585E-03 5.817E-03 3.329E-04  9.87E-01
1.496E-03 4.965E-03 2.957E-04  9.88E-01
1.413E-03 4.231E-03 2.624E-04  9.89E-01
1.334E-03 3.601E-03 2.327E-04  9.90E-01
1.259E-03 3.066E-03 2.063E-04  9.91E-01
1.189E-03 2.612E-03 1.831E-04  9.92E-01
1.122E-03 2.208E-03 1.620E-04  9.93E-01
1.059E-03 1.870E-03 1.434E-04  9.93E-01
1.000E-03 1.586E-03 1.270E-04  9.94E-01
