1.000E+03 1.808E-03 1.095E-06 -1.71E-01
9.441E+02 1.896E-03 1.379E-06 -1.71E-01
8.913E+02 1.995E-03 1.736E-06 -1.71E-01
8.414E+02 2.106E-03 2.186E-06 -1.71E-01
7.943E+02 2.231E-03 2.752E-06 -1.71E-01
7.499E+02 2.371E-03 3.465E-06 -1.71E-01
7.079E+02 2.527E-03 4.363E-06 -1.71E-01
6.683E+02 2.703E-03 5.492E-06 -1.71E-01
6.310E+02 2.901E-03 6.915E-06 -1.70E-01
5.957E+02 3.123E-03 8.706E-06 -1.70E-01
5.623E+02 3.372E-03 1.096E-05 -1.70E-01
5.309E+02 3.652E-03 1.380E-05 -1.69E-01
5.012E+02 3.967E-03 1.738E-05 -1.69E-01
4.732E+02 4.320E-03 2.188E-05 -1.69E-01
4.467E+02 4.719E-03 2.754E-05 -1.68E-01
4.217E+02 5.167E-03 3.468E-05 -1.68E-01
3.981E+02 5.671E-03 4.366E-05 -1.67E-01
3.758E+02 6.239E-03 5.498E-05 -1.66E-01
3.548E+02 6.879E-03 6.922E-05 -1.65E-01
3.350E+02 7.601E-03 8.716E-05 -1.64E-01
3.162E+02 8.417E-03 1.097E-04 -1.63E-01
2.985E+02 9.339E-03 1.382E-04 -1.62E-01
2.818E+02 1.038E-02 1.740E-04 -1.60E-01
2.661E+02 1.157E-02 2.191E-04 -1.58E-01
2.512E+02 1.292E-02 2.759E-04 -1.56E-01
2.371E+02 1.446E-02 3.474E-04 -1.53E-01
2.239E+02 1.624E-02 4.374E-04 -1.50E-01
2.113E+02 1.829E-02 5.507E-04 -1.46E-01
1.995E+02 2.070E-02 6.935E-04 -1.42E-01
1.884E+02 2.358E-02 8.732E-04 -1.35E-01
1.778E+02 2.714E-02 1.100E-03 -1.28E-01
1.679E+02 3.181E-02 1.385E-03 -1.17E-01
1.585E+02 3.867E-02 1.746E-03 -1.02E-01
1.496E+02 5.099E-02 2.206E-03 -7.88E-02
1.413E+02 8.182E-02 2.777E-03 -4.12E-02
1.334E+02 1.445E-01 3.455E-03  1.16E-02
1.259E+02 2.960E-01 4.913E-03 -5.95E-02
1.189E+02 2.468E-01 6.350E-03 -2.11E-01
1.122E+02 2.006E-01 7.641E-03 -2.09E-01
1.059E+02 2.087E-01 9.576E-03 -2.04E-01
1.000E+02 2.154E-01 1.219E-02 -2.15E-01
9.441E+01 2.170E-01 1.541E-02 -2.21E-01
8.913E+01 2.221E-01 1.944E-02 -2.22E-01
8.414E+01 2.303E-01 2.454E-02 -2.23E-01
7.943E+01 2.416E-01 3.097E-02 -2.22E-01
7.499E+01 2.561E-01 3.911E-02 -2.20E-01
7.079E+01 2.735E-01 4.937E-02 -2.18E-01
6.683E+01 2.941E-01 6.230E-02 -2.16E-01
6.310E+01 3.178E-01 7.857E-02 -2.14E-01
5.957E+01 3.447E-01 9.898E-02 -2.11E-01
5.623E+01 3.746E-01 1.245E-01 -2.07E-01
5.309E+01 4.073E-01 1.563E-01 -2.04E-01
5.012E+01 4.420E-01 1.957E-01 -2.00E-01
4.732E+01 4.789E-01 2.443E-01 -1.96E-01
4.467E+01 5.160E-01 3.037E-01 -1.91E-01
4.217E+01 5.526E-01 3.758E-01 -1.87E-01
3.981E+01 5.860E-01 4.625E-01 -1.82E-01
3.758E+01 6.146E-01 5.656E-01 -1.76E-01
3.548E+01 6.379E-01 6.863E-01 -1.69E-01
3.350E+01 6.559E-01 8.247E-01 -1.61E-01
3.162E+01 6.696E-01 9.784E-01 -1.50E-01
2.985E+01 6.799E-01 1.142E+00 -1.37E-01
2.818E+01 6.872E-01 1.305E+00 -1.21E-01
2.661E+01 6.920E-01 1.455E+00 -1.01E-01
2.512E+01 6.948E-01 1.581E+00 -7.74E-02
2.371E+01 6.962E-01 1.672E+00 -4.87E-02
2.239E+01 6.932E-01 1.732E+00 -1.43E-02
2.113E+01 6.912E-01 1.767E+00  2.78E-02
1.995E+01 6.935E-01 1.786E+00  7.93E-02
1.884E+01 6.999E-01 1.807E+00  1.40E-01
1.778E+01 7.076E-01 1.846E+00  2.08E-01
1.679E+01 7.114E-01 1.915E+00  2.75E-01
1.585E+01 7.024E-01 2.007E+00  3.31E-01
1.496E+01 6.826E-01 2.100E+00  3.72E-01
1.413E+01 6.714E-01 2.183E+00  4.04E-01
1.334E+01 6.890E-01 2.270E+00  4.35E-01
1.259E+01 7.407E-01 2.399E+00  4.72E-01
1.189E+01 7.587E-01 2.537E+00  4.99E-01
1.122E+01 7.046E-01 2.516E+00  5.03E-01
1.059E+01 6.478E-01 2.382E+00  4.74E-01
1.000E+01 6.687E-01 2.273E+00  4.59E-01
9.441E+00 7.420E-01 2.273E+00  4.82E-01
8.913E+00 6.725E-01 2.115E+00  4.89E-01
8.414E+00 6.561E-01 1.962E+00  4.57E-01
7.943E+00 7.168E-01 1.852E+00  4.28E-01
7.499E+00 6.314E-01 1.700E+00  4.60E-01
7.079E+00 6.800E-01 1.750E+00  4.79E-01
6.683E+00 7.053E-01 1.778E+00  5.24E-01
6.310E+00 6.170E-01 1.788E+00  5.49E-01
5.957E+00 6.744E-01 1.959E+00  6.10E-01
5.623E+00 6.020E-01 2.007E+00  6.30E-01
5.309E+00 6.758E-01 2.096E+00  6.34E-01
5.012E+00 6.129E-01 2.034E+00  6.53E-01
4.732E+00 6.686E-01 1.971E+00  6.13E-01
4.467E+00 6.276E-01 1.786E+00  6.08E-01
4.217E+00 6.551E-01 1.770E+00  5.88E-01
3.981E+00 6.638E-01 1.653E+00  5.89E-01
3.758E+00 6.539E-01 1.782E+00  6.18E-01
3.548E+00 6.795E-01 1.857E+00  6.68E-01
3.350E+00 6.853E-01 1.855E+00  6.68E-01
3.162E+00 7.020E-01 1.774E+00  6.65E-01
2.985E+00 6.952E-01 1.653E+00  6.58E-01
2.818E+00 6.836E-01 1.626E+00  6.57E-01
2.661E+00 6.950E-01 1.691E+00  6.82E-01
2.512E+00 7.113E-01 1.736E+00  7.01E-01
2.371E+00 7.272E-01 1.670E+00  6.98E-01
2.239E+00 7.427E-01 1.570E+00  6.90E-01
2.113E+00 7.519E-01 1.580E+00  7.03E-01
1.995E+00 7.524E-01 1.635E+00  7.22E-01
1.884E+00 7.623E-01 1.569E+00  7.19E-01
1.778E+00 7.771E-01 1.518E+00  7.20E-01
1.679E+00 7.856E-01 1.549E+00  7.36E-01
1.585E+00 7.891E-01 1.520E+00  7.38E-01
1.496E+00 7.977E-01 1.485E+00  7.39E-01
1.413E+00 8.021E-01 1.499E+00  7.49E-01
1.334E+00 8.059E-01 1.464E+00  7.49E-01
1.259E+00 8.086E-01 1.468E+00  7.55E-01
1.189E+00 8.095E-01 1.450E+00  7.57E-01
1.122E+00 8.096E-01 1.448E+00  7.61E-01
1.059E+00 8.090E-01 1.436E+00  7.64E-01
1.000E+00 8.082E-01 1.433E+00  7.67E-01
9.441E-01 8.071E-01 1.425E+00  7.69E-01
8.913E-01 8.059E-01 1.419E+00  7.72E-01
8.414E-01 8.048E-01 1.413E+00  7.75E-01
7.943E-01 8.037E-01 1.406E+00  7.77E-01
7.499E-01 8.025E-01 1.400E+00  7.80E-01
7.079E-01 8.012E-01 1.395E+00  7.82E-01
6.683E-01 7.997E-01 1.389E+00  7.85E-01
6.310E-01 7.978E-01 1.384E+00  7.86E-01
5.957E-01 7.956E-01 1.380E+00  7.88E-01
5.623E-01 7.931E-01 1.377E+00  7.89E-01
5.309E-01 7.899E-01 1.374E+00  7.90E-01
5.012E-01 7.862E-01 1.372E+00  7.90E-01
4.732E-01 7.822E-01 1.371E+00  7.90E-01
4.467E-01 7.779E-01 1.370E+00  7.89E-01
4.217E-01 7.736E-01 1.370E+00  7.89E-01
3.981E-01 7.692E-01 1.370E+00  7.88E-01
3.758E-01 7.646E-01 1.371E+00  7.88E-01
3.548E-01 7.579E-01 1.373E+00  7.85E-01
3.350E-01 7.480E-01 1.380E+00  7.81E-01
3.162E-01 7.338E-01 1.392E+00  7.74E-01
2.985E-01 7.168E-01 1.408E+00  7.66E-01
2.818E-01 6.932E-01 1.431E+00  7.55E-01
2.661E-01 6.664E-01 1.457E+00  7.44E-01
2.512E-01 6.430E-01 1.476E+00  7.38E-01
2.371E-01 6.304E-01 1.478E+00  7.39E-01
2.239E-01 6.426E-01 1.455E+00  7.52E-01
2.113E-01 6.738E-01 1.414E+00  7.75E-01
1.995E-01 7.205E-01 1.359E+00  8.09E-01
1.884E-01 7.781E-01 1.295E+00  8.52E-01
1.778E-01 8.412E-01 1.225E+00  8.97E-01
1.679E-01 8.933E-01 1.168E+00  9.30E-01
1.585E-01 9.203E-01 1.140E+00  9.42E-01
1.496E-01 9.229E-01 1.138E+00  9.40E-01
1.413E-01 9.099E-01 1.151E+00  9.29E-01
1.334E-01 8.897E-01 1.170E+00  9.13E-01
1.259E-01 8.635E-01 1.195E+00  8.93E-01
1.189E-01 8.318E-01 1.225E+00  8.68E-01
1.122E-01 7.849E-01 1.272E+00  8.32E-01
1.059E-01 7.310E-01 1.327E+00  7.98E-01
1.000E-01 7.054E-01 1.351E+00  7.86E-01
9.441E-02 6.817E-01 1.373E+00  7.78E-01
8.913E-02 6.895E-01 1.362E+00  7.88E-01
8.414E-02 6.691E-01 1.380E+00  7.79E-01
7.943E-02 6.489E-01 1.397E+00  7.71E-01
7.499E-02 6.322E-01 1.411E+00  7.67E-01
7.079E-02 6.180E-01 1.422E+00  7.65E-01
6.683E-02 6.228E-01 1.414E+00  7.75E-01
6.310E-02 6.571E-01 1.377E+00  8.00E-01
5.957E-02 6.726E-01 1.360E+00  8.12E-01
5.623E-02 6.730E-01 1.358E+00  8.19E-01
5.309E-02 6.873E-01 1.341E+00  8.35E-01
5.012E-02 7.067E-01 1.320E+00  8.53E-01
4.732E-02 7.234E-01 1.302E+00  8.70E-01
4.467E-02 7.436E-01 1.280E+00  8.88E-01
4.217E-02 7.691E-01 1.253E+00  9.09E-01
3.981E-02 8.084E-01 1.212E+00  9.31E-01
3.758E-02 8.408E-01 1.179E+00  9.46E-01
3.548E-02 8.415E-01 1.177E+00  9.47E-01
3.350E-02 8.442E-01 1.173E+00  9.50E-01
3.162E-02 8.497E-01 1.167E+00  9.55E-01
2.985E-02 8.560E-01 1.160E+00  9.60E-01
2.818E-02 8.628E-01 1.152E+00  9.64E-01
2.661E-02 8.698E-01 1.144E+00  9.68E-01
2.512E-02 8.769E-01 1.136E+00  9.72E-01
2.371E-02 8.851E-01 1.115E+00  9.76E-01
2.239E-02 8.923E-01 1.108E+00  9.79E-01
2.113E-02 8.994E-01 1.101E+00  9.82E-01
1.995E-02 9.063E-01 1.094E+00  9.84E-01
1.884E-02 9.129E-01 1.087E+00  9.87E-01
1.778E-02 9.194E-01 1.081E+00  9.89E-01
1.679E-02 9.258E-01 1.074E+00  9.91E-01
1.585E-02 9.315E-01 1.069E+00  9.92E-01
1.496E-02 9.364E-01 1.064E+00  9.93E-01
1.413E-02 9.410E-01 1.059E+00  9.94E-01
1.334E-02 9.459E-01 1.054E+00  9.95E-01
1.259E-02 9.513E-01 1.049E+00  9.96E-01
1.189E-02 9.559E-01 1.044E+00  9.97E-01
1.122E-02 9.589E-01 1.041E+00  9.97E-01
1.059E-02 9.608E-01 1.039E+00  9.98E-01
1.000E-02 9.622E-01 1.038E+00  9.98E-01
9.441E-03 9.634E-01 1.037E+00  9.98E-01
8.913E-03 9.653E-01 1.035E+00  9.98E-01
8.414E-03 9.688E-01 1.031E+00  9.99E-01
7.943E-03 9.727E-01 1.027E+00  9.99E-01
7.499E-03 9.744E-01 1.026E+00  9.99E-01
7.079E-03 9.743E-01 1.026E+00  9.99E-01
6.683E-03 9.727E-01 1.027E+00  9.99E-01
6.310E-03 9.698E-01 1.030E+00  9.99E-01
5.957E-03 9.654E-01 1.035E+00  9.99E-01
5.623E-03 9.590E-01 1.041E+00  9.99E-01
5.309E-03 9.503E-01 1.050E+00  9.99E-01
5.012E-03 9.389E-01 1.061E+00  9.99E-01
4.732E-03 9.263E-01 1.074E+00  1.00E+00
4.467E-03 9.117E-01 1.088E+00  1.00E+00
4.217E-03 9.983E-01 1.002E+00  1.00E+00
3.981E-03 9.972E-01 1.003E+00  1.00E+00
3.758E-03 9.970E-01 1.003E+00  1.00E+00
3.548E-03 9.967E-01 1.003E+00  1.00E+00
3.350E-03 9.964E-01 1.004E+00  1.00E+00
3.162E-03 9.961E-01 1.004E+00  1.00E+00
2.985E-03 9.958E-01 1.004E+00  1.00E+00
2.818E-03 9.956E-01 1.004E+00  1.00E+00
2.661E-03 9.953E-01 1.005E+00  1.00E+00
2.512E-03 9.950E-01 1.005E+00  1.00E+00
2.371E-03 9.945E-01 1.005E+00  1.00E+00
2.239E-03 9.937E-01 1.006E+00  1.00E+00
2.113E-03 9.925E-01 1.007E+00  1.00E+00
1.995E-03 9.908E-01 1.009E+00  1.00E+00
1.884E-03 9.883E-01 1.012E+00  1.00E+00
1.778E-03 9.847E-01 1.015E+00  1.00E+00
1.679E-03 9.797E-01 1.020E+00  1.00E+00
1.585E-03 9.729E-01 1.027E+00  1.00E+00
1.496E-03 9.634E-01 1.037E+00  1.00E+00
1.413E-03 9.504E-01 1.050E+00  1.00E+00
1.334E-03 9.330E-01 1.067E+00  1.00E+00
1.259E-03 9.105E-01 1.089E+00  1.00E+00
1.189E-03 8.822E-01 1.118E+00  1.00E+00
1.122E-03 8.463E-01 1.154E+00  1.00E+00
1.059E-03 8.043E-01 1.196E+00  1.00E+00
1.000E-03 7.572E-01 1.243E+00  1.00E+00
