1.000E+03 1.600E-06 2.620E-17  0.00E+00
9.441E+02 1.791E-06 3.298E-17  0.00E+00
8.913E+02 2.005E-06 4.152E-17  0.00E+00
8.414E+02 2.243E-06 5.226E-17  0.00E+00
7.943E+02 2.510E-06 6.578E-17  0.00E+00
7.499E+02 2.807E-06 8.280E-17  0.00E+00
7.079E+02 3.139E-06 1.042E-16  0.00E+00
6.683E+02 3.509E-06 1.312E-16  0.00E+00
6.310E+02 3.921E-06 1.651E-16  0.00E+00
5.957E+02 4.382E-06 2.079E-16  0.00E+00
5.623E+02 4.895E-06 2.616E-16  0.00E+00
5.309E+02 5.467E-06 3.293E-16  0.00E+00
5.012E+02 6.105E-06 4.145E-16  0.00E+00
4.732E+02 6.816E-06 5.217E-16  0.00E+00
4.467E+02 7.609E-06 6.566E-16  0.00E+00
4.217E+02 8.492E-06 8.264E-16  0.00E+00
3.981E+02 9.478E-06 1.040E-15  0.00E+00
3.758E+02 1.058E-05 1.309E-15  0.00E+00
3.548E+02 1.181E-05 1.648E-15  0.00E+00
3.350E+02 1.318E-05 2.074E-15  0.00E+00
3.162E+02 1.471E-05 2.610E-15  0.00E+00
2.985E+02 1.642E-05 3.285E-15  0.00E+00
2.818E+02 1.833E-05 4.135E-15  0.00E+00
2.661E+02 2.047E-05 5.204E-15  0.00E+00
2.512E+02 2.286E-05 6.549E-15  0.00E+00
2.371E+02 2.554E-05 8.242E-15  0.00E+00
2.239E+02 2.854E-05 1.037E-14  0.00E+00
2.113E+02 3.191E-05 1.306E-14  0.00E+00
1.995E+02 3.568E-05 1.643E-14  0.00E+00
1.884E+02 3.992E-05 2.068E-14  0.00E+00
1.778E+02 4.468E-05 2.602E-14  0.00E+00
1.679E+02 5.002E-05 3.275E-14  0.00E+00
1.585E+02 5.604E-05 4.121E-14  0.00E+00
1.496E+02 6.280E-05 5.186E-14  0.00E+00
1.413E+02 7.041E-05 6.525E-14  0.00E+00
1.334E+02 7.899E-05 8.210E-14  0.00E+00
1.259E+02 8.866E-05 1.033E-13  0.00E+00
1.189E+02 9.958E-05 1.299E-13  0.00E+00
1.122E+02 1.119E-04 1.634E-13  0.00E+00
1.059E+02 1.258E-04 2.055E-13  0.00E+00
1.000E+02 1.414E-04 2.584E-13  0.00E+00
9.441E+01 1.591E-04 3.248E-13  0.00E+00
8.913E+01 1.788E-04 4.082E-13  0.00E+00
8.414E+01 2.009E-04 5.127E-13  0.00E+00
7.943E+01 2.257E-04 6.437E-13  0.00E+00
7.499E+01 2.534E-04 8.078E-13  0.00E+00
7.079E+01 2.842E-04 1.013E-12  0.00E+00
6.683E+01 3.183E-04 1.270E-12  0.00E+00
6.310E+01 3.559E-04 1.590E-12  0.00E+00
5.957E+01 3.970E-04 1.988E-12  0.00E+00
5.623E+01 4.416E-04 2.484E-12  0.00E+00
5.309E+01 4.893E-04 3.100E-12  3.53E-06
5.012E+01 5.396E-04 3.862E-12  1.63E-06
4.732E+01 5.917E-04 4.804E-12 -2.89E-07
4.467E+01 6.441E-04 5.964E-12 -1.95E-06
4.217E+01 6.950E-04 7.392E-12 -3.15E-06
3.981E+01 7.421E-04 9.145E-12 -4.15E-06
3.758E+01 7.831E-04 1.130E-11 -5.10E-06
3.548E+01 8.159E-04 1.395E-11 -5.96E-06
3.350E+01 8.383E-04 1.722E-11 -6.70E-06
3.162E+01 8.489E-04 2.126E-11 -7.25E-06
2.985E+01 8.480E-04 2.629E-11 -7.59E-06
2.818E+01 8.370E-04 3.256E-11 -7.75E-06
2.661E+01 8.175E-04 4.043E-11 -7.70E-06
2.512E+01 7.917E-04 5.032E-11 -7.37E-06
2.371E+01 7.614E-04 6.276E-11 -6.60E-06
2.239E+01 7.289E-04 7.848E-11 -6.11E-06
2.113E+01 6.981E-04 9.836E-11 -5.51E-06
1.995E+01 6.698E-04 1.235E-10 -4.63E-06
1.884E+01 6.446E-04 1.551E-10 -3.49E-06
1.778E+01 6.236E-04 1.952E-10 -2.53E-06
1.679E+01 6.083E-04 2.457E-10 -1.52E-06
1.585E+01 5.989E-04 3.095E-10 -4.43E-07
1.496E+01 5.956E-04 3.900E-10  6.10E-07
1.413E+01 5.997E-04 4.917E-10  1.75E-06
1.334E+01 6.114E-04 6.196E-10  3.07E-06
1.259E+01 6.298E-04 7.809E-10  4.66E-06
1.189E+01 6.512E-04 9.853E-10  6.50E-06
1.122E+01 6.930E-04 1.234E-09  8.26E-06
1.059E+01 7.248E-04 1.559E-09  1.02E-05
1.000E+01 7.720E-04 1.962E-09  1.22E-05
9.441E+00 8.264E-04 2.471E-09  1.44E-05
8.913E+00 8.912E-04 3.110E-09  1.67E-05
8.414E+00 9.657E-04 3.914E-09  1.94E-05
7.943E+00 1.049E-03 4.923E-09  2.26E-05
7.499E+00 1.140E-03 6.190E-09  2.61E-05
7.079E+00 1.242E-03 7.784E-09  2.98E-05
6.683E+00 1.357E-03 9.785E-09  3.38E-05
6.310E+00 1.463E-03 1.229E-08  3.93E-05
5.957E+00 1.625E-03 1.546E-08  4.28E-05
5.623E+00 1.780E-03 1.942E-08  4.81E-05
5.309E+00 1.953E-03 2.439E-08  5.39E-05
5.012E+00 2.140E-03 3.061E-08  6.06E-05
4.732E+00 2.340E-03 3.844E-08  6.79E-05
4.467E+00 2.559E-03 4.825E-08  7.59E-05
4.217E+00 2.801E-03 6.055E-08  8.47E-05
3.981E+00 3.065E-03 7.598E-08  9.43E-05
3.758E+00 3.352E-03 9.534E-08  1.05E-04
3.548E+00 3.668E-03 1.196E-07  1.16E-04
3.350E+00 4.018E-03 1.501E-07  1.29E-04
3.162E+00 4.389E-03 1.882E-07  1.43E-04
2.985E+00 4.811E-03 2.360E-07  1.58E-04
2.818E+00 5.265E-03 2.959E-07  1.75E-04
2.661E+00 5.759E-03 3.710E-07  1.93E-04
2.512E+00 6.289E-03 4.648E-07  2.14E-04
2.371E+00 6.868E-03 5.825E-07  2.37E-04
2.239E+00 7.503E-03 7.301E-07  2.62E-04
2.113E+00 8.200E-03 9.149E-07  2.89E-04
1.995E+00 8.952E-03 1.146E-06  3.20E-04
1.884E+00 9.780E-03 1.436E-06  3.53E-04
1.778E+00 1.069E-02 1.800E-06  3.89E-04
1.679E+00 1.169E-02 2.255E-06  4.28E-04
1.585E+00 1.276E-02 2.823E-06  4.73E-04
1.496E+00 1.393E-02 3.538E-06  5.22E-04
1.413E+00 1.524E-02 4.434E-06  5.74E-04
1.334E+00 1.670E-02 5.556E-06  6.30E-04
1.259E+00 1.829E-02 6.957E-06  6.94E-04
1.189E+00 2.002E-02 8.717E-06  7.64E-04
1.122E+00 2.193E-02 1.092E-05  8.40E-04
1.059E+00 2.408E-02 1.368E-05  9.22E-04
1.000E+00 2.646E-02 1.713E-05  1.01E-03
9.441E-01 2.906E-02 2.144E-05  1.12E-03
8.913E-01 3.190E-02 2.682E-05  1.23E-03
8.414E-01 3.498E-02 3.353E-05  1.36E-03
7.943E-01 3.831E-02 4.192E-05  1.50E-03
7.499E-01 4.191E-02 5.239E-05  1.67E-03
7.079E-01 4.577E-02 6.549E-05  1.85E-03
6.683E-01 4.991E-02 8.189E-05  2.06E-03
6.310E-01 5.431E-02 1.025E-04  2.30E-03
5.957E-01 5.915E-02 1.285E-04  2.57E-03
5.623E-01 6.456E-02 1.613E-04  2.86E-03
5.309E-01 7.060E-02 2.031E-04  3.19E-03
5.012E-01 7.745E-02 2.565E-04  3.55E-03
4.732E-01 8.543E-02 3.246E-04  3.94E-03
4.467E-01 9.506E-02 4.116E-04  4.35E-03
4.217E-01 1.066E-01 5.227E-04  4.76E-03
3.981E-01 1.193E-01 6.641E-04  5.17E-03
3.758E-01 1.326E-01 8.451E-04  5.60E-03
3.548E-01 1.468E-01 1.084E-03  6.03E-03
3.350E-01 1.641E-01 1.409E-03  6.38E-03
3.162E-01 1.874E-01 1.864E-03  6.36E-03
2.985E-01 2.181E-01 2.500E-03  5.70E-03
2.818E-01 2.563E-01 3.446E-03  4.01E-03
2.661E-01 3.105E-01 4.954E-03  1.66E-03
2.512E-01 4.013E-01 7.581E-03  5.28E-04
2.371E-01 5.879E-01 1.252E-02  1.16E-03
2.239E-01 8.992E-01 1.918E-02  2.97E-03
2.113E-01 1.079E+00 2.055E-02  5.58E-03
1.995E-01 8.598E-01 1.397E-02  8.74E-03
1.884E-01 5.922E-01 8.130E-03  1.23E-02
1.778E-01 4.188E-01 5.145E-03  1.65E-02
1.679E-01 3.145E-01 4.099E-03  2.12E-02
1.585E-01 2.475E-01 4.519E-03  2.59E-02
1.496E-01 2.039E-01 6.432E-03  3.11E-02
1.413E-01 1.842E-01 1.034E-02  3.67E-02
1.334E-01 1.904E-01 1.708E-02  4.32E-02
1.259E-01 2.282E-01 2.884E-02  5.22E-02
1.189E-01 3.197E-01 4.860E-02  6.28E-02
1.122E-01 4.767E-01 8.562E-02  6.43E-02
1.059E-01 8.071E-01 1.526E-01  4.70E-02
1.000E-01 1.210E+00 2.167E-01  4.72E-02
9.441E-02 1.607E+00 2.927E-01  4.50E-02
8.913E-02 1.733E+00 3.148E-01  5.15E-02
8.414E-02 1.910E+00 4.192E-01  5.07E-02
7.943E-02 2.093E+00 5.272E-01  5.66E-02
7.499E-02 2.069E+00 5.428E-01  7.27E-02
7.079E-02 1.837E+00 5.034E-01  9.26E-02
6.683E-02 1.471E+00 4.119E-01  1.14E-01
6.310E-02 1.213E+00 3.322E-01  1.33E-01
5.957E-02 1.074E+00 3.032E-01  1.52E-01
5.623E-02 9.228E-01 2.793E-01  1.72E-01
5.309E-02 7.721E-01 2.441E-01  1.92E-01
5.012E-02 6.687E-01 2.173E-01  2.15E-01
4.732E-02 5.803E-01 1.956E-01  2.41E-01
4.467E-02 5.049E-01 1.731E-01  2.68E-01
4.217E-02 4.385E-01 1.475E-01  2.99E-01
3.981E-02 4.221E-01 1.258E-01  3.35E-01
3.758E-02 4.376E-01 1.151E-01  3.76E-01
3.548E-02 4.459E-01 1.270E-01  4.15E-01
3.350E-02 4.085E-01 1.248E-01  4.55E-01
3.162E-02 3.744E-01 1.201E-01  4.96E-01
2.985E-02 3.424E-01 1.143E-01  5.38E-01
2.818E-02 3.127E-01 1.078E-01  5.81E-01
2.661E-02 2.853E-01 1.013E-01  6.23E-01
2.512E-02 2.595E-01 9.458E-02  6.64E-01
2.371E-02 2.355E-01 8.799E-02  7.02E-01
2.239E-02 2.132E-01 8.166E-02  7.35E-01
2.113E-02 1.926E-01 7.563E-02  7.63E-01
1.995E-02 1.736E-01 7.000E-02  7.84E-01
1.884E-02 1.559E-01 6.462E-02  8.00E-01
1.778E-02 1.400E-01 5.960E-02  8.12E-01
1.679E-02 1.255E-01 5.485E-02  8.24E-01
1.585E-02 1.124E-01 5.028E-02  8.37E-01
1.496E-02 1.005E-01 4.587E-02  8.53E-01
1.413E-02 8.967E-02 4.164E-02  8.69E-01
1.334E-02 7.988E-02 3.766E-02  8.84E-01
1.259E-02 7.103E-02 3.401E-02  8.95E-01
1.189E-02 6.314E-02 3.070E-02  9.02E-01
1.122E-02 5.582E-02 2.755E-02  9.09E-01
1.059E-02 4.935E-02 2.463E-02  9.17E-01
1.000E-02 4.362E-02 2.194E-02  9.26E-01
9.441E-03 3.847E-02 1.948E-02  9.34E-01
8.913E-03 3.387E-02 1.724E-02  9.39E-01
8.414E-03 2.979E-02 1.519E-02  9.43E-01
7.943E-03 2.617E-02 1.330E-02  9.49E-01
7.499E-03 2.294E-02 1.157E-02  9.54E-01
7.079E-03 2.013E-02 1.001E-02  9.58E-01
6.683E-03 1.763E-02 8.569E-03  9.62E-01
6.310E-03 1.541E-02 7.231E-03  9.66E-01
5.957E-03 1.349E-02 6.005E-03  9.69E-01
5.623E-03 1.175E-02 4.806E-03  9.71E-01
5.309E-03 1.024E-02 3.657E-03  9.74E-01
5.012E-03 8.925E-03 2.690E-03  9.76E-01
4.732E-03 7.779E-03 1.018E-03  9.79E-01
4.467E-03 6.787E-03 9.727E-04  9.81E-01
4.217E-03 1.286E-01 5.358E-03  9.83E-01
3.981E-03 1.159E-01 6.677E-03  9.84E-01
3.758E-03 1.041E-01 6.512E-03  9.86E-01
3.548E-03 9.290E-02 6.364E-03  9.87E-01
3.350E-03 8.253E-02 6.084E-03  9.88E-01
3.162E-03 7.303E-02 5.719E-03  9.89E-01
2.985E-03 6.454E-02 5.328E-03  9.90E-01
2.818E-03 5.652E-02 4.922E-03  9.91E-01
2.661E-03 4.925E-02 4.504E-03  9.92E-01
2.512E-03 4.285E-02 4.085E-03  9.93E-01
2.371E-03 3.722E-02 3.690E-03  9.93E-01
2.239E-03 3.225E-02 3.323E-03  9.94E-01
2.113E-03 2.783E-02 2.981E-03  9.95E-01
1.995E-03 2.400E-02 2.670E-03  9.95E-01
1.884E-03 2.064E-02 2.385E-03  9.96E-01
1.778E-03 1.771E-02 2.125E-03  9.96E-01
1.679E-03 1.516E-02 1.890E-03  9.96E-01
1.585E-03 1.297E-02 1.679E-03  9.97E-01
1.496E-03 1.108E-02 1.490E-03  9.97E-01
1.413E-03 9.443E-03 1.322E-03  9.97E-01
1.334E-03 8.042E-03 1.172E-03  9.98E-01
1.259E-03 6.849E-03 1.039E-03  9.98E-01
1.189E-03 5.836E-03 9.219E-04  9.98E-01
1.122E-03 4.936E-03 8.154E-04  9.98E-01
1.059E-03 4.180E-03 7.214E-04  9.98E-01
1.000E-03 3.546E-03 6.388E-04  9.99E-01
