1.000E+03 2.588E-03 7.112E-06 -2.11E-01
9.441E+02 2.762E-03 8.955E-06 -2.11E-01
8.913E+02 2.958E-03 1.128E-05 -2.11E-01
8.414E+02 3.177E-03 1.420E-05 -2.11E-01
7.943E+02 3.423E-03 1.788E-05 -2.11E-01
7.499E+02 3.699E-03 2.251E-05 -2.11E-01
7.079E+02 4.009E-03 2.835E-05 -2.11E-01
6.683E+02 4.357E-03 3.569E-05 -2.10E-01
6.310E+02 4.748E-03 4.495E-05 -2.10E-01
5.957E+02 5.187E-03 5.660E-05 -2.10E-01
5.623E+02 5.680E-03 7.128E-05 -2.10E-01
5.309E+02 6.234E-03 8.977E-05 -2.09E-01
5.012E+02 6.857E-03 1.131E-04 -2.09E-01
4.732E+02 7.558E-03 1.424E-04 -2.09E-01
4.467E+02 8.346E-03 1.794E-04 -2.08E-01
4.217E+02 9.232E-03 2.259E-04 -2.07E-01
3.981E+02 1.023E-02 2.846E-04 -2.07E-01
3.758E+02 1.135E-02 3.586E-04 -2.06E-01
3.548E+02 1.262E-02 4.518E-04 -2.05E-01
3.350E+02 1.405E-02 5.693E-04 -2.04E-01
3.162E+02 1.566E-02 7.174E-04 -2.03E-01
2.985E+02 1.748E-02 9.042E-04 -2.02E-01
2.818E+02 1.953E-02 1.140E-03 -2.00E-01
2.661E+02 2.187E-02 1.437E-03 -1.99E-01
2.512E+02 2.452E-02 1.812E-03 -1.97E-01
2.371E+02 2.754E-02 2.285E-03 -1.94E-01
2.239E+02 3.099E-02 2.882E-03 -1.92E-01
2.113E+02 3.498E-02 3.635E-03 -1.88E-01
1.995E+02 3.962E-02 4.587E-03 -1.84E-01
1.884E+02 4.512E-02 5.789E-03 -1.79E-01
1.778E+02 5.186E-02 7.309E-03 -1.72E-01
1.679E+02 6.062E-02 9.231E-03 -1.62E-01
1.585E+02 7.359E-02 1.167E-02 -1.48E-01
1.496E+02 9.828E-02 1.479E-02 -1.26E-01
1.413E+02 1.709E-01 1.871E-02 -8.82E-02
1.334E+02 3.327E-01 2.428E-02 -1.08E-01
1.259E+02 3.048E-01 3.134E-02 -1.90E-01
1.189E+02 3.117E-01 3.985E-02 -2.01E-01
1.122E+02 2.969E-01 5.079E-02 -2.17E-01
1.059E+02 2.990E-01 6.409E-02 -2.17E-01
1.000E+02 3.084E-01 8.127E-02 -2.17E-01
9.441E+01 3.237E-01 1.029E-01 -2.14E-01
8.913E+01 3.444E-01 1.304E-01 -2.11E-01
8.414E+01 3.690E-01 1.650E-01 -2.07E-01
7.943E+01 3.986E-01 2.085E-01 -2.01E-01
7.499E+01 4.336E-01 2.630E-01 -1.96E-01
7.079E+01 4.734E-01 3.307E-01 -1.89E-01
6.683E+01 5.172E-01 4.140E-01 -1.82E-01
6.310E+01 5.637E-01 5.150E-01 -1.75E-01
5.957E+01 6.112E-01 6.352E-01 -1.67E-01
5.623E+01 6.569E-01 7.749E-01 -1.58E-01
5.309E+01 6.981E-01 9.324E-01 -1.49E-01
5.012E+01 7.317E-01 1.104E+00 -1.38E-01
4.732E+01 7.573E-01 1.281E+00 -1.26E-01
4.467E+01 7.732E-01 1.453E+00 -1.12E-01
4.217E+01 7.810E-01 1.608E+00 -9.60E-02
3.981E+01 7.807E-01 1.732E+00 -7.66E-02
3.758E+01 7.739E-01 1.818E+00 -5.36E-02
3.548E+01 7.633E-01 1.863E+00 -2.63E-02
3.350E+01 7.513E-01 1.871E+00  6.33E-03
3.162E+01 7.401E-01 1.851E+00  4.51E-02
2.985E+01 7.312E-01 1.816E+00  9.08E-02
2.818E+01 7.254E-01 1.779E+00  1.43E-01
2.661E+01 7.237E-01 1.753E+00  2.02E-01
2.512E+01 7.266E-01 1.749E+00  2.63E-01
2.371E+01 7.336E-01 1.773E+00  3.20E-01
2.239E+01 7.402E-01 1.823E+00  3.68E-01
2.113E+01 7.487E-01 1.890E+00  4.05E-01
1.995E+01 7.609E-01 1.957E+00  4.33E-01
1.884E+01 7.740E-01 2.017E+00  4.58E-01
1.778E+01 7.773E-01 2.068E+00  4.81E-01
1.679E+01 7.630E-01 2.095E+00  4.99E-01
1.585E+01 7.490E-01 2.092E+00  5.10E-01
1.496E+01 7.675E-01 2.079E+00  5.21E-01
1.413E+01 7.915E-01 2.076E+00  5.37E-01
1.334E+01 7.611E-01 2.017E+00  5.34E-01
1.259E+01 7.410E-01 1.885E+00  5.10E-01
1.189E+01 7.528E-01 1.774E+00  5.00E-01
1.122E+01 7.281E-01 1.746E+00  5.12E-01
1.059E+01 7.261E-01 1.679E+00  5.21E-01
1.000E+01 6.780E-01 1.699E+00  5.40E-01
9.441E+00 7.087E-01 1.787E+00  5.68E-01
8.913E+00 6.615E-01 1.891E+00  6.18E-01
8.414E+00 6.736E-01 1.970E+00  6.19E-01
7.943E+00 6.289E-01 2.041E+00  6.52E-01
7.499E+00 6.601E-01 1.953E+00  6.23E-01
7.079E+00 6.053E-01 1.893E+00  6.22E-01
6.683E+00 6.491E-01 1.766E+00  5.90E-01
6.310E+00 6.172E-01 1.686E+00  5.84E-01
5.957E+00 6.239E-01 1.770E+00  6.10E-01
5.623E+00 6.502E-01 1.820E+00  6.38E-01
5.309E+00 6.412E-01 1.860E+00  6.51E-01
5.012E+00 6.536E-01 1.828E+00  6.62E-01
4.732E+00 6.303E-01 1.726E+00  6.53E-01
4.467E+00 6.282E-01 1.677E+00  6.46E-01
4.217E+00 6.402E-01 1.721E+00  6.66E-01
3.981E+00 6.501E-01 1.788E+00  6.84E-01
3.758E+00 6.584E-01 1.756E+00  6.82E-01
3.548E+00 6.707E-01 1.647E+00  6.69E-01
3.350E+00 6.835E-01 1.614E+00  6.73E-01
3.162E+00 6.824E-01 1.689E+00  6.95E-01
2.985E+00 6.828E-01 1.663E+00  7.00E-01
2.818E+00 7.022E-01 1.565E+00  6.90E-01
2.661E+00 7.073E-01 1.611E+00  7.10E-01
2.512E+00 7.191E-01 1.597E+00  7.17E-01
2.371E+00 7.252E-01 1.534E+00  7.11E-01
2.239E+00 7.300E-01 1.566E+00  7.25E-01
2.113E+00 7.392E-01 1.532E+00  7.26E-01
1.995E+00 7.454E-01 1.514E+00  7.31E-01
1.884E+00 7.514E-01 1.512E+00  7.36E-01
1.778E+00 7.575E-01 1.484E+00  7.38E-01
1.679E+00 7.617E-01 1.484E+00  7.44E-01
1.585E+00 7.657E-01 1.467E+00  7.47E-01
1.496E+00 7.679E-01 1.457E+00  7.50E-01
1.413E+00 7.691E-01 1.455E+00  7.53E-01
1.334E+00 7.700E-01 1.442E+00  7.55E-01
1.259E+00 7.704E-01 1.436E+00  7.58E-01
1.189E+00 7.701E-01 1.431E+00  7.61E-01
1.122E+00 7.697E-01 1.425E+00  7.63E-01
1.059E+00 7.693E-01 1.419E+00  7.66E-01
1.000E+00 7.690E-01 1.413E+00  7.68E-01
9.441E-01 7.687E-01 1.407E+00  7.71E-01
8.913E-01 7.686E-01 1.401E+00  7.73E-01
8.414E-01 7.686E-01 1.395E+00  7.76E-01
7.943E-01 7.685E-01 1.390E+00  7.78E-01
7.499E-01 7.684E-01 1.384E+00  7.80E-01
7.079E-01 7.683E-01 1.379E+00  7.83E-01
6.683E-01 7.679E-01 1.374E+00  7.85E-01
6.310E-01 7.671E-01 1.369E+00  7.86E-01
5.957E-01 7.660E-01 1.366E+00  7.88E-01
5.623E-01 7.645E-01 1.362E+00  7.89E-01
5.309E-01 7.624E-01 1.360E+00  7.89E-01
5.012E-01 7.597E-01 1.358E+00  7.90E-01
4.732E-01 7.565E-01 1.357E+00  7.89E-01
4.467E-01 7.532E-01 1.357E+00  7.89E-01
4.217E-01 7.496E-01 1.357E+00  7.88E-01
3.981E-01 7.461E-01 1.357E+00  7.88E-01
3.758E-01 7.422E-01 1.358E+00  7.87E-01
3.548E-01 7.364E-01 1.361E+00  7.85E-01
3.350E-01 7.271E-01 1.367E+00  7.80E-01
3.162E-01 7.136E-01 1.379E+00  7.73E-01
2.985E-01 6.970E-01 1.394E+00  7.65E-01
2.818E-01 6.738E-01 1.417E+00  7.54E-01
2.661E-01 6.473E-01 1.442E+00  7.43E-01
2.512E-01 6.252E-01 1.460E+00  7.36E-01
2.371E-01 6.152E-01 1.463E+00  7.37E-01
2.239E-01 6.299E-01 1.441E+00  7.50E-01
2.113E-01 6.628E-01 1.401E+00  7.74E-01
1.995E-01 7.106E-01 1.348E+00  8.08E-01
1.884E-01 7.689E-01 1.285E+00  8.51E-01
1.778E-01 8.323E-01 1.217E+00  8.97E-01
1.679E-01 8.842E-01 1.162E+00  9.30E-01
1.585E-01 9.105E-01 1.135E+00  9.42E-01
1.496E-01 9.127E-01 1.133E+00  9.40E-01
1.413E-01 8.999E-01 1.145E+00  9.29E-01
1.334E-01 8.802E-01 1.164E+00  9.13E-01
1.259E-01 8.545E-01 1.189E+00  8.92E-01
1.189E-01 8.231E-01 1.219E+00  8.67E-01
1.122E-01 7.699E-01 1.257E+00  8.31E-01
1.059E-01 7.227E-01 1.320E+00  7.98E-01
1.000E-01 6.977E-01 1.344E+00  7.85E-01
9.441E-02 6.748E-01 1.365E+00  7.77E-01
8.913E-02 6.834E-01 1.354E+00  7.87E-01
8.414E-02 6.636E-01 1.372E+00  7.78E-01
7.943E-02 6.442E-01 1.389E+00  7.70E-01
7.499E-02 6.284E-01 1.403E+00  7.66E-01
7.079E-02 6.150E-01 1.415E+00  7.64E-01
6.683E-02 6.203E-01 1.407E+00  7.74E-01
6.310E-02 6.550E-01 1.371E+00  7.99E-01
5.957E-02 6.707E-01 1.354E+00  8.11E-01
5.623E-02 6.714E-01 1.352E+00  8.18E-01
5.309E-02 6.860E-01 1.336E+00  8.34E-01
5.012E-02 7.056E-01 1.315E+00  8.52E-01
4.732E-02 7.226E-01 1.297E+00  8.69E-01
4.467E-02 7.430E-01 1.275E+00  8.88E-01
4.217E-02 7.687E-01 1.248E+00  9.08E-01
3.981E-02 8.080E-01 1.208E+00  9.31E-01
3.758E-02 8.394E-01 1.161E+00  9.45E-01
3.548E-02 8.403E-01 1.160E+00  9.46E-01
3.350E-02 8.434E-01 1.157E+00  9.50E-01
3.162E-02 8.492E-01 1.151E+00  9.54E-01
2.985E-02 8.558E-01 1.144E+00  9.59E-01
2.818E-02 8.630E-01 1.137E+00  9.64E-01
2.661E-02 8.703E-01 1.130E+00  9.68E-01
2.512E-02 8.777E-01 1.122E+00  9.72E-01
2.371E-02 8.851E-01 1.115E+00  9.76E-01
2.239E-02 8.923E-01 1.108E+00  9.79E-01
2.113E-02 8.994E-01 1.101E+00  9.82E-01
1.995E-02 9.063E-01 1.094E+00  9.84E-01
1.884E-02 9.129E-01 1.087E+00  9.87E-01
1.778E-02 9.194E-01 1.081E+00  9.89E-01
1.679E-02 9.258E-01 1.074E+00  9.91E-01
1.585E-02 9.316E-01 1.068E+00  9.92E-01
1.496E-02 9.366E-01 1.063E+00  9.93E-01
1.413E-02 9.414E-01 1.059E+00  9.94E-01
1.334E-02 9.466E-01 1.053E+00  9.95E-01
1.259E-02 9.521E-01 1.048E+00  9.96E-01
1.189E-02 9.568E-01 1.043E+00  9.97E-01
1.122E-02 9.600E-01 1.040E+00  9.98E-01
1.059E-02 9.622E-01 1.038E+00  9.98E-01
1.000E-02 9.638E-01 1.036E+00  9.98E-01
9.441E-03 9.655E-01 1.034E+00  9.98E-01
8.913E-03 9.680E-01 1.032E+00  9.98E-01
8.414E-03 9.725E-01 1.028E+00  9.99E-01
7.943E-03 9.774E-01 1.023E+00  9.99E-01
7.499E-03 9.801E-01 1.020E+00  9.99E-01
7.079E-03 9.811E-01 1.019E+00  9.99E-01
6.683E-03 9.813E-01 1.019E+00  9.99E-01
6.310E-03 9.807E-01 1.019E+00  9.99E-01
5.957E-03 9.794E-01 1.021E+00  9.99E-01
5.623E-03 9.773E-01 1.023E+00  9.99E-01
5.309E-03 9.743E-01 1.026E+00  9.99E-01
5.012E-03 9.701E-01 1.030E+00  9.99E-01
4.732E-03 9.675E-01 1.033E+00  1.00E+00
4.467E-03 9.643E-01 1.036E+00  1.00E+00
4.217E-03 9.983E-01 1.002E+00  1.00E+00
3.981E-03 9.973E-01 1.003E+00  1.00E+00
3.758E-03 9.972E-01 1.003E+00  1.00E+00
3.548E-03 9.970E-01 1.003E+00  1.00E+00
3.350E-03 9.970E-01 1.003E+00  1.00E+00
3.162E-03 9.970E-01 1.003E+00  1.00E+00
2.985E-03 9.970E-01 1.003E+00  1.00E+00
2.818E-03 9.970E-01 1.003E+00  1.00E+00
2.661E-03 9.970E-01 1.003E+00  1.00E+00
2.512E-03 9.971E-01 1.003E+00  1.00E+00
2.371E-03 9.970E-01 1.003E+00  1.00E+00
2.239E-03 9.968E-01 1.003E+00  1.00E+00
2.113E-03 9.964E-01 1.004E+00  1.00E+00
1.995E-03 9.957E-01 1.004E+00  1.00E+00
1.884E-03 9.948E-01 1.005E+00  1.00E+00
1.778E-03 9.934E-01 1.007E+00  1.00E+00
1.679E-03 9.914E-01 1.009E+00  1.00E+00
1.585E-03 9.887E-01 1.011E+00  1.00E+00
1.496E-03 9.849E-01 1.015E+00  1.00E+00
1.413E-03 9.796E-01 1.020E+00  1.00E+00
1.334E-03 9.722E-01 1.028E+00  1.00E+00
1.259E-03 9.621E-01 1.038E+00  1.00E+00
1.189E-03 9.485E-01 1.051E+00  1.00E+00
1.122E-03 9.295E-01 1.070E+00  1.00E+00
1.059E-03 9.050E-01 1.095E+00  1.00E+00
1.000E-03 8.746E-01 1.125E+00  1.00E+00
