1.000E+03 2.908E-03 1.135E-05 -2.19E-01
9.441E+02 3.120E-03 1.429E-05 -2.19E-01
8.913E+02 3.358E-03 1.799E-05 -2.19E-01
8.414E+02 3.625E-03 2.266E-05 -2.19E-01
7.943E+02 3.925E-03 2.853E-05 -2.19E-01
7.499E+02 4.261E-03 3.593E-05 -2.19E-01
7.079E+02 4.639E-03 4.524E-05 -2.18E-01
6.683E+02 5.063E-03 5.698E-05 -2.18E-01
6.310E+02 5.539E-03 7.176E-05 -2.18E-01
5.957E+02 6.074E-03 9.037E-05 -2.18E-01
5.623E+02 6.676E-03 1.138E-04 -2.17E-01
5.309E+02 7.351E-03 1.434E-04 -2.17E-01
5.012E+02 8.110E-03 1.806E-04 -2.17E-01
4.732E+02 8.963E-03 2.275E-04 -2.16E-01
4.467E+02 9.923E-03 2.866E-04 -2.16E-01
4.217E+02 1.100E-02 3.611E-04 -2.15E-01
3.981E+02 1.222E-02 4.550E-04 -2.15E-01
3.758E+02 1.358E-02 5.733E-04 -2.14E-01
3.548E+02 1.512E-02 7.226E-04 -2.13E-01
3.350E+02 1.686E-02 9.108E-04 -2.12E-01
3.162E+02 1.882E-02 1.148E-03 -2.11E-01
2.985E+02 2.103E-02 1.448E-03 -2.10E-01
2.818E+02 2.353E-02 1.826E-03 -2.08E-01
2.661E+02 2.636E-02 2.303E-03 -2.06E-01
2.512E+02 2.957E-02 2.905E-03 -2.04E-01
2.371E+02 3.323E-02 3.666E-03 -2.02E-01
2.239E+02 3.741E-02 4.627E-03 -1.99E-01
2.113E+02 4.222E-02 5.842E-03 -1.96E-01
1.995E+02 4.780E-02 7.378E-03 -1.92E-01
1.884E+02 5.438E-02 9.322E-03 -1.87E-01
1.778E+02 6.239E-02 1.178E-02 -1.80E-01
1.679E+02 7.272E-02 1.490E-02 -1.71E-01
1.585E+02 8.783E-02 1.887E-02 -1.58E-01
1.496E+02 1.165E-01 2.397E-02 -1.36E-01
1.413E+02 2.025E-01 3.041E-02 -1.01E-01
1.334E+02 3.636E-01 3.945E-02 -1.35E-01
1.259E+02 3.388E-01 5.010E-02 -1.85E-01
1.189E+02 3.388E-01 6.461E-02 -2.09E-01
1.122E+02 3.290E-01 8.146E-02 -2.12E-01
1.059E+02 3.368E-01 1.034E-01 -2.13E-01
1.000E+02 3.493E-01 1.311E-01 -2.11E-01
9.441E+01 3.704E-01 1.660E-01 -2.07E-01
8.913E+01 3.970E-01 2.100E-01 -2.02E-01
8.414E+01 4.280E-01 2.653E-01 -1.97E-01
7.943E+01 4.644E-01 3.342E-01 -1.90E-01
7.499E+01 5.059E-01 4.192E-01 -1.83E-01
7.079E+01 5.513E-01 5.227E-01 -1.75E-01
6.683E+01 5.988E-01 6.463E-01 -1.67E-01
6.310E+01 6.459E-01 7.904E-01 -1.58E-01
5.957E+01 6.896E-01 9.532E-01 -1.48E-01
5.623E+01 7.264E-01 1.130E+00 -1.37E-01
5.309E+01 7.538E-01 1.312E+00 -1.25E-01
5.012E+01 7.702E-01 1.490E+00 -1.11E-01
4.732E+01 7.772E-01 1.649E+00 -9.45E-02
4.467E+01 7.758E-01 1.778E+00 -7.54E-02
4.217E+01 7.694E-01 1.866E+00 -5.26E-02
3.981E+01 7.594E-01 1.911E+00 -2.55E-02
3.758E+01 7.478E-01 1.917E+00  6.52E-03
3.548E+01 7.368E-01 1.894E+00  4.43E-02
3.350E+01 7.280E-01 1.855E+00  8.86E-02
3.162E+01 7.225E-01 1.810E+00  1.39E-01
2.985E+01 7.207E-01 1.775E+00  1.96E-01
2.818E+01 7.224E-01 1.759E+00  2.54E-01
2.661E+01 7.278E-01 1.768E+00  3.10E-01
2.512E+01 7.360E-01 1.801E+00  3.57E-01
2.371E+01 7.460E-01 1.847E+00  3.93E-01
2.239E+01 7.533E-01 1.896E+00  4.20E-01
2.113E+01 7.602E-01 1.938E+00  4.42E-01
1.995E+01 7.652E-01 1.971E+00  4.64E-01
1.884E+01 7.630E-01 1.994E+00  4.87E-01
1.778E+01 7.579E-01 2.008E+00  5.07E-01
1.679E+01 7.686E-01 2.015E+00  5.24E-01
1.585E+01 7.915E-01 2.024E+00  5.40E-01
1.496E+01 7.809E-01 2.003E+00  5.45E-01
1.413E+01 7.567E-01 1.911E+00  5.32E-01
1.334E+01 7.673E-01 1.811E+00  5.20E-01
1.259E+01 7.525E-01 1.745E+00  5.25E-01
1.189E+01 7.458E-01 1.682E+00  5.32E-01
1.122E+01 7.315E-01 1.674E+00  5.39E-01
1.059E+01 7.168E-01 1.736E+00  5.64E-01
1.000E+01 6.985E-01 1.821E+00  6.08E-01
9.441E+00 6.685E-01 1.909E+00  6.19E-01
8.913E+00 6.579E-01 1.997E+00  6.47E-01
8.414E+00 6.542E-01 1.943E+00  6.32E-01
7.943E+00 6.179E-01 1.911E+00  6.28E-01
7.499E+00 6.510E-01 1.760E+00  5.97E-01
7.079E+00 6.142E-01 1.702E+00  5.88E-01
6.683E+00 6.290E-01 1.753E+00  6.09E-01
6.310E+00 6.419E-01 1.793E+00  6.29E-01
5.957E+00 6.367E-01 1.855E+00  6.48E-01
5.623E+00 6.416E-01 1.839E+00  6.63E-01
5.309E+00 6.214E-01 1.745E+00  6.53E-01
5.012E+00 6.237E-01 1.685E+00  6.46E-01
4.732E+00 6.346E-01 1.718E+00  6.62E-01
4.467E+00 6.416E-01 1.789E+00  6.79E-01
4.217E+00 6.476E-01 1.768E+00  6.79E-01
3.981E+00 6.580E-01 1.662E+00  6.67E-01
3.758E+00 6.711E-01 1.621E+00  6.69E-01
3.548E+00 6.749E-01 1.686E+00  6.90E-01
3.350E+00 6.691E-01 1.680E+00  6.96E-01
3.162E+00 6.816E-01 1.582E+00  6.84E-01
2.985E+00 6.912E-01 1.620E+00  7.03E-01
2.818E+00 7.036E-01 1.612E+00  7.12E-01
2.661E+00 7.079E-01 1.549E+00  7.05E-01
2.512E+00 7.129E-01 1.580E+00  7.19E-01
2.371E+00 7.226E-01 1.550E+00  7.21E-01
2.239E+00 7.284E-01 1.525E+00  7.24E-01
2.113E+00 7.350E-01 1.530E+00  7.31E-01
1.995E+00 7.426E-01 1.494E+00  7.32E-01
1.884E+00 7.471E-01 1.500E+00  7.39E-01
1.778E+00 7.522E-01 1.476E+00  7.40E-01
1.679E+00 7.558E-01 1.470E+00  7.45E-01
1.585E+00 7.582E-01 1.464E+00  7.48E-01
1.496E+00 7.600E-01 1.449E+00  7.50E-01
1.413E+00 7.609E-01 1.445E+00  7.53E-01
1.334E+00 7.614E-01 1.440E+00  7.56E-01
1.259E+00 7.617E-01 1.432E+00  7.59E-01
1.189E+00 7.614E-01 1.425E+00  7.61E-01
1.122E+00 7.611E-01 1.420E+00  7.63E-01
1.059E+00 7.609E-01 1.414E+00  7.66E-01
1.000E+00 7.608E-01 1.409E+00  7.68E-01
9.441E-01 7.608E-01 1.403E+00  7.71E-01
8.913E-01 7.609E-01 1.397E+00  7.73E-01
8.414E-01 7.611E-01 1.392E+00  7.76E-01
7.943E-01 7.613E-01 1.386E+00  7.78E-01
7.499E-01 7.614E-01 1.381E+00  7.80E-01
7.079E-01 7.615E-01 1.375E+00  7.83E-01
6.683E-01 7.613E-01 1.370E+00  7.85E-01
6.310E-01 7.608E-01 1.366E+00  7.86E-01
5.957E-01 7.599E-01 1.362E+00  7.88E-01
5.623E-01 7.586E-01 1.359E+00  7.89E-01
5.309E-01 7.567E-01 1.357E+00  7.89E-01
5.012E-01 7.543E-01 1.355E+00  7.89E-01
4.732E-01 7.513E-01 1.354E+00  7.89E-01
4.467E-01 7.481E-01 1.354E+00  7.89E-01
4.217E-01 7.448E-01 1.354E+00  7.88E-01
3.981E-01 7.414E-01 1.354E+00  7.87E-01
3.758E-01 7.377E-01 1.355E+00  7.87E-01
3.548E-01 7.320E-01 1.358E+00  7.84E-01
3.350E-01 7.229E-01 1.365E+00  7.80E-01
3.162E-01 7.095E-01 1.376E+00  7.73E-01
2.985E-01 6.930E-01 1.391E+00  7.65E-01
2.818E-01 6.699E-01 1.414E+00  7.53E-01
2.661E-01 6.435E-01 1.439E+00  7.42E-01
2.512E-01 6.217E-01 1.456E+00  7.36E-01
2.371E-01 6.123E-01 1.459E+00  7.36E-01
2.239E-01 6.274E-01 1.437E+00  7.50E-01
2.113E-01 6.607E-01 1.399E+00  7.74E-01
1.995E-01 7.087E-01 1.346E+00  8.08E-01
1.884E-01 7.671E-01 1.283E+00  8.51E-01
1.778E-01 8.306E-01 1.216E+00  8.97E-01
1.679E-01 8.824E-01 1.161E+00  9.30E-01
1.585E-01 9.085E-01 1.133E+00  9.42E-01
1.496E-01 9.107E-01 1.131E+00  9.40E-01
1.413E-01 8.979E-01 1.144E+00  9.29E-01
1.334E-01 8.783E-01 1.163E+00  9.13E-01
1.259E-01 8.527E-01 1.187E+00  8.92E-01
1.189E-01 8.158E-01 1.210E+00  8.67E-01
1.122E-01 7.688E-01 1.256E+00  8.31E-01
1.059E-01 7.061E-01 1.294E+00  7.94E-01
1.000E-01 6.866E-01 1.326E+00  7.83E-01
9.441E-02 6.650E-01 1.347E+00  7.74E-01
8.913E-02 6.747E-01 1.336E+00  7.84E-01
8.414E-02 6.562E-01 1.354E+00  7.75E-01
7.943E-02 6.433E-01 1.388E+00  7.70E-01
7.499E-02 6.276E-01 1.402E+00  7.66E-01
7.079E-02 6.144E-01 1.413E+00  7.64E-01
6.683E-02 6.199E-01 1.406E+00  7.74E-01
6.310E-02 6.546E-01 1.369E+00  7.99E-01
5.957E-02 6.703E-01 1.352E+00  8.11E-01
5.623E-02 6.711E-01 1.350E+00  8.18E-01
5.309E-02 6.858E-01 1.334E+00  8.34E-01
5.012E-02 7.054E-01 1.314E+00  8.52E-01
4.732E-02 7.224E-01 1.295E+00  8.69E-01
4.467E-02 7.429E-01 1.274E+00  8.88E-01
4.217E-02 7.679E-01 1.232E+00  9.07E-01
3.981E-02 8.072E-01 1.193E+00  9.30E-01
3.758E-02 8.394E-01 1.161E+00  9.45E-01
3.548E-02 8.403E-01 1.160E+00  9.46E-01
3.350E-02 8.434E-01 1.157E+00  9.50E-01
3.162E-02 8.492E-01 1.151E+00  9.54E-01
2.985E-02 8.558E-01 1.144E+00  9.59E-01
2.818E-02 8.630E-01 1.137E+00  9.64E-01
2.661E-02 8.703E-01 1.130E+00  9.68E-01
2.512E-02 8.777E-01 1.122E+00  9.72E-01
2.371E-02 8.851E-01 1.115E+00  9.76E-01
2.239E-02 8.923E-01 1.108E+00  9.79E-01
2.113E-02 8.994E-01 1.101E+00  9.82E-01
1.995E-02 9.063E-01 1.094E+00  9.84E-01
1.884E-02 9.129E-01 1.087E+00  9.87E-01
1.778E-02 9.194E-01 1.081E+00  9.89E-01
1.679E-02 9.258E-01 1.074E+00  9.91E-01
1.585E-02 9.316E-01 1.068E+00  9.92E-01
1.496E-02 9.366E-01 1.063E+00  9.93E-01
1.413E-02 9.414E-01 1.059E+00  9.94E-01
1.334E-02 9.466E-01 1.053E+00  9.95E-01
1.259E-02 9.522E-01 1.048E+00  9.96E-01
1.189E-02 9.569E-01 1.043E+00  9.97E-01
1.122E-02 9.602E-01 1.040E+00  9.98E-01
1.059E-02 9.624E-01 1.038E+00  9.98E-01
1.000E-02 9.642E-01 1.036E+00  9.98E-01
9.441E-03 9.659E-01 1.034E+00  9.98E-01
8.913E-03 9.685E-01 1.031E+00  9.99E-01
8.414E-03 9.731E-01 1.027E+00  9.99E-01
7.943E-03 9.782E-01 1.022E+00  9.99E-01
7.499E-03 9.809E-01 1.019E+00  9.99E-01
7.079E-03 9.821E-01 1.018E+00  9.99E-01
6.683E-03 9.824E-01 1.018E+00  9.99E-01
6.310E-03 9.821E-01 1.018E+00  9.99E-01
5.957E-03 9.813E-01 1.019E+00  9.99E-01
5.623E-03 9.798E-01 1.020E+00  9.99E-01
5.309E-03 9.775E-01 1.022E+00  9.99E-01
5.012E-03 9.744E-01 1.026E+00  9.99E-01
4.732E-03 9.733E-01 1.027E+00  1.00E+00
4.467E-03 9.720E-01 1.028E+00  1.00E+00
4.217E-03 9.983E-01 1.002E+00  1.00E+00
3.981E-03 9.973E-01 1.003E+00  1.00E+00
3.758E-03 9.972E-01 1.003E+00  1.00E+00
3.548E-03 9.971E-01 1.003E+00  1.00E+00
3.350E-03 9.970E-01 1.003E+00  1.00E+00
3.162E-03 9.971E-01 1.003E+00  1.00E+00
2.985E-03 9.971E-01 1.003E+00  1.00E+00
2.818E-03 9.972E-01 1.003E+00  1.00E+00
2.661E-03 9.973E-01 1.003E+00  1.00E+00
2.512E-03 9.974E-01 1.003E+00  1.00E+00
2.371E-03 9.974E-01 1.003E+00  1.00E+00
2.239E-03 9.973E-01 1.003E+00  1.00E+00
2.113E-03 9.970E-01 1.003E+00  1.00E+00
1.995E-03 9.965E-01 1.004E+00  1.00E+00
1.884E-03 9.957E-01 1.004E+00  1.00E+00
1.778E-03 9.946E-01 1.005E+00  1.00E+00
1.679E-03 9.931E-01 1.007E+00  1.00E+00
1.585E-03 9.909E-01 1.009E+00  1.00E+00
1.496E-03 9.879E-01 1.012E+00  1.00E+00
1.413E-03 9.837E-01 1.016E+00  1.00E+00
1.334E-03 9.778E-01 1.022E+00  1.00E+00
1.259E-03 9.697E-01 1.030E+00  1.00E+00
1.189E-03 9.587E-01 1.041E+00  1.00E+00
1.122E-03 9.431E-01 1.057E+00  1.00E+00
1.059E-03 9.226E-01 1.077E+00  1.00E+00
1.000E-03 8.966E-01 1.103E+00  1.00E+00
