1.000E+03 3.972E-06 1.654E-15  0.00E+00
9.441E+02 4.457E-06 2.083E-15  0.00E+00
8.913E+02 5.002E-06 2.622E-15  0.00E+00
8.414E+02 5.613E-06 3.301E-15  0.00E+00
7.943E+02 6.298E-06 4.155E-15  0.00E+00
7.499E+02 7.068E-06 5.231E-15  0.00E+00
7.079E+02 7.932E-06 6.586E-15  0.00E+00
6.683E+02 8.901E-06 8.291E-15  0.00E+00
6.310E+02 9.990E-06 1.044E-14  0.00E+00
5.957E+02 1.121E-05 1.314E-14  0.00E+00
5.623E+02 1.258E-05 1.654E-14  0.00E+00
5.309E+02 1.412E-05 2.082E-14  0.00E+00
5.012E+02 1.585E-05 2.621E-14  0.00E+00
4.732E+02 1.779E-05 3.300E-14  0.00E+00
4.467E+02 1.997E-05 4.154E-14  0.00E+00
4.217E+02 2.242E-05 5.229E-14  0.00E+00
3.981E+02 2.516E-05 6.582E-14  0.00E+00
3.758E+02 2.825E-05 8.286E-14  0.00E+00
3.548E+02 3.171E-05 1.043E-13  0.00E+00
3.350E+02 3.560E-05 1.313E-13  0.00E+00
3.162E+02 3.996E-05 1.653E-13  0.00E+00
2.985E+02 4.486E-05 2.080E-13  0.00E+00
2.818E+02 5.035E-05 2.618E-13  0.00E+00
2.661E+02 5.652E-05 3.295E-13  0.00E+00
2.512E+02 6.343E-05 4.147E-13  0.00E+00
2.371E+02 7.117E-05 5.219E-13  0.00E+00
2.239E+02 7.984E-05 6.568E-13  0.00E+00
2.113E+02 8.953E-05 8.265E-13  0.00E+00
1.995E+02 1.004E-04 1.040E-12  0.00E+00
1.884E+02 1.124E-04 1.309E-12  0.00E+00
1.778E+02 1.259E-04 1.646E-12  0.00E+00
1.679E+02 1.409E-04 2.071E-12  0.00E+00
1.585E+02 1.575E-04 2.606E-12  0.00E+00
1.496E+02 1.761E-04 3.279E-12  1.30E-05
1.413E+02 1.969E-04 4.125E-12  1.56E-05
1.334E+02 2.202E-04 5.190E-12  1.88E-05
1.259E+02 2.465E-04 6.530E-12  2.26E-05
1.189E+02 2.762E-04 8.215E-12  2.71E-05
1.122E+02 3.099E-04 1.034E-11  3.22E-05
1.059E+02 3.481E-04 1.300E-11  3.75E-05
1.000E+02 3.914E-04 1.635E-11  4.24E-05
9.441E+01 4.404E-04 2.056E-11  4.67E-05
8.913E+01 4.955E-04 2.585E-11  5.10E-05
8.414E+01 5.575E-04 3.248E-11  5.49E-05
7.943E+01 6.274E-04 4.080E-11  5.70E-05
7.499E+01 7.058E-04 5.123E-11  5.72E-05
7.079E+01 7.935E-04 6.428E-11  5.58E-05
6.683E+01 8.913E-04 8.060E-11  5.25E-05
6.310E+01 1.000E-03 1.010E-10  4.69E-05
5.957E+01 1.119E-03 1.264E-10  3.88E-05
5.623E+01 1.250E-03 1.580E-10  2.81E-05
5.309E+01 1.390E-03 1.973E-10  1.52E-05
5.012E+01 1.540E-03 2.459E-10  2.22E-07
4.732E+01 1.696E-03 3.059E-10 -1.49E-05
4.467E+01 1.854E-03 3.799E-10 -2.78E-05
4.217E+01 2.009E-03 4.707E-10 -3.72E-05
3.981E+01 2.154E-03 5.821E-10 -4.49E-05
3.758E+01 2.281E-03 7.188E-10 -5.22E-05
3.548E+01 2.382E-03 8.865E-10 -5.87E-05
3.350E+01 2.450E-03 1.093E-09 -6.44E-05
3.162E+01 2.482E-03 1.348E-09 -6.85E-05
2.985E+01 2.477E-03 1.664E-09 -7.09E-05
2.818E+01 2.440E-03 2.058E-09 -7.18E-05
2.661E+01 2.376E-03 2.553E-09 -7.10E-05
2.512E+01 2.294E-03 3.176E-09 -6.79E-05
2.371E+01 2.198E-03 3.959E-09 -6.13E-05
2.239E+01 2.097E-03 4.950E-09 -5.69E-05
2.113E+01 2.002E-03 6.202E-09 -5.15E-05
1.995E+01 1.916E-03 7.786E-09 -4.40E-05
1.884E+01 1.840E-03 9.783E-09 -3.43E-05
1.778E+01 1.778E-03 1.231E-08 -2.62E-05
1.679E+01 1.733E-03 1.550E-08 -1.77E-05
1.585E+01 1.705E-03 1.952E-08 -8.70E-06
1.496E+01 1.696E-03 2.461E-08  8.31E-08
1.413E+01 1.709E-03 3.102E-08  9.54E-06
1.334E+01 1.743E-03 3.910E-08  2.03E-05
1.259E+01 1.797E-03 4.927E-08  3.33E-05
1.189E+01 1.859E-03 6.217E-08  4.81E-05
1.122E+01 1.979E-03 7.787E-08  6.23E-05
1.059E+01 2.072E-03 9.836E-08  7.77E-05
1.000E+01 2.208E-03 1.238E-07  9.42E-05
9.441E+00 2.365E-03 1.559E-07  1.12E-04
8.913E+00 2.551E-03 1.963E-07  1.30E-04
8.414E+00 2.765E-03 2.470E-07  1.52E-04
7.943E+00 3.006E-03 3.107E-07  1.77E-04
7.499E+00 3.265E-03 3.907E-07  2.05E-04
7.079E+00 3.560E-03 4.913E-07  2.34E-04
6.683E+00 3.889E-03 6.176E-07  2.66E-04
6.310E+00 4.194E-03 7.761E-07  3.09E-04
5.957E+00 4.660E-03 9.756E-07  3.37E-04
5.623E+00 5.107E-03 1.226E-06  3.79E-04
5.309E+00 5.604E-03 1.540E-06  4.25E-04
5.012E+00 6.144E-03 1.933E-06  4.77E-04
4.732E+00 6.721E-03 2.427E-06  5.35E-04
4.467E+00 7.356E-03 3.048E-06  5.98E-04
4.217E+00 8.055E-03 3.825E-06  6.67E-04
3.981E+00 8.821E-03 4.800E-06  7.43E-04
3.758E+00 9.657E-03 6.024E-06  8.26E-04
3.548E+00 1.058E-02 7.560E-06  9.15E-04
3.350E+00 1.159E-02 9.486E-06  1.01E-03
3.162E+00 1.268E-02 1.190E-05  1.12E-03
2.985E+00 1.391E-02 1.493E-05  1.24E-03
2.818E+00 1.524E-02 1.872E-05  1.37E-03
2.661E+00 1.670E-02 2.348E-05  1.52E-03
2.512E+00 1.826E-02 2.943E-05  1.68E-03
2.371E+00 1.997E-02 3.689E-05  1.86E-03
2.239E+00 2.186E-02 4.626E-05  2.06E-03
2.113E+00 2.393E-02 5.801E-05  2.27E-03
1.995E+00 2.618E-02 7.272E-05  2.51E-03
1.884E+00 2.866E-02 9.117E-05  2.76E-03
1.778E+00 3.141E-02 1.143E-04  3.04E-03
1.679E+00 3.442E-02 1.433E-04  3.35E-03
1.585E+00 3.769E-02 1.796E-04  3.70E-03
1.496E+00 4.127E-02 2.253E-04  4.07E-03
1.413E+00 4.529E-02 2.827E-04  4.47E-03
1.334E+00 4.979E-02 3.546E-04  4.91E-03
1.259E+00 5.472E-02 4.447E-04  5.40E-03
1.189E+00 6.012E-02 5.580E-04  5.93E-03
1.122E+00 6.615E-02 7.002E-04  6.52E-03
1.059E+00 7.295E-02 8.785E-04  7.15E-03
1.000E+00 8.051E-02 1.102E-03  7.84E-03
9.441E-01 8.887E-02 1.382E-03  8.61E-03
8.913E-01 9.808E-02 1.734E-03  9.48E-03
8.414E-01 1.082E-01 2.173E-03  1.05E-02
7.943E-01 1.192E-01 2.724E-03  1.16E-02
7.499E-01 1.313E-01 3.415E-03  1.28E-02
7.079E-01 1.445E-01 4.284E-03  1.42E-02
6.683E-01 1.589E-01 5.376E-03  1.58E-02
6.310E-01 1.747E-01 6.757E-03  1.76E-02
5.957E-01 1.923E-01 8.508E-03  1.96E-02
5.623E-01 2.125E-01 1.074E-02  2.17E-02
5.309E-01 2.356E-01 1.359E-02  2.42E-02
5.012E-01 2.624E-01 1.727E-02  2.68E-02
4.732E-01 2.943E-01 2.200E-02  2.95E-02
4.467E-01 3.332E-01 2.810E-02  3.24E-02
4.217E-01 3.805E-01 3.596E-02  3.51E-02
3.981E-01 4.337E-01 4.607E-02  3.76E-02
3.758E-01 4.919E-01 5.913E-02  4.01E-02
3.548E-01 5.574E-01 7.659E-02  4.22E-02
3.350E-01 6.382E-01 1.006E-01  4.31E-02
3.162E-01 7.428E-01 1.346E-01  4.07E-02
2.985E-01 8.682E-01 1.823E-01  3.43E-02
2.818E-01 1.010E+00 2.536E-01  2.38E-02
2.661E-01 1.189E+00 3.652E-01  1.51E-02
2.512E-01 1.464E+00 5.411E-01  1.53E-02
2.371E-01 1.859E+00 7.640E-01  2.39E-02
2.239E-01 2.043E+00 8.088E-01  4.07E-02
2.113E-01 1.807E+00 6.079E-01  6.78E-02
1.995E-01 1.429E+00 4.035E-01  9.73E-02
1.884E-01 1.116E+00 2.755E-01  1.25E-01
1.778E-01 9.194E-01 2.134E-01  1.56E-01
1.679E-01 7.909E-01 1.978E-01  1.93E-01
1.585E-01 7.017E-01 2.368E-01  2.35E-01
1.496E-01 6.667E-01 3.473E-01  2.92E-01
1.413E-01 7.319E-01 5.488E-01  3.59E-01
1.334E-01 9.169E-01 8.639E-01  4.12E-01
1.259E-01 1.170E+00 1.242E+00  4.14E-01
1.189E-01 1.421E+00 1.420E+00  4.29E-01
1.122E-01 1.532E+00 1.549E+00  4.30E-01
1.059E-01 1.590E+00 1.538E+00  4.34E-01
1.000E-01 1.634E+00 1.445E+00  4.75E-01
9.441E-02 1.652E+00 1.438E+00  5.12E-01
8.913E-02 1.627E+00 1.362E+00  5.45E-01
8.414E-02 1.571E+00 1.401E+00  5.57E-01
7.943E-02 1.540E+00 1.433E+00  5.73E-01
7.499E-02 1.489E+00 1.416E+00  5.92E-01
7.079E-02 1.365E+00 1.370E+00  6.05E-01
6.683E-02 1.198E+00 1.264E+00  6.19E-01
6.310E-02 1.102E+00 1.132E+00  6.43E-01
5.957E-02 1.044E+00 1.084E+00  6.64E-01
5.623E-02 9.572E-01 1.065E+00  6.82E-01
5.309E-02 8.771E-01 1.011E+00  7.06E-01
5.012E-02 8.230E-01 9.621E-01  7.34E-01
4.732E-02 7.703E-01 9.235E-01  7.61E-01
4.467E-02 7.222E-01 8.763E-01  7.91E-01
4.217E-02 6.747E-01 8.071E-01  8.20E-01
3.981E-02 6.754E-01 7.075E-01  8.43E-01
3.758E-02 7.065E-01 6.378E-01  8.60E-01
3.548E-02 7.133E-01 6.746E-01  8.70E-01
3.350E-02 6.765E-01 6.782E-01  8.82E-01
3.162E-02 6.424E-01 6.711E-01  8.95E-01
2.985E-02 6.086E-01 6.594E-01  9.05E-01
2.818E-02 5.751E-01 6.437E-01  9.14E-01
2.661E-02 5.426E-01 6.254E-01  9.22E-01
2.512E-02 5.104E-01 6.041E-01  9.31E-01
2.371E-02 4.783E-01 5.805E-01  9.38E-01
2.239E-02 4.465E-01 5.551E-01  9.44E-01
2.113E-02 4.157E-01 5.280E-01  9.50E-01
1.995E-02 3.856E-01 4.994E-01  9.55E-01
1.884E-02 3.556E-01 4.695E-01  9.59E-01
1.778E-02 3.271E-01 4.391E-01  9.63E-01
1.679E-02 2.997E-01 4.085E-01  9.67E-01
1.585E-02 2.735E-01 3.782E-01  9.70E-01
1.496E-02 2.486E-01 3.485E-01  9.73E-01
1.413E-02 2.252E-01 3.196E-01  9.76E-01
1.334E-02 2.034E-01 2.917E-01  9.78E-01
1.259E-02 1.831E-01 2.653E-01  9.80E-01
1.189E-02 1.646E-01 2.405E-01  9.82E-01
1.122E-02 1.469E-01 2.166E-01  9.84E-01
1.059E-02 1.310E-01 1.944E-01  9.85E-01
1.000E-02 1.166E-01 1.738E-01  9.87E-01
9.441E-03 1.036E-01 1.549E-01  9.88E-01
8.913E-03 9.172E-02 1.373E-01  9.89E-01
8.414E-03 8.109E-02 1.211E-01  9.90E-01
7.943E-03 7.156E-02 1.062E-01  9.91E-01
7.499E-03 6.297E-02 9.251E-02  9.92E-01
7.079E-03 5.544E-02 8.007E-02  9.93E-01
6.683E-03 4.870E-02 6.858E-02  9.93E-01
6.310E-03 4.269E-02 5.792E-02  9.94E-01
5.957E-03 3.746E-02 4.811E-02  9.95E-01
5.623E-03 3.269E-02 3.851E-02  9.95E-01
5.309E-03 2.853E-02 2.932E-02  9.96E-01
5.012E-03 2.491E-02 2.157E-02  9.96E-01
4.732E-03 2.174E-02 8.170E-03  9.96E-01
4.467E-03 1.900E-02 7.797E-03  9.97E-01
4.217E-03 3.169E-01 3.733E-02  9.97E-01
3.981E-03 2.894E-01 4.706E-02  9.97E-01
3.758E-03 2.630E-01 4.645E-02  9.98E-01
3.548E-03 2.376E-01 4.592E-02  9.98E-01
3.350E-03 2.134E-01 4.437E-02  9.98E-01
3.162E-03 1.908E-01 4.212E-02  9.98E-01
2.985E-03 1.701E-01 3.959E-02  9.98E-01
2.818E-03 1.502E-01 3.689E-02  9.99E-01
2.661E-03 1.319E-01 3.401E-02  9.99E-01
2.512E-03 1.155E-01 3.106E-02  9.99E-01
2.371E-03 1.009E-01 2.822E-02  9.99E-01
2.239E-03 8.792E-02 2.555E-02  9.99E-01
2.113E-03 7.621E-02 2.303E-02  9.99E-01
1.995E-03 6.598E-02 2.070E-02  9.99E-01
1.884E-03 5.696E-02 1.856E-02  9.99E-01
1.778E-03 4.900E-02 1.659E-02  9.99E-01
1.679E-03 4.207E-02 1.479E-02  9.99E-01
1.585E-03 3.607E-02 1.317E-02  9.99E-01
1.496E-03 3.086E-02 1.171E-02  1.00E+00
1.413E-03 2.636E-02 1.041E-02  1.00E+00
1.334E-03 2.248E-02 9.243E-03  1.00E+00
1.259E-03 1.917E-02 8.200E-03  1.00E+00
1.189E-03 1.635E-02 7.284E-03  1.00E+00
1.122E-03 1.384E-02 6.448E-03  1.00E+00
1.059E-03 1.173E-02 5.709E-03  1.00E+00
1.000E-03 9.958E-03 5.058E-03  1.00E+00
