1.000E+03 4.443E-05 1.655E-11 -1.09E-03
9.441E+02 4.940E-05 2.083E-11 -1.15E-03
8.913E+02 5.491E-05 2.622E-11 -1.22E-03
8.414E+02 6.104E-05 3.302E-11 -1.29E-03
7.943E+02 6.785E-05 4.156E-11 -1.35E-03
7.499E+02 7.543E-05 5.233E-11 -1.42E-03
7.079E+02 8.386E-05 6.588E-11 -1.48E-03
6.683E+02 9.326E-05 8.293E-11 -1.53E-03
6.310E+02 1.037E-04 1.044E-10 -1.59E-03
5.957E+02 1.154E-04 1.314E-10 -1.64E-03
5.623E+02 1.285E-04 1.655E-10 -1.69E-03
5.309E+02 1.430E-04 2.083E-10 -1.73E-03
5.012E+02 1.593E-04 2.623E-10 -1.77E-03
4.732E+02 1.775E-04 3.302E-10 -1.80E-03
4.467E+02 1.980E-04 4.157E-10 -1.82E-03
4.217E+02 2.208E-04 5.234E-10 -1.85E-03
3.981E+02 2.464E-04 6.589E-10 -1.86E-03
3.758E+02 2.751E-04 8.296E-10 -1.87E-03
3.548E+02 3.074E-04 1.044E-09 -1.87E-03
3.350E+02 3.435E-04 1.315E-09 -1.86E-03
3.162E+02 3.842E-04 1.656E-09 -1.85E-03
2.985E+02 4.299E-04 2.084E-09 -1.83E-03
2.818E+02 4.812E-04 2.624E-09 -1.80E-03
2.661E+02 5.390E-04 3.304E-09 -1.76E-03
2.512E+02 6.042E-04 4.160E-09 -1.71E-03
2.371E+02 6.777E-04 5.239E-09 -1.64E-03
2.239E+02 7.608E-04 6.597E-09 -1.56E-03
2.113E+02 8.550E-04 8.308E-09 -1.47E-03
1.995E+02 9.623E-04 1.046E-08 -1.36E-03
1.884E+02 1.086E-03 1.318E-08 -1.23E-03
1.778E+02 1.229E-03 1.661E-08 -1.07E-03
1.679E+02 1.401E-03 2.093E-08 -8.86E-04
1.585E+02 1.620E-03 2.638E-08 -6.65E-04
1.496E+02 1.922E-03 3.322E-08 -4.01E-04
1.413E+02 2.292E-03 4.157E-08 -8.24E-05
1.334E+02 2.495E-03 5.181E-08  2.96E-04
1.259E+02 2.634E-03 6.506E-08  7.40E-04
1.189E+02 2.870E-03 8.195E-08  1.25E-03
1.122E+02 3.193E-03 1.032E-07  1.83E-03
1.059E+02 3.591E-03 1.300E-07  2.43E-03
1.000E+02 4.062E-03 1.636E-07  2.99E-03
9.441E+01 4.606E-03 2.058E-07  3.48E-03
8.913E+01 5.227E-03 2.588E-07  3.96E-03
8.414E+01 5.943E-03 3.254E-07  4.39E-03
7.943E+01 6.763E-03 4.090E-07  4.61E-03
7.499E+01 7.691E-03 5.137E-07  4.61E-03
7.079E+01 8.734E-03 6.449E-07  4.43E-03
6.683E+01 9.900E-03 8.090E-07  4.02E-03
6.310E+01 1.119E-02 1.014E-06  3.37E-03
5.957E+01 1.261E-02 1.270E-06  2.44E-03
5.623E+01 1.415E-02 1.588E-06  1.26E-03
5.309E+01 1.579E-02 1.984E-06 -1.23E-04
5.012E+01 1.750E-02 2.474E-06 -1.66E-03
4.732E+01 1.924E-02 3.079E-06 -3.13E-03
4.467E+01 2.099E-02 3.824E-06 -4.35E-03
4.217E+01 2.271E-02 4.739E-06 -5.22E-03
3.981E+01 2.435E-02 5.861E-06 -5.94E-03
3.758E+01 2.582E-02 7.236E-06 -6.62E-03
3.548E+01 2.702E-02 8.922E-06 -7.25E-03
3.350E+01 2.790E-02 1.099E-05 -7.79E-03
3.162E+01 2.839E-02 1.355E-05 -8.18E-03
2.985E+01 2.852E-02 1.673E-05 -8.42E-03
2.818E+01 2.833E-02 2.069E-05 -8.53E-03
2.661E+01 2.789E-02 2.566E-05 -8.48E-03
2.512E+01 2.728E-02 3.191E-05 -8.22E-03
2.371E+01 2.667E-02 3.980E-05 -7.69E-03
2.239E+01 2.605E-02 4.978E-05 -7.39E-03
2.113E+01 2.555E-02 6.242E-05 -7.00E-03
1.995E+01 2.521E-02 7.842E-05 -6.41E-03
1.884E+01 2.513E-02 9.862E-05 -5.69E-03
1.778E+01 2.530E-02 1.242E-04 -5.15E-03
1.679E+01 2.575E-02 1.566E-04 -4.61E-03
1.585E+01 2.653E-02 1.975E-04 -4.07E-03
1.496E+01 2.763E-02 2.493E-04 -3.59E-03
1.413E+01 2.910E-02 3.148E-04 -3.09E-03
1.334E+01 3.096E-02 3.975E-04 -2.50E-03
1.259E+01 3.323E-02 5.020E-04 -1.78E-03
1.189E+01 3.594E-02 6.348E-04 -9.96E-04
1.122E+01 3.950E-02 7.972E-04 -4.28E-04
1.059E+01 4.311E-02 1.010E-03  2.01E-04
1.000E+01 4.754E-02 1.276E-03  7.85E-04
9.441E+00 5.261E-02 1.612E-03  1.31E-03
8.913E+00 5.842E-02 2.038E-03  1.84E-03
8.414E+00 6.506E-02 2.576E-03  2.44E-03
7.943E+00 7.264E-02 3.256E-03  3.18E-03
7.499E+00 8.134E-02 4.118E-03  3.85E-03
7.079E+00 9.122E-02 5.212E-03  4.27E-03
6.683E+00 1.024E-01 6.600E-03  4.64E-03
6.310E+00 1.156E-01 8.362E-03  5.04E-03
5.957E+00 1.295E-01 1.060E-02  4.82E-03
5.623E+00 1.458E-01 1.345E-02  4.76E-03
5.309E+00 1.642E-01 1.708E-02  4.58E-03
5.012E+00 1.850E-01 2.171E-02  4.30E-03
4.732E+00 2.085E-01 2.763E-02  3.45E-03
4.467E+00 2.348E-01 3.520E-02  2.30E-03
4.217E+00 2.643E-01 4.490E-02  8.38E-04
3.981E+00 2.971E-01 5.734E-02 -9.93E-04
3.758E+00 3.335E-01 7.331E-02 -3.29E-03
3.548E+00 3.733E-01 9.382E-02 -5.92E-03
3.350E+00 4.169E-01 1.201E-01 -8.45E-03
3.162E+00 4.641E-01 1.538E-01 -1.08E-02
2.985E+00 5.153E-01 1.968E-01 -1.28E-02
2.818E+00 5.700E-01 2.514E-01 -1.39E-02
2.661E+00 6.283E-01 3.201E-01 -1.37E-02
2.512E+00 6.899E-01 4.053E-01 -1.18E-02
2.371E+00 7.536E-01 5.091E-01 -7.98E-03
2.239E+00 8.179E-01 6.321E-01 -1.55E-03
2.113E+00 8.807E-01 7.728E-01  8.08E-03
1.995E+00 9.384E-01 9.263E-01  2.12E-02
1.884E+00 9.866E-01 1.085E+00  3.86E-02
1.778E+00 1.021E+00 1.240E+00  6.08E-02
1.679E+00 1.041E+00 1.384E+00  8.90E-02
1.585E+00 1.048E+00 1.514E+00  1.25E-01
1.496E+00 1.046E+00 1.637E+00  1.71E-01
1.413E+00 1.045E+00 1.773E+00  2.29E-01
1.334E+00 1.057E+00 1.958E+00  2.99E-01
1.259E+00 1.088E+00 2.224E+00  3.60E-01
1.189E+00 1.104E+00 2.450E+00  3.78E-01
1.122E+00 1.083E+00 2.455E+00  3.68E-01
1.059E+00 1.065E+00 2.341E+00  3.70E-01
1.000E+00 1.075E+00 2.239E+00  3.93E-01
9.441E-01 1.126E+00 2.187E+00  4.30E-01
8.913E-01 1.245E+00 2.221E+00  4.80E-01
8.414E-01 1.344E+00 2.271E+00  5.30E-01
7.943E-01 1.293E+00 2.138E+00  5.34E-01
7.499E-01 1.260E+00 1.976E+00  5.18E-01
7.079E-01 1.287E+00 1.787E+00  5.18E-01
6.683E-01 1.360E+00 1.612E+00  5.53E-01
6.310E-01 1.360E+00 1.495E+00  5.94E-01
5.957E-01 1.372E+00 1.462E+00  6.18E-01
5.623E-01 1.353E+00 1.435E+00  6.36E-01
5.309E-01 1.325E+00 1.433E+00  6.61E-01
5.012E-01 1.311E+00 1.458E+00  6.82E-01
4.732E-01 1.290E+00 1.480E+00  6.95E-01
4.467E-01 1.268E+00 1.490E+00  7.05E-01
4.217E-01 1.246E+00 1.493E+00  7.12E-01
3.981E-01 1.223E+00 1.493E+00  7.17E-01
3.758E-01 1.204E+00 1.493E+00  7.23E-01
3.548E-01 1.182E+00 1.499E+00  7.27E-01
3.350E-01 1.155E+00 1.510E+00  7.29E-01
3.162E-01 1.123E+00 1.528E+00  7.28E-01
2.985E-01 1.094E+00 1.554E+00  7.26E-01
2.818E-01 1.057E+00 1.595E+00  7.21E-01
2.661E-01 1.027E+00 1.646E+00  7.17E-01
2.512E-01 1.013E+00 1.696E+00  7.19E-01
2.371E-01 1.014E+00 1.712E+00  7.26E-01
2.239E-01 1.019E+00 1.662E+00  7.40E-01
2.113E-01 1.012E+00 1.568E+00  7.61E-01
1.995E-01 1.016E+00 1.462E+00  7.92E-01
1.884E-01 1.037E+00 1.350E+00  8.32E-01
1.778E-01 1.074E+00 1.228E+00  8.74E-01
1.679E-01 1.117E+00 1.129E+00  9.05E-01
1.585E-01 1.153E+00 1.109E+00  9.19E-01
1.496E-01 1.174E+00 1.149E+00  9.19E-01
1.413E-01 1.170E+00 1.185E+00  9.11E-01
1.334E-01 1.138E+00 1.214E+00  8.97E-01
1.259E-01 1.096E+00 1.248E+00  8.79E-01
1.189E-01 1.048E+00 1.285E+00  8.56E-01
1.122E-01 9.878E-01 1.344E+00  8.24E-01
1.059E-01 9.330E-01 1.421E+00  7.95E-01
1.000E-01 9.048E-01 1.454E+00  7.86E-01
9.441E-02 8.733E-01 1.483E+00  7.80E-01
8.913E-02 8.673E-01 1.466E+00  7.90E-01
8.414E-02 8.378E-01 1.489E+00  7.83E-01
7.943E-02 8.033E-01 1.509E+00  7.76E-01
7.499E-02 7.645E-01 1.521E+00  7.73E-01
7.079E-02 7.261E-01 1.526E+00  7.71E-01
6.683E-02 7.081E-01 1.508E+00  7.80E-01
6.310E-02 7.297E-01 1.456E+00  8.03E-01
5.957E-02 7.373E-01 1.431E+00  8.15E-01
5.623E-02 7.260E-01 1.425E+00  8.21E-01
5.309E-02 7.292E-01 1.403E+00  8.37E-01
5.012E-02 7.401E-01 1.376E+00  8.54E-01
4.732E-02 7.484E-01 1.353E+00  8.70E-01
4.467E-02 7.605E-01 1.326E+00  8.88E-01
4.217E-02 7.778E-01 1.294E+00  9.08E-01
3.981E-02 8.145E-01 1.244E+00  9.29E-01
3.758E-02 8.490E-01 1.201E+00  9.43E-01
3.548E-02 8.492E-01 1.200E+00  9.44E-01
3.350E-02 8.466E-01 1.196E+00  9.48E-01
3.162E-02 8.472E-01 1.189E+00  9.53E-01
2.985E-02 8.489E-01 1.181E+00  9.58E-01
2.818E-02 8.513E-01 1.172E+00  9.62E-01
2.661E-02 8.540E-01 1.164E+00  9.67E-01
2.512E-02 8.569E-01 1.155E+00  9.71E-01
2.371E-02 8.597E-01 1.146E+00  9.74E-01
2.239E-02 8.623E-01 1.137E+00  9.78E-01
2.113E-02 8.644E-01 1.129E+00  9.80E-01
1.995E-02 8.658E-01 1.121E+00  9.83E-01
1.884E-02 8.659E-01 1.116E+00  9.85E-01
1.778E-02 8.646E-01 1.114E+00  9.87E-01
1.679E-02 8.611E-01 1.114E+00  9.89E-01
1.585E-02 8.550E-01 1.114E+00  9.91E-01
1.496E-02 8.456E-01 1.110E+00  9.92E-01
1.413E-02 8.326E-01 1.102E+00  9.93E-01
1.334E-02 8.155E-01 1.093E+00  9.94E-01
1.259E-02 7.943E-01 1.094E+00  9.95E-01
1.189E-02 7.690E-01 1.115E+00  9.96E-01
1.122E-02 7.387E-01 1.168E+00  9.97E-01
1.059E-02 7.049E-01 1.261E+00  9.98E-01
1.000E-02 6.683E-01 1.392E+00  9.98E-01
9.441E-03 6.290E-01 1.557E+00  9.99E-01
8.913E-03 5.879E-01 1.743E+00  9.99E-01
8.414E-03 5.459E-01 1.934E+00  9.99E-01
7.943E-03 5.038E-01 2.111E+00  9.99E-01
7.499E-03 4.617E-01 2.258E+00  1.00E+00
7.079E-03 4.214E-01 2.357E+00  1.00E+00
6.683E-03 3.825E-01 2.399E+00  1.00E+00
6.310E-03 3.452E-01 2.374E+00  1.00E+00
5.957E-03 3.108E-01 2.276E+00  1.00E+00
5.623E-03 2.776E-01 2.092E+00  1.00E+00
5.309E-03 2.474E-01 1.811E+00  1.00E+00
5.012E-03 2.199E-01 1.484E+00  1.00E+00
4.732E-03 1.950E-01 6.656E-01  1.00E+00
4.467E-03 1.729E-01 6.474E-01  1.00E+00
4.217E-03 9.417E-01 7.321E-01  1.00E+00
3.981E-03 9.261E-01 8.992E-01  1.00E+00
3.758E-03 9.095E-01 9.552E-01  1.00E+00
3.548E-03 8.894E-01 1.019E+00  1.00E+00
3.350E-03 8.652E-01 1.076E+00  1.00E+00
3.162E-03 8.367E-01 1.125E+00  1.00E+00
2.985E-03 8.043E-01 1.168E+00  1.00E+00
2.818E-03 7.660E-01 1.207E+00  1.00E+00
2.661E-03 7.231E-01 1.236E+00  1.00E+00
2.512E-03 6.773E-01 1.248E+00  1.00E+00
2.371E-03 6.293E-01 1.248E+00  1.00E+00
2.239E-03 5.800E-01 1.234E+00  1.00E+00
2.113E-03 5.295E-01 1.208E+00  1.00E+00
1.995E-03 4.801E-01 1.171E+00  1.00E+00
1.884E-03 4.320E-01 1.124E+00  1.00E+00
1.778E-03 3.857E-01 1.068E+00  1.00E+00
1.679E-03 3.422E-01 1.006E+00  1.00E+00
1.585E-03 3.019E-01 9.410E-01  1.00E+00
1.496E-03 2.649E-01 9.404E-01  1.00E+00
1.413E-03 2.312E-01 8.747E-01  1.00E+00
1.334E-03 2.010E-01 8.066E-01  1.00E+00
1.259E-03 1.742E-01 7.378E-01  1.00E+00
1.189E-03 1.507E-01 6.714E-01  1.00E+00
1.122E-03 1.291E-01 6.061E-01  1.00E+00
1.059E-03 1.106E-01 5.448E-01  1.00E+00
1.000E-03 9.472E-02 4.884E-01  1.00E+00
