1.000E+03 2.336E-03 4.456E-06 -2.03E-01
9.441E+02 2.480E-03 5.611E-06 -2.03E-01
8.913E+02 2.643E-03 7.064E-06 -2.03E-01
8.414E+02 2.825E-03 8.895E-06 -2.02E-01
7.943E+02 3.029E-03 1.120E-05 -2.02E-01
7.499E+02 3.258E-03 1.410E-05 -2.02E-01
7.079E+02 3.515E-03 1.775E-05 -2.02E-01
6.683E+02 3.804E-03 2.236E-05 -2.02E-01
6.310E+02 4.129E-03 2.815E-05 -2.02E-01
5.957E+02 4.493E-03 3.545E-05 -2.01E-01
5.623E+02 4.903E-03 4.464E-05 -2.01E-01
5.309E+02 5.363E-03 5.621E-05 -2.01E-01
5.012E+02 5.881E-03 7.078E-05 -2.00E-01
4.732E+02 6.462E-03 8.914E-05 -2.00E-01
4.467E+02 7.117E-03 1.123E-04 -1.99E-01
4.217E+02 7.853E-03 1.414E-04 -1.99E-01
3.981E+02 8.682E-03 1.781E-04 -1.98E-01
3.758E+02 9.615E-03 2.243E-04 -1.98E-01
3.548E+02 1.067E-02 2.826E-04 -1.97E-01
3.350E+02 1.185E-02 3.560E-04 -1.96E-01
3.162E+02 1.319E-02 4.484E-04 -1.95E-01
2.985E+02 1.471E-02 5.650E-04 -1.93E-01
2.818E+02 1.642E-02 7.119E-04 -1.92E-01
2.661E+02 1.836E-02 8.971E-04 -1.90E-01
2.512E+02 2.057E-02 1.131E-03 -1.88E-01
2.371E+02 2.309E-02 1.425E-03 -1.86E-01
2.239E+02 2.597E-02 1.796E-03 -1.83E-01
2.113E+02 2.931E-02 2.265E-03 -1.79E-01
1.995E+02 3.321E-02 2.855E-03 -1.75E-01
1.884E+02 3.784E-02 3.600E-03 -1.69E-01
1.778E+02 4.354E-02 4.541E-03 -1.62E-01
1.679E+02 5.102E-02 5.729E-03 -1.52E-01
1.585E+02 6.215E-02 7.233E-03 -1.38E-01
1.496E+02 8.323E-02 9.153E-03 -1.15E-01
1.413E+02 1.434E-01 1.156E-02 -7.51E-02
1.334E+02 2.927E-01 1.489E-02 -7.18E-02
1.259E+02 2.928E-01 1.987E-02 -1.94E-01
1.189E+02 2.723E-01 2.454E-02 -1.95E-01
1.122E+02 2.789E-01 3.163E-02 -2.16E-01
1.059E+02 2.689E-01 3.990E-02 -2.20E-01
1.000E+02 2.753E-01 5.042E-02 -2.20E-01
9.441E+01 2.870E-01 6.385E-02 -2.19E-01
8.913E+01 3.026E-01 8.084E-02 -2.17E-01
8.414E+01 3.217E-01 1.023E-01 -2.14E-01
7.943E+01 3.452E-01 1.294E-01 -2.10E-01
7.499E+01 3.736E-01 1.636E-01 -2.05E-01
7.079E+01 4.067E-01 2.065E-01 -2.00E-01
6.683E+01 4.441E-01 2.600E-01 -1.95E-01
6.310E+01 4.855E-01 3.262E-01 -1.89E-01
5.957E+01 5.299E-01 4.073E-01 -1.82E-01
5.623E+01 5.758E-01 5.052E-01 -1.75E-01
5.309E+01 6.213E-01 6.214E-01 -1.68E-01
5.012E+01 6.636E-01 7.562E-01 -1.60E-01
4.732E+01 7.016E-01 9.084E-01 -1.51E-01
4.467E+01 7.325E-01 1.074E+00 -1.40E-01
4.217E+01 7.559E-01 1.245E+00 -1.29E-01
3.981E+01 7.702E-01 1.412E+00 -1.15E-01
3.758E+01 7.755E-01 1.562E+00 -9.84E-02
3.548E+01 7.735E-01 1.684E+00 -7.88E-02
3.350E+01 7.663E-01 1.770E+00 -5.52E-02
3.162E+01 7.563E-01 1.817E+00 -2.69E-02
2.985E+01 7.456E-01 1.828E+00  7.02E-03
2.818E+01 7.356E-01 1.813E+00  4.76E-02
2.661E+01 7.283E-01 1.786E+00  9.57E-02
2.512E+01 7.251E-01 1.760E+00  1.52E-01
2.371E+01 7.265E-01 1.748E+00  2.13E-01
2.239E+01 7.282E-01 1.764E+00  2.76E-01
2.113E+01 7.317E-01 1.810E+00  3.34E-01
1.995E+01 7.372E-01 1.881E+00  3.81E-01
1.884E+01 7.459E-01 1.963E+00  4.17E-01
1.778E+01 7.608E-01 2.046E+00  4.46E-01
1.679E+01 7.793E-01 2.126E+00  4.73E-01
1.585E+01 7.772E-01 2.188E+00  4.95E-01
1.496E+01 7.455E-01 2.200E+00  5.03E-01
1.413E+01 7.283E-01 2.162E+00  5.03E-01
1.334E+01 7.657E-01 2.133E+00  5.12E-01
1.259E+01 7.751E-01 2.111E+00  5.28E-01
1.189E+01 7.314E-01 1.988E+00  5.12E-01
1.122E+01 7.176E-01 1.896E+00  4.96E-01
1.059E+01 7.273E-01 1.777E+00  4.86E-01
1.000E+01 7.050E-01 1.723E+00  4.95E-01
9.441E+00 7.119E-01 1.690E+00  5.15E-01
8.913E+00 6.392E-01 1.724E+00  5.40E-01
8.414E+00 6.961E-01 1.840E+00  5.77E-01
7.943E+00 6.270E-01 1.944E+00  6.25E-01
7.499E+00 6.822E-01 2.020E+00  6.20E-01
7.079E+00 6.101E-01 2.058E+00  6.53E-01
6.683E+00 6.588E-01 1.959E+00  6.16E-01
6.310E+00 6.017E-01 1.865E+00  6.16E-01
5.957E+00 6.481E-01 1.774E+00  5.87E-01
5.623E+00 6.273E-01 1.674E+00  5.83E-01
5.309E+00 6.256E-01 1.780E+00  6.11E-01
5.012E+00 6.579E-01 1.840E+00  6.46E-01
4.732E+00 6.484E-01 1.862E+00  6.54E-01
4.467E+00 6.657E-01 1.814E+00  6.61E-01
4.217E+00 6.427E-01 1.707E+00  6.53E-01
3.981E+00 6.376E-01 1.666E+00  6.48E-01
3.758E+00 6.496E-01 1.718E+00  6.69E-01
3.548E+00 6.610E-01 1.782E+00  6.88E-01
3.350E+00 6.718E-01 1.740E+00  6.86E-01
3.162E+00 6.805E-01 1.634E+00  6.71E-01
2.985E+00 6.980E-01 1.606E+00  6.79E-01
2.818E+00 7.006E-01 1.678E+00  7.02E-01
2.661E+00 6.995E-01 1.642E+00  7.04E-01
2.512E+00 7.196E-01 1.553E+00  6.97E-01
2.371E+00 7.254E-01 1.599E+00  7.16E-01
2.239E+00 7.353E-01 1.580E+00  7.22E-01
2.113E+00 7.431E-01 1.520E+00  7.17E-01
1.995E+00 7.481E-01 1.550E+00  7.31E-01
1.884E+00 7.565E-01 1.513E+00  7.31E-01
1.778E+00 7.627E-01 1.502E+00  7.37E-01
1.679E+00 7.677E-01 1.493E+00  7.41E-01
1.585E+00 7.723E-01 1.475E+00  7.44E-01
1.496E+00 7.754E-01 1.469E+00  7.49E-01
1.413E+00 7.776E-01 1.459E+00  7.52E-01
1.334E+00 7.789E-01 1.447E+00  7.54E-01
1.259E+00 7.796E-01 1.444E+00  7.58E-01
1.189E+00 7.794E-01 1.435E+00  7.60E-01
1.122E+00 7.788E-01 1.428E+00  7.63E-01
1.059E+00 7.783E-01 1.423E+00  7.65E-01
1.000E+00 7.778E-01 1.417E+00  7.68E-01
9.441E-01 7.773E-01 1.411E+00  7.70E-01
8.913E-01 7.769E-01 1.405E+00  7.73E-01
8.414E-01 7.766E-01 1.399E+00  7.75E-01
7.943E-01 7.764E-01 1.394E+00  7.78E-01
7.499E-01 7.760E-01 1.388E+00  7.80E-01
7.079E-01 7.756E-01 1.383E+00  7.83E-01
6.683E-01 7.749E-01 1.377E+00  7.85E-01
6.310E-01 7.739E-01 1.373E+00  7.86E-01
5.957E-01 7.725E-01 1.369E+00  7.88E-01
5.623E-01 7.708E-01 1.366E+00  7.89E-01
5.309E-01 7.685E-01 1.363E+00  7.90E-01
5.012E-01 7.656E-01 1.362E+00  7.90E-01
4.732E-01 7.622E-01 1.361E+00  7.89E-01
4.467E-01 7.586E-01 1.360E+00  7.89E-01
4.217E-01 7.549E-01 1.360E+00  7.88E-01
3.981E-01 7.512E-01 1.360E+00  7.88E-01
3.758E-01 7.472E-01 1.361E+00  7.87E-01
3.548E-01 7.411E-01 1.364E+00  7.85E-01
3.350E-01 7.317E-01 1.370E+00  7.80E-01
3.162E-01 7.180E-01 1.382E+00  7.73E-01
2.985E-01 7.014E-01 1.397E+00  7.65E-01
2.818E-01 6.781E-01 1.420E+00  7.54E-01
2.661E-01 6.515E-01 1.445E+00  7.43E-01
2.512E-01 6.290E-01 1.463E+00  7.37E-01
2.371E-01 6.184E-01 1.466E+00  7.37E-01
2.239E-01 6.325E-01 1.444E+00  7.50E-01
2.113E-01 6.651E-01 1.404E+00  7.74E-01
1.995E-01 7.127E-01 1.351E+00  8.09E-01
1.884E-01 7.709E-01 1.287E+00  8.52E-01
1.778E-01 8.342E-01 1.219E+00  8.97E-01
1.679E-01 8.861E-01 1.164E+00  9.30E-01
1.585E-01 9.126E-01 1.136E+00  9.42E-01
1.496E-01 9.149E-01 1.134E+00  9.40E-01
1.413E-01 9.020E-01 1.147E+00  9.29E-01
1.334E-01 8.822E-01 1.165E+00  9.13E-01
1.259E-01 8.564E-01 1.190E+00  8.92E-01
1.189E-01 8.249E-01 1.221E+00  8.68E-01
1.122E-01 7.782E-01 1.267E+00  8.32E-01
1.059E-01 7.245E-01 1.321E+00  7.98E-01
1.000E-01 6.993E-01 1.345E+00  7.86E-01
9.441E-02 6.763E-01 1.366E+00  7.77E-01
8.913E-02 6.847E-01 1.355E+00  7.87E-01
8.414E-02 6.648E-01 1.374E+00  7.78E-01
7.943E-02 6.452E-01 1.391E+00  7.70E-01
7.499E-02 6.292E-01 1.405E+00  7.66E-01
7.079E-02 6.156E-01 1.416E+00  7.64E-01
6.683E-02 6.209E-01 1.409E+00  7.75E-01
6.310E-02 6.554E-01 1.372E+00  8.00E-01
5.957E-02 6.711E-01 1.355E+00  8.12E-01
5.623E-02 6.717E-01 1.353E+00  8.18E-01
5.309E-02 6.863E-01 1.337E+00  8.34E-01
5.012E-02 7.058E-01 1.316E+00  8.52E-01
4.732E-02 7.228E-01 1.298E+00  8.69E-01
4.467E-02 7.431E-01 1.276E+00  8.88E-01
4.217E-02 7.688E-01 1.249E+00  9.08E-01
3.981E-02 8.081E-01 1.209E+00  9.31E-01
3.758E-02 8.404E-01 1.176E+00  9.46E-01
3.548E-02 8.412E-01 1.174E+00  9.46E-01
3.350E-02 8.434E-01 1.157E+00  9.50E-01
3.162E-02 8.492E-01 1.151E+00  9.54E-01
2.985E-02 8.558E-01 1.144E+00  9.59E-01
2.818E-02 8.630E-01 1.137E+00  9.64E-01
2.661E-02 8.703E-01 1.130E+00  9.68E-01
2.512E-02 8.777E-01 1.122E+00  9.72E-01
2.371E-02 8.851E-01 1.115E+00  9.76E-01
2.239E-02 8.923E-01 1.108E+00  9.79E-01
2.113E-02 8.994E-01 1.101E+00  9.82E-01
1.995E-02 9.063E-01 1.094E+00  9.84E-01
1.884E-02 9.129E-01 1.087E+00  9.87E-01
1.778E-02 9.194E-01 1.081E+00  9.89E-01
1.679E-02 9.258E-01 1.074E+00  9.91E-01
1.585E-02 9.316E-01 1.068E+00  9.92E-01
1.496E-02 9.366E-01 1.063E+00  9.93E-01
1.413E-02 9.413E-01 1.059E+00  9.94E-01
1.334E-02 9.465E-01 1.054E+00  9.95E-01
1.259E-02 9.520E-01 1.048E+00  9.96E-01
1.189E-02 9.566E-01 1.043E+00  9.97E-01
1.122E-02 9.598E-01 1.040E+00  9.97E-01
1.059E-02 9.619E-01 1.038E+00  9.98E-01
1.000E-02 9.635E-01 1.036E+00  9.98E-01
9.441E-03 9.651E-01 1.035E+00  9.98E-01
8.913E-03 9.674E-01 1.033E+00  9.98E-01
8.414E-03 9.717E-01 1.028E+00  9.99E-01
7.943E-03 9.765E-01 1.024E+00  9.99E-01
7.499E-03 9.790E-01 1.021E+00  9.99E-01
7.079E-03 9.799E-01 1.020E+00  9.99E-01
6.683E-03 9.798E-01 1.020E+00  9.99E-01
6.310E-03 9.788E-01 1.021E+00  9.99E-01
5.957E-03 9.770E-01 1.023E+00  9.99E-01
5.623E-03 9.742E-01 1.026E+00  9.99E-01
5.309E-03 9.702E-01 1.030E+00  9.99E-01
5.012E-03 9.647E-01 1.035E+00  9.99E-01
4.732E-03 9.601E-01 1.040E+00  1.00E+00
4.467E-03 9.547E-01 1.045E+00  1.00E+00
4.217E-03 9.983E-01 1.002E+00  1.00E+00
3.981E-03 9.973E-01 1.003E+00  1.00E+00
3.758E-03 9.971E-01 1.003E+00  1.00E+00
3.548E-03 9.970E-01 1.003E+00  1.00E+00
3.350E-03 9.969E-01 1.003E+00  1.00E+00
3.162E-03 9.968E-01 1.003E+00  1.00E+00
2.985E-03 9.968E-01 1.003E+00  1.00E+00
2.818E-03 9.967E-01 1.003E+00  1.00E+00
2.661E-03 9.967E-01 1.003E+00  1.00E+00
2.512E-03 9.966E-01 1.003E+00  1.00E+00
2.371E-03 9.965E-01 1.003E+00  1.00E+00
2.239E-03 9.962E-01 1.004E+00  1.00E+00
2.113E-03 9.957E-01 1.004E+00  1.00E+00
1.995E-03 9.948E-01 1.005E+00  1.00E+00
1.884E-03 9.936E-01 1.006E+00  1.00E+00
1.778E-03 9.919E-01 1.008E+00  1.00E+00
1.679E-03 9.894E-01 1.011E+00  1.00E+00
1.585E-03 9.859E-01 1.014E+00  1.00E+00
1.496E-03 9.812E-01 1.019E+00  1.00E+00
1.413E-03 9.745E-01 1.026E+00  1.00E+00
1.334E-03 9.652E-01 1.035E+00  1.00E+00
1.259E-03 9.527E-01 1.047E+00  1.00E+00
1.189E-03 9.360E-01 1.064E+00  1.00E+00
1.122E-03 9.132E-01 1.087E+00  1.00E+00
1.059E-03 8.844E-01 1.116E+00  1.00E+00
1.000E-03 8.496E-01 1.150E+00  1.00E+00
