1.000E+03 3.320E-03 1.811E-05 -2.26E-01
9.441E+02 3.582E-03 2.280E-05 -2.26E-01
8.913E+02 3.876E-03 2.871E-05 -2.26E-01
8.414E+02 4.205E-03 3.615E-05 -2.26E-01
7.943E+02 4.575E-03 4.553E-05 -2.26E-01
7.499E+02 4.990E-03 5.734E-05 -2.26E-01
7.079E+02 5.457E-03 7.221E-05 -2.25E-01
6.683E+02 5.980E-03 9.094E-05 -2.25E-01
6.310E+02 6.568E-03 1.145E-04 -2.25E-01
5.957E+02 7.228E-03 1.443E-04 -2.25E-01
5.623E+02 7.969E-03 1.817E-04 -2.24E-01
5.309E+02 8.802E-03 2.289E-04 -2.24E-01
5.012E+02 9.738E-03 2.884E-04 -2.24E-01
4.732E+02 1.079E-02 3.634E-04 -2.23E-01
4.467E+02 1.197E-02 4.579E-04 -2.23E-01
4.217E+02 1.330E-02 5.771E-04 -2.22E-01
3.981E+02 1.480E-02 7.274E-04 -2.21E-01
3.758E+02 1.648E-02 9.169E-04 -2.21E-01
3.548E+02 1.838E-02 1.156E-03 -2.20E-01
3.350E+02 2.051E-02 1.458E-03 -2.19E-01
3.162E+02 2.292E-02 1.838E-03 -2.18E-01
2.985E+02 2.563E-02 2.319E-03 -2.16E-01
2.818E+02 2.870E-02 2.926E-03 -2.15E-01
2.661E+02 3.217E-02 3.693E-03 -2.13E-01
2.512E+02 3.610E-02 4.662E-03 -2.11E-01
2.371E+02 4.057E-02 5.888E-03 -2.09E-01
2.239E+02 4.567E-02 7.438E-03 -2.06E-01
2.113E+02 5.152E-02 9.401E-03 -2.03E-01
1.995E+02 5.828E-02 1.189E-02 -1.98E-01
1.884E+02 6.622E-02 1.504E-02 -1.93E-01
1.778E+02 7.581E-02 1.904E-02 -1.87E-01
1.679E+02 8.804E-02 2.412E-02 -1.78E-01
1.585E+02 1.057E-01 3.061E-02 -1.66E-01
1.496E+02 1.388E-01 3.897E-02 -1.45E-01
1.413E+02 2.391E-01 4.962E-02 -1.13E-01
1.334E+02 3.950E-01 6.389E-02 -1.50E-01
1.259E+02 3.859E-01 8.122E-02 -1.87E-01
1.189E+02 3.699E-01 1.038E-01 -2.06E-01
1.122E+02 3.734E-01 1.315E-01 -2.08E-01
1.059E+02 3.824E-01 1.668E-01 -2.07E-01
1.000E+02 4.013E-01 2.112E-01 -2.03E-01
9.441E+01 4.285E-01 2.671E-01 -1.98E-01
8.913E+01 4.617E-01 3.368E-01 -1.92E-01
8.414E+01 4.992E-01 4.231E-01 -1.85E-01
7.943E+01 5.414E-01 5.286E-01 -1.77E-01
7.499E+01 5.871E-01 6.550E-01 -1.68E-01
7.079E+01 6.336E-01 8.028E-01 -1.58E-01
6.683E+01 6.779E-01 9.702E-01 -1.48E-01
6.310E+01 7.163E-01 1.152E+00 -1.37E-01
5.957E+01 7.457E-01 1.340E+00 -1.24E-01
5.623E+01 7.638E-01 1.522E+00 -1.10E-01
5.309E+01 7.705E-01 1.685E+00 -9.37E-02
5.012E+01 7.670E-01 1.816E+00 -7.49E-02
4.732E+01 7.580E-01 1.908E+00 -5.24E-02
4.467E+01 7.459E-01 1.955E+00 -2.57E-02
4.217E+01 7.346E-01 1.962E+00  6.09E-03
3.981E+01 7.252E-01 1.938E+00  4.37E-02
3.758E+01 7.182E-01 1.896E+00  8.74E-02
3.548E+01 7.146E-01 1.848E+00  1.37E-01
3.350E+01 7.142E-01 1.808E+00  1.93E-01
3.162E+01 7.167E-01 1.784E+00  2.50E-01
2.985E+01 7.217E-01 1.783E+00  3.04E-01
2.818E+01 7.277E-01 1.804E+00  3.50E-01
2.661E+01 7.339E-01 1.837E+00  3.84E-01
2.512E+01 7.397E-01 1.870E+00  4.08E-01
2.371E+01 7.447E-01 1.892E+00  4.28E-01
2.239E+01 7.462E-01 1.906E+00  4.48E-01
2.113E+01 7.471E-01 1.916E+00  4.72E-01
1.995E+01 7.507E-01 1.930E+00  4.97E-01
1.884E+01 7.619E-01 1.947E+00  5.20E-01
1.778E+01 7.795E-01 1.966E+00  5.38E-01
1.679E+01 7.830E-01 1.968E+00  5.48E-01
1.585E+01 7.668E-01 1.918E+00  5.45E-01
1.496E+01 7.679E-01 1.836E+00  5.38E-01
1.413E+01 7.702E-01 1.774E+00  5.41E-01
1.334E+01 7.589E-01 1.715E+00  5.44E-01
1.259E+01 7.447E-01 1.677E+00  5.48E-01
1.189E+01 7.308E-01 1.713E+00  5.67E-01
1.122E+01 7.268E-01 1.731E+00  5.90E-01
1.059E+01 6.788E-01 1.845E+00  6.17E-01
1.000E+01 6.863E-01 1.930E+00  6.39E-01
9.441E+00 6.542E-01 1.925E+00  6.40E-01
8.913E+00 6.416E-01 1.910E+00  6.33E-01
8.414E+00 6.560E-01 1.765E+00  6.09E-01
7.943E+00 6.187E-01 1.721E+00  5.96E-01
7.499E+00 6.416E-01 1.726E+00  6.08E-01
7.079E+00 6.379E-01 1.760E+00  6.22E-01
6.683E+00 6.360E-01 1.846E+00  6.47E-01
6.310E+00 6.323E-01 1.844E+00  6.64E-01
5.957E+00 6.173E-01 1.763E+00  6.54E-01
5.623E+00 6.225E-01 1.692E+00  6.45E-01
5.309E+00 6.325E-01 1.711E+00  6.58E-01
5.012E+00 6.374E-01 1.782E+00  6.74E-01
4.732E+00 6.396E-01 1.777E+00  6.77E-01
4.467E+00 6.470E-01 1.677E+00  6.65E-01
4.217E+00 6.601E-01 1.629E+00  6.65E-01
3.981E+00 6.649E-01 1.686E+00  6.85E-01
3.758E+00 6.583E-01 1.692E+00  6.93E-01
3.548E+00 6.718E-01 1.592E+00  6.81E-01
3.350E+00 6.776E-01 1.625E+00  6.97E-01
3.162E+00 6.855E-01 1.631E+00  7.06E-01
2.985E+00 6.914E-01 1.564E+00  7.01E-01
2.818E+00 6.970E-01 1.592E+00  7.13E-01
2.661E+00 7.069E-01 1.566E+00  7.16E-01
2.512E+00 7.123E-01 1.536E+00  7.18E-01
2.371E+00 7.191E-01 1.547E+00  7.26E-01
2.239E+00 7.276E-01 1.504E+00  7.26E-01
2.113E+00 7.326E-01 1.516E+00  7.34E-01
1.995E+00 7.383E-01 1.486E+00  7.34E-01
1.884E+00 7.426E-01 1.484E+00  7.40E-01
1.778E+00 7.457E-01 1.475E+00  7.43E-01
1.679E+00 7.489E-01 1.458E+00  7.45E-01
1.585E+00 7.510E-01 1.455E+00  7.49E-01
1.496E+00 7.522E-01 1.448E+00  7.52E-01
1.413E+00 7.527E-01 1.439E+00  7.54E-01
1.334E+00 7.531E-01 1.432E+00  7.56E-01
1.259E+00 7.534E-01 1.426E+00  7.59E-01
1.189E+00 7.532E-01 1.421E+00  7.61E-01
1.122E+00 7.530E-01 1.416E+00  7.63E-01
1.059E+00 7.530E-01 1.410E+00  7.66E-01
1.000E+00 7.532E-01 1.405E+00  7.68E-01
9.441E-01 7.534E-01 1.399E+00  7.71E-01
8.913E-01 7.537E-01 1.394E+00  7.73E-01
8.414E-01 7.541E-01 1.388E+00  7.75E-01
7.943E-01 7.546E-01 1.382E+00  7.78E-01
7.499E-01 7.549E-01 1.377E+00  7.80E-01
7.079E-01 7.552E-01 1.372E+00  7.82E-01
6.683E-01 7.553E-01 1.367E+00  7.84E-01
6.310E-01 7.550E-01 1.363E+00  7.86E-01
5.957E-01 7.543E-01 1.359E+00  7.88E-01
5.623E-01 7.532E-01 1.356E+00  7.89E-01
5.309E-01 7.515E-01 1.354E+00  7.89E-01
5.012E-01 7.493E-01 1.352E+00  7.89E-01
4.732E-01 7.465E-01 1.352E+00  7.89E-01
4.467E-01 7.435E-01 1.351E+00  7.88E-01
4.217E-01 7.403E-01 1.351E+00  7.88E-01
3.981E-01 7.371E-01 1.352E+00  7.87E-01
3.758E-01 7.336E-01 1.352E+00  7.86E-01
3.548E-01 7.280E-01 1.355E+00  7.84E-01
3.350E-01 7.191E-01 1.362E+00  7.80E-01
3.162E-01 7.057E-01 1.374E+00  7.73E-01
2.985E-01 6.894E-01 1.389E+00  7.64E-01
2.818E-01 6.663E-01 1.411E+00  7.53E-01
2.661E-01 6.401E-01 1.436E+00  7.42E-01
2.512E-01 6.186E-01 1.453E+00  7.35E-01
2.371E-01 6.097E-01 1.456E+00  7.36E-01
2.239E-01 6.253E-01 1.435E+00  7.49E-01
2.113E-01 6.588E-01 1.396E+00  7.73E-01
1.995E-01 7.069E-01 1.344E+00  8.08E-01
1.884E-01 7.655E-01 1.281E+00  8.51E-01
1.778E-01 8.290E-01 1.214E+00  8.97E-01
1.679E-01 8.808E-01 1.159E+00  9.30E-01
1.585E-01 9.068E-01 1.132E+00  9.42E-01
1.496E-01 9.089E-01 1.130E+00  9.40E-01
1.413E-01 8.961E-01 1.143E+00  9.29E-01
1.334E-01 8.766E-01 1.161E+00  9.13E-01
1.259E-01 8.511E-01 1.186E+00  8.92E-01
1.189E-01 8.147E-01 1.209E+00  8.67E-01
1.122E-01 7.678E-01 1.255E+00  8.31E-01
1.059E-01 7.061E-01 1.294E+00  7.94E-01
1.000E-01 6.826E-01 1.317E+00  7.81E-01
9.441E-02 6.646E-01 1.346E+00  7.74E-01
8.913E-02 6.744E-01 1.336E+00  7.84E-01
8.414E-02 6.559E-01 1.354E+00  7.75E-01
7.943E-02 6.380E-01 1.371E+00  7.67E-01
7.499E-02 6.270E-01 1.400E+00  7.65E-01
7.079E-02 6.138E-01 1.412E+00  7.64E-01
6.683E-02 6.195E-01 1.404E+00  7.74E-01
6.310E-02 6.542E-01 1.368E+00  7.99E-01
5.957E-02 6.700E-01 1.351E+00  8.11E-01
5.623E-02 6.708E-01 1.349E+00  8.18E-01
5.309E-02 6.856E-01 1.333E+00  8.34E-01
5.012E-02 7.052E-01 1.312E+00  8.52E-01
4.732E-02 7.210E-01 1.279E+00  8.67E-01
4.467E-02 7.418E-01 1.258E+00  8.86E-01
4.217E-02 7.679E-01 1.232E+00  9.07E-01
3.981E-02 8.072E-01 1.193E+00  9.30E-01
3.758E-02 8.394E-01 1.161E+00  9.45E-01
3.548E-02 8.403E-01 1.160E+00  9.46E-01
3.350E-02 8.434E-01 1.157E+00  9.50E-01
3.162E-02 8.492E-01 1.151E+00  9.54E-01
2.985E-02 8.558E-01 1.144E+00  9.59E-01
2.818E-02 8.630E-01 1.137E+00  9.64E-01
2.661E-02 8.703E-01 1.130E+00  9.68E-01
2.512E-02 8.777E-01 1.122E+00  9.72E-01
2.371E-02 8.851E-01 1.115E+00  9.76E-01
2.239E-02 8.923E-01 1.108E+00  9.79E-01
2.113E-02 8.994E-01 1.101E+00  9.82E-01
1.995E-02 9.063E-01 1.094E+00  9.84E-01
1.884E-02 9.129E-01 1.087E+00  9.87E-01
1.778E-02 9.194E-01 1.081E+00  9.89E-01
1.679E-02 9.258E-01 1.074E+00  9.91E-01
1.585E-02 9.316E-01 1.068E+00  9.92E-01
1.496E-02 9.366E-01 1.063E+00  9.93E-01
1.413E-02 9.414E-01 1.059E+00  9.94E-01
1.334E-02 9.467E-01 1.053E+00  9.95E-01
1.259E-02 9.523E-01 1.048E+00  9.96E-01
1.189E-02 9.571E-01 1.043E+00  9.97E-01
1.122E-02 9.604E-01 1.040E+00  9.98E-01
1.059E-02 9.626E-01 1.037E+00  9.98E-01
1.000E-02 9.644E-01 1.036E+00  9.98E-01
9.441E-03 9.663E-01 1.034E+00  9.98E-01
8.913E-03 9.690E-01 1.031E+00  9.99E-01
8.414E-03 9.737E-01 1.026E+00  9.99E-01
7.943E-03 9.788E-01 1.021E+00  9.99E-01
7.499E-03 9.816E-01 1.018E+00  9.99E-01
7.079E-03 9.829E-01 1.017E+00  9.99E-01
6.683E-03 9.834E-01 1.017E+00  9.99E-01
6.310E-03 9.833E-01 1.017E+00  9.99E-01
5.957E-03 9.827E-01 1.017E+00  9.99E-01
5.623E-03 9.817E-01 1.018E+00  9.99E-01
5.309E-03 9.801E-01 1.020E+00  9.99E-01
5.012E-03 9.778E-01 1.022E+00  9.99E-01
4.732E-03 9.780E-01 1.022E+00  1.00E+00
4.467E-03 9.781E-01 1.022E+00  1.00E+00
4.217E-03 9.983E-01 1.002E+00  1.00E+00
3.981E-03 9.973E-01 1.003E+00  1.00E+00
3.758E-03 9.972E-01 1.003E+00  1.00E+00
3.548E-03 9.971E-01 1.003E+00  1.00E+00
3.350E-03 9.971E-01 1.003E+00  1.00E+00
3.162E-03 9.972E-01 1.003E+00  1.00E+00
2.985E-03 9.973E-01 1.003E+00  1.00E+00
2.818E-03 9.974E-01 1.003E+00  1.00E+00
2.661E-03 9.976E-01 1.002E+00  1.00E+00
2.512E-03 9.977E-01 1.002E+00  1.00E+00
2.371E-03 9.978E-01 1.002E+00  1.00E+00
2.239E-03 9.977E-01 1.002E+00  1.00E+00
2.113E-03 9.975E-01 1.002E+00  1.00E+00
1.995E-03 9.971E-01 1.003E+00  1.00E+00
1.884E-03 9.965E-01 1.003E+00  1.00E+00
1.778E-03 9.956E-01 1.004E+00  1.00E+00
1.679E-03 9.944E-01 1.006E+00  1.00E+00
1.585E-03 9.927E-01 1.007E+00  1.00E+00
1.496E-03 9.903E-01 1.010E+00  1.00E+00
1.413E-03 9.869E-01 1.013E+00  1.00E+00
1.334E-03 9.822E-01 1.018E+00  1.00E+00
1.259E-03 9.758E-01 1.024E+00  1.00E+00
1.189E-03 9.670E-01 1.033E+00  1.00E+00
1.122E-03 9.543E-01 1.046E+00  1.00E+00
1.059E-03 9.374E-01 1.063E+00  1.00E+00
1.000E-03 9.155E-01 1.085E+00  1.00E+00
