1.000E+03 8.741E-05 1.044E-10 -3.94E-03
9.441E+02 9.564E-05 1.314E-10 -4.09E-03
8.913E+02 1.047E-04 1.655E-10 -4.23E-03
8.414E+02 1.147E-04 2.083E-10 -4.36E-03
7.943E+02 1.257E-04 2.623E-10 -4.48E-03
7.499E+02 1.378E-04 3.302E-10 -4.60E-03
7.079E+02 1.513E-04 4.157E-10 -4.70E-03
6.683E+02 1.663E-04 5.233E-10 -4.79E-03
6.310E+02 1.829E-04 6.588E-10 -4.88E-03
5.957E+02 2.014E-04 8.294E-10 -4.95E-03
5.623E+02 2.221E-04 1.044E-09 -5.01E-03
5.309E+02 2.451E-04 1.315E-09 -5.06E-03
5.012E+02 2.709E-04 1.655E-09 -5.10E-03
4.732E+02 2.997E-04 2.084E-09 -5.12E-03
4.467E+02 3.319E-04 2.623E-09 -5.14E-03
4.217E+02 3.680E-04 3.303E-09 -5.14E-03
3.981E+02 4.084E-04 4.158E-09 -5.13E-03
3.758E+02 4.538E-04 5.235E-09 -5.11E-03
3.548E+02 5.047E-04 6.590E-09 -5.07E-03
3.350E+02 5.618E-04 8.297E-09 -5.02E-03
3.162E+02 6.259E-04 1.045E-08 -4.95E-03
2.985E+02 6.980E-04 1.315E-08 -4.86E-03
2.818E+02 7.791E-04 1.656E-08 -4.76E-03
2.661E+02 8.703E-04 2.085E-08 -4.63E-03
2.512E+02 9.731E-04 2.625E-08 -4.48E-03
2.371E+02 1.089E-03 3.306E-08 -4.30E-03
2.239E+02 1.220E-03 4.163E-08 -4.09E-03
2.113E+02 1.368E-03 5.243E-08 -3.84E-03
1.995E+02 1.537E-03 6.604E-08 -3.55E-03
1.884E+02 1.729E-03 8.319E-08 -3.21E-03
1.778E+02 1.953E-03 1.048E-07 -2.80E-03
1.679E+02 2.221E-03 1.322E-07 -2.33E-03
1.585E+02 2.563E-03 1.667E-07 -1.77E-03
1.496E+02 3.067E-03 2.103E-07 -1.10E-03
1.413E+02 3.811E-03 2.631E-07 -2.94E-04
1.334E+02 4.118E-03 3.264E-07  6.64E-04
1.259E+02 4.271E-03 4.101E-07  1.79E-03
1.189E+02 4.665E-03 5.169E-07  3.10E-03
1.122E+02 5.231E-03 6.514E-07  4.57E-03
1.059E+02 5.954E-03 8.204E-07  6.09E-03
1.000E+02 6.831E-03 1.033E-06  7.51E-03
9.441E+01 7.854E-03 1.300E-06  8.71E-03
8.913E+01 9.041E-03 1.635E-06  9.87E-03
8.414E+01 1.045E-02 2.055E-06  1.08E-02
7.943E+01 1.208E-02 2.584E-06  1.11E-02
7.499E+01 1.393E-02 3.246E-06  1.08E-02
7.079E+01 1.600E-02 4.077E-06  9.88E-03
6.683E+01 1.830E-02 5.116E-06  8.31E-03
6.310E+01 2.082E-02 6.415E-06  6.04E-03
5.957E+01 2.352E-02 8.035E-06  3.11E-03
5.623E+01 2.638E-02 1.005E-05 -4.01E-04
5.309E+01 2.933E-02 1.256E-05 -4.23E-03
5.012E+01 3.233E-02 1.567E-05 -8.23E-03
4.732E+01 3.523E-02 1.951E-05 -1.17E-02
4.467E+01 3.814E-02 2.423E-05 -1.46E-02
4.217E+01 4.105E-02 3.004E-05 -1.65E-02
3.981E+01 4.386E-02 3.716E-05 -1.82E-02
3.758E+01 4.642E-02 4.590E-05 -1.98E-02
3.548E+01 4.860E-02 5.661E-05 -2.13E-02
3.350E+01 5.027E-02 6.979E-05 -2.26E-02
3.162E+01 5.137E-02 8.606E-05 -2.35E-02
2.985E+01 5.194E-02 1.063E-04 -2.42E-02
2.818E+01 5.208E-02 1.315E-04 -2.45E-02
2.661E+01 5.188E-02 1.632E-04 -2.46E-02
2.512E+01 5.153E-02 2.032E-04 -2.42E-02
2.371E+01 5.143E-02 2.537E-04 -2.33E-02
2.239E+01 5.142E-02 3.176E-04 -2.31E-02
2.113E+01 5.168E-02 3.988E-04 -2.26E-02
1.995E+01 5.238E-02 5.017E-04 -2.18E-02
1.884E+01 5.384E-02 6.319E-04 -2.09E-02
1.778E+01 5.588E-02 7.974E-04 -2.05E-02
1.679E+01 5.860E-02 1.007E-03 -2.02E-02
1.585E+01 6.211E-02 1.274E-03 -2.01E-02
1.496E+01 6.642E-02 1.612E-03 -2.03E-02
1.413E+01 7.156E-02 2.041E-03 -2.05E-02
1.334E+01 7.770E-02 2.585E-03 -2.07E-02
1.259E+01 8.498E-02 3.276E-03 -2.08E-02
1.189E+01 9.358E-02 4.160E-03 -2.12E-02
1.122E+01 1.039E-01 5.248E-03 -2.25E-02
1.059E+01 1.149E-01 6.681E-03 -2.37E-02
1.000E+01 1.276E-01 8.486E-03 -2.55E-02
9.441E+00 1.419E-01 1.079E-02 -2.77E-02
8.913E+00 1.578E-01 1.373E-02 -3.00E-02
8.414E+00 1.757E-01 1.748E-02 -3.26E-02
7.943E+00 1.958E-01 2.227E-02 -3.52E-02
7.499E+00 2.182E-01 2.841E-02 -3.86E-02
7.079E+00 2.424E-01 3.629E-02 -4.26E-02
6.683E+00 2.689E-01 4.639E-02 -4.66E-02
6.310E+00 2.987E-01 5.938E-02 -5.22E-02
5.957E+00 3.280E-01 7.598E-02 -5.50E-02
5.623E+00 3.611E-01 9.732E-02 -5.87E-02
5.309E+00 3.968E-01 1.247E-01 -6.16E-02
5.012E+00 4.353E-01 1.596E-01 -6.38E-02
4.732E+00 4.761E-01 2.042E-01 -6.52E-02
4.467E+00 5.200E-01 2.605E-01 -6.50E-02
4.217E+00 5.673E-01 3.311E-01 -6.30E-02
3.981E+00 6.180E-01 4.182E-01 -5.88E-02
3.758E+00 6.715E-01 5.236E-01 -5.22E-02
3.548E+00 7.267E-01 6.479E-01 -4.30E-02
3.350E+00 7.820E-01 7.892E-01 -3.07E-02
3.162E+00 8.329E-01 9.429E-01 -1.51E-02
2.985E+00 8.769E-01 1.102E+00  4.26E-03
2.818E+00 9.086E-01 1.258E+00  2.81E-02
2.661E+00 9.268E-01 1.403E+00  5.74E-02
2.512E+00 9.321E-01 1.536E+00  9.38E-02
2.371E+00 9.280E-01 1.660E+00  1.40E-01
2.239E+00 9.212E-01 1.794E+00  1.98E-01
2.113E+00 9.208E-01 1.973E+00  2.69E-01
1.995E+00 9.329E-01 2.243E+00  3.39E-01
1.884E+00 9.446E-01 2.538E+00  3.71E-01
1.778E+00 9.324E-01 2.613E+00  3.63E-01
1.679E+00 9.159E-01 2.500E+00  3.58E-01
1.585E+00 9.165E-01 2.382E+00  3.74E-01
1.496E+00 9.381E-01 2.326E+00  4.04E-01
1.413E+00 9.959E-01 2.376E+00  4.42E-01
1.334E+00 1.103E+00 2.605E+00  4.93E-01
1.259E+00 1.081E+00 2.550E+00  5.16E-01
1.189E+00 1.026E+00 2.320E+00  4.93E-01
1.122E+00 1.020E+00 2.128E+00  4.70E-01
1.059E+00 1.103E+00 1.951E+00  4.69E-01
1.000E+00 1.172E+00 1.802E+00  5.23E-01
9.441E-01 1.141E+00 1.640E+00  5.40E-01
8.913E-01 1.172E+00 1.574E+00  5.39E-01
8.414E-01 1.198E+00 1.468E+00  5.64E-01
7.943E-01 1.167E+00 1.416E+00  6.14E-01
7.499E-01 1.225E+00 1.479E+00  6.60E-01
7.079E-01 1.189E+00 1.521E+00  6.81E-01
6.683E-01 1.193E+00 1.556E+00  7.08E-01
6.310E-01 1.192E+00 1.571E+00  7.23E-01
5.957E-01 1.180E+00 1.545E+00  7.25E-01
5.623E-01 1.175E+00 1.509E+00  7.30E-01
5.309E-01 1.163E+00 1.481E+00  7.33E-01
5.012E-01 1.148E+00 1.470E+00  7.38E-01
4.732E-01 1.133E+00 1.469E+00  7.44E-01
4.467E-01 1.116E+00 1.471E+00  7.49E-01
4.217E-01 1.100E+00 1.471E+00  7.52E-01
3.981E-01 1.085E+00 1.471E+00  7.56E-01
3.758E-01 1.069E+00 1.472E+00  7.58E-01
3.548E-01 1.052E+00 1.475E+00  7.59E-01
3.350E-01 1.031E+00 1.485E+00  7.58E-01
3.162E-01 1.006E+00 1.501E+00  7.55E-01
2.985E-01 9.804E-01 1.524E+00  7.50E-01
2.818E-01 9.498E-01 1.560E+00  7.43E-01
2.661E-01 9.218E-01 1.605E+00  7.37E-01
2.512E-01 9.053E-01 1.645E+00  7.36E-01
2.371E-01 8.973E-01 1.655E+00  7.40E-01
2.239E-01 8.945E-01 1.611E+00  7.52E-01
2.113E-01 8.938E-01 1.535E+00  7.72E-01
1.995E-01 9.129E-01 1.448E+00  8.03E-01
1.884E-01 9.487E-01 1.351E+00  8.43E-01
1.778E-01 9.978E-01 1.250E+00  8.86E-01
1.679E-01 1.046E+00 1.165E+00  9.17E-01
1.585E-01 1.082E+00 1.135E+00  9.30E-01
1.496E-01 1.095E+00 1.153E+00  9.29E-01
1.413E-01 1.083E+00 1.182E+00  9.20E-01
1.334E-01 1.055E+00 1.209E+00  9.05E-01
1.259E-01 1.018E+00 1.239E+00  8.86E-01
1.189E-01 9.764E-01 1.274E+00  8.63E-01
1.122E-01 9.219E-01 1.329E+00  8.30E-01
1.059E-01 8.683E-01 1.398E+00  7.99E-01
1.000E-01 8.399E-01 1.429E+00  7.89E-01
9.441E-02 8.090E-01 1.456E+00  7.83E-01
8.913E-02 8.064E-01 1.441E+00  7.92E-01
8.414E-02 7.790E-01 1.462E+00  7.84E-01
7.943E-02 7.476E-01 1.481E+00  7.77E-01
7.499E-02 7.156E-01 1.493E+00  7.73E-01
7.079E-02 6.858E-01 1.501E+00  7.72E-01
6.683E-02 6.764E-01 1.487E+00  7.81E-01
6.310E-02 7.031E-01 1.440E+00  8.05E-01
5.957E-02 7.138E-01 1.418E+00  8.16E-01
5.623E-02 7.069E-01 1.413E+00  8.22E-01
5.309E-02 7.143E-01 1.392E+00  8.38E-01
5.012E-02 7.284E-01 1.367E+00  8.55E-01
4.732E-02 7.399E-01 1.345E+00  8.72E-01
4.467E-02 7.551E-01 1.320E+00  8.90E-01
4.217E-02 7.756E-01 1.289E+00  9.09E-01
3.981E-02 8.135E-01 1.242E+00  9.30E-01
3.758E-02 8.474E-01 1.202E+00  9.45E-01
3.548E-02 8.477E-01 1.201E+00  9.46E-01
3.350E-02 8.470E-01 1.197E+00  9.50E-01
3.162E-02 8.495E-01 1.189E+00  9.54E-01
2.985E-02 8.529E-01 1.181E+00  9.59E-01
2.818E-02 8.571E-01 1.172E+00  9.63E-01
2.661E-02 8.615E-01 1.163E+00  9.68E-01
2.512E-02 8.661E-01 1.155E+00  9.72E-01
2.371E-02 8.708E-01 1.146E+00  9.75E-01
2.239E-02 8.753E-01 1.138E+00  9.78E-01
2.113E-02 8.797E-01 1.130E+00  9.81E-01
1.995E-02 8.838E-01 1.124E+00  9.84E-01
1.884E-02 8.874E-01 1.117E+00  9.86E-01
1.778E-02 8.904E-01 1.111E+00  9.88E-01
1.679E-02 8.924E-01 1.103E+00  9.90E-01
1.585E-02 8.932E-01 1.094E+00  9.91E-01
1.496E-02 8.923E-01 1.084E+00  9.93E-01
1.413E-02 8.893E-01 1.076E+00  9.94E-01
1.334E-02 8.836E-01 1.078E+00  9.95E-01
1.259E-02 8.748E-01 1.095E+00  9.96E-01
1.189E-02 8.624E-01 1.128E+00  9.96E-01
1.122E-02 8.452E-01 1.171E+00  9.97E-01
1.059E-02 8.238E-01 1.206E+00  9.98E-01
1.000E-02 7.981E-01 1.219E+00  9.98E-01
9.441E-03 7.679E-01 1.207E+00  9.98E-01
8.913E-03 7.336E-01 1.179E+00  9.99E-01
8.414E-03 6.959E-01 1.161E+00  9.99E-01
7.943E-03 6.554E-01 1.182E+00  9.99E-01
7.499E-03 6.126E-01 1.266E+00  9.99E-01
7.079E-03 5.694E-01 1.423E+00  9.99E-01
6.683E-03 5.256E-01 1.646E+00  1.00E+00
6.310E-03 4.819E-01 1.913E+00  1.00E+00
5.957E-03 4.400E-01 2.178E+00  1.00E+00
5.623E-03 3.983E-01 2.395E+00  1.00E+00
5.309E-03 3.591E-01 2.474E+00  1.00E+00
5.012E-03 3.226E-01 2.355E+00  1.00E+00
4.732E-03 2.888E-01 1.350E+00  1.00E+00
4.467E-03 2.582E-01 1.334E+00  1.00E+00
4.217E-03 9.756E-01 8.810E-01  1.00E+00
3.981E-03 9.672E-01 9.951E-01  1.00E+00
3.758E-03 9.595E-01 1.037E+00  1.00E+00
3.548E-03 9.498E-01 1.085E+00  1.00E+00
3.350E-03 9.376E-01 1.135E+00  1.00E+00
3.162E-03 9.222E-01 1.190E+00  1.00E+00
2.985E-03 9.033E-01 1.251E+00  1.00E+00
2.818E-03 8.791E-01 1.323E+00  1.00E+00
2.661E-03 8.494E-01 1.401E+00  1.00E+00
2.512E-03 8.149E-01 1.481E+00  1.00E+00
2.371E-03 7.757E-01 1.180E+00  1.00E+00
2.239E-03 7.322E-01 1.212E+00  1.00E+00
2.113E-03 6.843E-01 1.246E+00  1.00E+00
1.995E-03 6.344E-01 1.278E+00  1.00E+00
1.884E-03 5.829E-01 1.307E+00  1.00E+00
1.778E-03 5.306E-01 1.332E+00  1.00E+00
1.679E-03 4.791E-01 1.349E+00  1.00E+00
1.585E-03 4.295E-01 1.357E+00  1.00E+00
1.496E-03 3.822E-01 1.354E+00  1.00E+00
1.413E-03 3.379E-01 1.340E+00  1.00E+00
1.334E-03 2.970E-01 1.314E+00  1.00E+00
1.259E-03 2.600E-01 1.274E+00  1.00E+00
1.189E-03 2.268E-01 1.225E+00  1.00E+00
1.122E-03 1.959E-01 1.164E+00  1.00E+00
1.059E-03 1.688E-01 1.096E+00  1.00E+00
1.000E-03 1.454E-01 1.022E+00  1.00E+00
