1.000E+03 4.778E-04 6.603E-09 -3.79E-02
9.441E+02 5.007E-04 8.313E-09 -3.81E-02
8.913E+02 5.259E-04 1.047E-08 -3.83E-02
8.414E+02 5.536E-04 1.318E-08 -3.85E-02
7.943E+02 5.843E-04 1.659E-08 -3.87E-02
7.499E+02 6.183E-04 2.088E-08 -3.88E-02
7.079E+02 6.561E-04 2.629E-08 -3.89E-02
6.683E+02 6.982E-04 3.310E-08 -3.89E-02
6.310E+02 7.451E-04 4.167E-08 -3.89E-02
5.957E+02 7.975E-04 5.246E-08 -3.89E-02
5.623E+02 8.561E-04 6.605E-08 -3.88E-02
5.309E+02 9.217E-04 8.315E-08 -3.87E-02
5.012E+02 9.951E-04 1.047E-07 -3.86E-02
4.732E+02 1.077E-03 1.318E-07 -3.85E-02
4.467E+02 1.170E-03 1.659E-07 -3.82E-02
4.217E+02 1.273E-03 2.089E-07 -3.80E-02
3.981E+02 1.389E-03 2.630E-07 -3.77E-02
3.758E+02 1.520E-03 3.311E-07 -3.73E-02
3.548E+02 1.667E-03 4.168E-07 -3.69E-02
3.350E+02 1.832E-03 5.248E-07 -3.64E-02
3.162E+02 2.017E-03 6.608E-07 -3.58E-02
2.985E+02 2.226E-03 8.319E-07 -3.51E-02
2.818E+02 2.461E-03 1.047E-06 -3.43E-02
2.661E+02 2.726E-03 1.319E-06 -3.34E-02
2.512E+02 3.026E-03 1.661E-06 -3.24E-02
2.371E+02 3.365E-03 2.091E-06 -3.12E-02
2.239E+02 3.748E-03 2.633E-06 -2.98E-02
2.113E+02 4.184E-03 3.316E-06 -2.81E-02
1.995E+02 4.682E-03 4.177E-06 -2.62E-02
1.884E+02 5.254E-03 5.262E-06 -2.39E-02
1.778E+02 5.922E-03 6.632E-06 -2.11E-02
1.679E+02 6.722E-03 8.363E-06 -1.79E-02
1.585E+02 7.752E-03 1.056E-05 -1.39E-02
1.496E+02 9.341E-03 1.336E-05 -9.01E-03
1.413E+02 1.254E-02 1.676E-05 -2.89E-03
1.334E+02 1.374E-02 2.057E-05  4.68E-03
1.259E+02 1.468E-02 2.592E-05  1.40E-02
1.189E+02 1.742E-02 3.276E-05  2.53E-02
1.122E+02 2.195E-02 4.140E-05  3.81E-02
1.059E+02 2.908E-02 5.238E-05  5.01E-02
1.000E+02 3.924E-02 6.638E-05  5.68E-02
9.441E+01 5.166E-02 8.423E-05  5.50E-02
8.913E+01 6.628E-02 1.071E-04  4.40E-02
8.414E+01 8.171E-02 1.362E-04  1.93E-02
7.943E+01 9.392E-02 1.727E-04 -1.43E-02
7.499E+01 1.022E-01 2.181E-04 -4.62E-02
7.079E+01 1.079E-01 2.746E-04 -7.29E-02
6.683E+01 1.122E-01 3.449E-04 -9.36E-02
6.310E+01 1.160E-01 4.325E-04 -1.09E-01
5.957E+01 1.200E-01 5.416E-04 -1.21E-01
5.623E+01 1.244E-01 6.774E-04 -1.29E-01
5.309E+01 1.294E-01 8.461E-04 -1.36E-01
5.012E+01 1.350E-01 1.055E-03 -1.41E-01
4.732E+01 1.415E-01 1.313E-03 -1.43E-01
4.467E+01 1.490E-01 1.633E-03 -1.45E-01
4.217E+01 1.575E-01 2.027E-03 -1.47E-01
3.981E+01 1.662E-01 2.513E-03 -1.49E-01
3.758E+01 1.744E-01 3.112E-03 -1.52E-01
3.548E+01 1.818E-01 3.852E-03 -1.55E-01
3.350E+01 1.880E-01 4.767E-03 -1.58E-01
3.162E+01 1.931E-01 5.905E-03 -1.60E-01
2.985E+01 1.973E-01 7.331E-03 -1.63E-01
2.818E+01 2.008E-01 9.129E-03 -1.65E-01
2.661E+01 2.039E-01 1.141E-02 -1.66E-01
2.512E+01 2.076E-01 1.431E-02 -1.66E-01
2.371E+01 2.129E-01 1.802E-02 -1.68E-01
2.239E+01 2.177E-01 2.279E-02 -1.69E-01
2.113E+01 2.238E-01 2.889E-02 -1.69E-01
1.995E+01 2.319E-01 3.674E-02 -1.69E-01
1.884E+01 2.423E-01 4.682E-02 -1.70E-01
1.778E+01 2.532E-01 5.976E-02 -1.70E-01
1.679E+01 2.658E-01 7.636E-02 -1.69E-01
1.585E+01 2.804E-01 9.765E-02 -1.68E-01
1.496E+01 2.967E-01 1.249E-01 -1.65E-01
1.413E+01 3.158E-01 1.597E-01 -1.62E-01
1.334E+01 3.382E-01 2.039E-01 -1.57E-01
1.259E+01 3.644E-01 2.599E-01 -1.51E-01
1.189E+01 3.934E-01 3.304E-01 -1.44E-01
1.122E+01 4.268E-01 4.148E-01 -1.37E-01
1.059E+01 4.612E-01 5.215E-01 -1.25E-01
1.000E+01 4.993E-01 6.469E-01 -1.13E-01
9.441E+00 5.384E-01 7.921E-01 -9.88E-02
8.913E+00 5.772E-01 9.534E-01 -8.17E-02
8.414E+00 6.131E-01 1.124E+00 -6.15E-02
7.943E+00 6.431E-01 1.295E+00 -3.74E-02
7.499E+00 6.638E-01 1.457E+00 -8.74E-03
7.079E+00 6.752E-01 1.605E+00  2.64E-02
6.683E+00 6.795E-01 1.737E+00  7.02E-02
6.310E+00 6.781E-01 1.865E+00  1.25E-01
5.957E+00 6.831E-01 2.016E+00  1.95E-01
5.623E+00 6.936E-01 2.238E+00  2.73E-01
5.309E+00 7.066E-01 2.536E+00  3.30E-01
5.012E+00 7.017E-01 2.707E+00  3.41E-01
4.732E+00 6.845E-01 2.648E+00  3.36E-01
4.467E+00 6.793E-01 2.529E+00  3.46E-01
4.217E+00 6.901E-01 2.461E+00  3.72E-01
3.981E+00 7.185E-01 2.493E+00  4.06E-01
3.758E+00 7.795E-01 2.750E+00  4.48E-01
3.548E+00 7.979E-01 2.952E+00  4.90E-01
3.350E+00 7.463E-01 2.670E+00  4.76E-01
3.162E+00 7.206E-01 2.450E+00  4.42E-01
2.985E+00 7.386E-01 2.267E+00  4.18E-01
2.818E+00 8.542E-01 2.336E+00  4.27E-01
2.661E+00 7.827E-01 1.997E+00  4.76E-01
2.512E+00 7.902E-01 1.910E+00  4.50E-01
2.371E+00 8.056E-01 1.759E+00  4.25E-01
2.239E+00 8.163E-01 1.642E+00  4.77E-01
2.113E+00 8.121E-01 1.591E+00  4.97E-01
1.995E+00 8.530E-01 1.679E+00  5.49E-01
1.884E+00 7.992E-01 1.692E+00  5.93E-01
1.778E+00 8.918E-01 1.826E+00  6.17E-01
1.679E+00 8.645E-01 1.926E+00  6.81E-01
1.585E+00 8.393E-01 1.892E+00  6.64E-01
1.496E+00 8.773E-01 1.942E+00  6.94E-01
1.413E+00 8.658E-01 1.764E+00  6.68E-01
1.334E+00 8.829E-01 1.709E+00  6.64E-01
1.259E+00 9.155E-01 1.545E+00  6.53E-01
1.189E+00 9.097E-01 1.545E+00  6.64E-01
1.122E+00 9.423E-01 1.565E+00  6.99E-01
1.059E+00 9.495E-01 1.602E+00  7.21E-01
1.000E+00 9.612E-01 1.597E+00  7.37E-01
9.441E-01 9.594E-01 1.539E+00  7.42E-01
8.913E-01 9.627E-01 1.484E+00  7.40E-01
8.414E-01 9.680E-01 1.471E+00  7.47E-01
7.943E-01 9.698E-01 1.483E+00  7.58E-01
7.499E-01 9.681E-01 1.473E+00  7.65E-01
7.079E-01 9.638E-01 1.451E+00  7.67E-01
6.683E-01 9.578E-01 1.443E+00  7.71E-01
6.310E-01 9.509E-01 1.441E+00  7.75E-01
5.957E-01 9.438E-01 1.434E+00  7.78E-01
5.623E-01 9.362E-01 1.429E+00  7.80E-01
5.309E-01 9.281E-01 1.425E+00  7.82E-01
5.012E-01 9.195E-01 1.423E+00  7.83E-01
4.732E-01 9.108E-01 1.421E+00  7.83E-01
4.467E-01 9.022E-01 1.420E+00  7.84E-01
4.217E-01 8.938E-01 1.420E+00  7.84E-01
3.981E-01 8.856E-01 1.419E+00  7.85E-01
3.758E-01 8.772E-01 1.420E+00  7.85E-01
3.548E-01 8.668E-01 1.422E+00  7.83E-01
3.350E-01 8.531E-01 1.430E+00  7.80E-01
3.162E-01 8.357E-01 1.443E+00  7.74E-01
2.985E-01 8.162E-01 1.461E+00  7.67E-01
2.818E-01 7.909E-01 1.489E+00  7.57E-01
2.661E-01 7.644E-01 1.523E+00  7.48E-01
2.512E-01 7.418E-01 1.549E+00  7.43E-01
2.371E-01 7.240E-01 1.551E+00  7.44E-01
2.239E-01 7.238E-01 1.520E+00  7.56E-01
2.113E-01 7.430E-01 1.468E+00  7.78E-01
1.995E-01 7.819E-01 1.403E+00  8.10E-01
1.884E-01 8.337E-01 1.328E+00  8.52E-01
1.778E-01 8.936E-01 1.248E+00  8.96E-01
1.679E-01 9.460E-01 1.182E+00  9.27E-01
1.585E-01 9.765E-01 1.150E+00  9.40E-01
1.496E-01 9.818E-01 1.152E+00  9.37E-01
1.413E-01 9.680E-01 1.169E+00  9.27E-01
1.334E-01 9.449E-01 1.191E+00  9.12E-01
1.259E-01 9.155E-01 1.217E+00  8.92E-01
1.189E-01 8.811E-01 1.249E+00  8.68E-01
1.122E-01 8.325E-01 1.298E+00  8.33E-01
1.059E-01 7.788E-01 1.358E+00  8.01E-01
1.000E-01 7.512E-01 1.384E+00  7.89E-01
9.441E-02 7.236E-01 1.408E+00  7.81E-01
8.913E-02 7.272E-01 1.395E+00  7.91E-01
8.414E-02 7.038E-01 1.414E+00  7.82E-01
7.943E-02 6.791E-01 1.432E+00  7.75E-01
7.499E-02 6.573E-01 1.445E+00  7.71E-01
7.079E-02 6.383E-01 1.456E+00  7.69E-01
6.683E-02 6.389E-01 1.446E+00  7.79E-01
6.310E-02 6.711E-01 1.406E+00  8.03E-01
5.957E-02 6.853E-01 1.386E+00  8.15E-01
5.623E-02 6.834E-01 1.383E+00  8.21E-01
5.309E-02 6.957E-01 1.365E+00  8.37E-01
5.012E-02 7.135E-01 1.343E+00  8.55E-01
4.732E-02 7.287E-01 1.323E+00  8.71E-01
4.467E-02 7.475E-01 1.300E+00  8.90E-01
4.217E-02 7.716E-01 1.271E+00  9.10E-01
3.981E-02 8.105E-01 1.228E+00  9.31E-01
3.758E-02 8.434E-01 1.193E+00  9.46E-01
3.548E-02 8.440E-01 1.191E+00  9.47E-01
3.350E-02 8.457E-01 1.187E+00  9.50E-01
3.162E-02 8.502E-01 1.180E+00  9.55E-01
2.985E-02 8.557E-01 1.172E+00  9.60E-01
2.818E-02 8.617E-01 1.164E+00  9.64E-01
2.661E-02 8.680E-01 1.155E+00  9.68E-01
2.512E-02 8.744E-01 1.147E+00  9.72E-01
2.371E-02 8.808E-01 1.138E+00  9.76E-01
2.239E-02 8.871E-01 1.130E+00  9.79E-01
2.113E-02 8.933E-01 1.122E+00  9.82E-01
1.995E-02 8.994E-01 1.114E+00  9.84E-01
1.884E-02 9.052E-01 1.107E+00  9.87E-01
1.778E-02 9.108E-01 1.100E+00  9.89E-01
1.679E-02 9.161E-01 1.093E+00  9.90E-01
1.585E-02 9.211E-01 1.087E+00  9.92E-01
1.496E-02 9.256E-01 1.080E+00  9.93E-01
1.413E-02 9.297E-01 1.075E+00  9.94E-01
1.334E-02 9.334E-01 1.070E+00  9.95E-01
1.259E-02 9.363E-01 1.067E+00  9.96E-01
1.189E-02 9.384E-01 1.065E+00  9.97E-01
1.122E-02 9.395E-01 1.064E+00  9.97E-01
1.059E-02 9.393E-01 1.062E+00  9.98E-01
1.000E-02 9.375E-01 1.059E+00  9.98E-01
9.441E-03 9.337E-01 1.056E+00  9.98E-01
8.913E-03 9.273E-01 1.063E+00  9.99E-01
8.414E-03 9.178E-01 1.071E+00  9.99E-01
7.943E-03 9.047E-01 1.072E+00  9.99E-01
7.499E-03 8.873E-01 1.085E+00  9.99E-01
7.079E-03 8.658E-01 1.135E+00  9.99E-01
6.683E-03 8.403E-01 1.160E+00  9.99E-01
6.310E-03 8.088E-01 1.191E+00  9.99E-01
5.957E-03 7.736E-01 1.226E+00  9.99E-01
5.623E-03 7.334E-01 1.266E+00  9.99E-01
5.309E-03 6.904E-01 1.309E+00  9.99E-01
5.012E-03 6.455E-01 1.353E+00  9.99E-01
4.732E-03 6.002E-01 1.386E+00  1.00E+00
4.467E-03 5.555E-01 1.429E+00  1.00E+00
4.217E-03 9.962E-01 1.004E+00  1.00E+00
3.981E-03 9.936E-01 1.006E+00  1.00E+00
3.758E-03 9.921E-01 1.008E+00  1.00E+00
3.548E-03 9.904E-01 1.009E+00  1.00E+00
3.350E-03 9.884E-01 1.011E+00  1.00E+00
3.162E-03 9.861E-01 1.014E+00  1.00E+00
2.985E-03 9.833E-01 1.016E+00  1.00E+00
2.818E-03 9.795E-01 1.020E+00  1.00E+00
2.661E-03 9.745E-01 1.025E+00  1.00E+00
2.512E-03 9.677E-01 1.032E+00  1.00E+00
2.371E-03 9.585E-01 1.041E+00  1.00E+00
2.239E-03 9.463E-01 1.053E+00  1.00E+00
2.113E-03 9.299E-01 1.069E+00  1.00E+00
1.995E-03 9.089E-01 1.089E+00  1.00E+00
1.884E-03 8.823E-01 1.115E+00  1.00E+00
1.778E-03 8.497E-01 1.147E+00  1.00E+00
1.679E-03 8.113E-01 1.185E+00  1.00E+00
1.585E-03 7.674E-01 1.228E+00  1.00E+00
1.496E-03 7.188E-01 1.275E+00  1.00E+00
1.413E-03 6.667E-01 1.325E+00  1.00E+00
1.334E-03 6.124E-01 1.377E+00  1.00E+00
1.259E-03 5.578E-01 1.429E+00  1.00E+00
1.189E-03 5.041E-01 1.479E+00  1.00E+00
1.122E-03 4.500E-01 1.529E+00  1.00E+00
1.059E-03 3.992E-01 1.574E+00  1.00E+00
1.000E-03 3.524E-01 1.613E+00  1.00E+00
