1.000E+03 1.452E-06 1.653E-17  0.00E+00
9.441E+02 1.624E-06 2.080E-17  0.00E+00
8.913E+02 1.816E-06 2.619E-17  0.00E+00
8.414E+02 2.030E-06 3.296E-17  0.00E+00
7.943E+02 2.269E-06 4.149E-17  0.00E+00
7.499E+02 2.535E-06 5.223E-17  0.00E+00
7.079E+02 2.832E-06 6.574E-17  0.00E+00
6.683E+02 3.163E-06 8.275E-17  0.00E+00
6.310E+02 3.532E-06 1.042E-16  0.00E+00
5.957E+02 3.943E-06 1.311E-16  0.00E+00
5.623E+02 4.400E-06 1.650E-16  0.00E+00
5.309E+02 4.910E-06 2.077E-16  0.00E+00
5.012E+02 5.478E-06 2.614E-16  0.00E+00
4.732E+02 6.111E-06 3.290E-16  0.00E+00
4.467E+02 6.817E-06 4.141E-16  0.00E+00
4.217E+02 7.604E-06 5.213E-16  0.00E+00
3.981E+02 8.481E-06 6.561E-16  0.00E+00
3.758E+02 9.460E-06 8.257E-16  0.00E+00
3.548E+02 1.055E-05 1.039E-15  0.00E+00
3.350E+02 1.177E-05 1.308E-15  0.00E+00
3.162E+02 1.314E-05 1.646E-15  0.00E+00
2.985E+02 1.467E-05 2.072E-15  0.00E+00
2.818E+02 1.637E-05 2.608E-15  0.00E+00
2.661E+02 1.828E-05 3.282E-15  0.00E+00
2.512E+02 2.042E-05 4.131E-15  0.00E+00
2.371E+02 2.282E-05 5.199E-15  0.00E+00
2.239E+02 2.551E-05 6.543E-15  0.00E+00
2.113E+02 2.852E-05 8.235E-15  0.00E+00
1.995E+02 3.190E-05 1.036E-14  0.00E+00
1.884E+02 3.570E-05 1.304E-14  0.00E+00
1.778E+02 3.996E-05 1.641E-14  0.00E+00
1.679E+02 4.475E-05 2.066E-14  0.00E+00
1.585E+02 5.014E-05 2.599E-14  0.00E+00
1.496E+02 5.620E-05 3.271E-14  0.00E+00
1.413E+02 6.302E-05 4.116E-14  0.00E+00
1.334E+02 7.070E-05 5.179E-14  0.00E+00
1.259E+02 7.937E-05 6.515E-14  0.00E+00
1.189E+02 8.914E-05 8.196E-14  0.00E+00
1.122E+02 1.002E-04 1.031E-13  0.00E+00
1.059E+02 1.126E-04 1.296E-13  0.00E+00
1.000E+02 1.266E-04 1.630E-13  0.00E+00
9.441E+01 1.423E-04 2.048E-13  0.00E+00
8.913E+01 1.599E-04 2.573E-13  0.00E+00
8.414E+01 1.796E-04 3.232E-13  0.00E+00
7.943E+01 2.017E-04 4.058E-13  0.00E+00
7.499E+01 2.264E-04 5.092E-13  0.00E+00
7.079E+01 2.538E-04 6.385E-13  0.00E+00
6.683E+01 2.841E-04 8.001E-13  0.00E+00
6.310E+01 3.174E-04 1.002E-12  0.00E+00
5.957E+01 3.539E-04 1.253E-12  0.00E+00
5.623E+01 3.934E-04 1.565E-12  0.00E+00
5.309E+01 4.355E-04 1.953E-12  0.00E+00
5.012E+01 4.799E-04 2.433E-12  0.00E+00
4.732E+01 5.258E-04 3.026E-12 -8.86E-08
4.467E+01 5.719E-04 3.757E-12 -1.40E-06
4.217E+01 6.166E-04 4.656E-12 -2.35E-06
3.981E+01 6.580E-04 5.761E-12 -3.14E-06
3.758E+01 6.939E-04 7.120E-12 -3.89E-06
3.548E+01 7.226E-04 8.792E-12 -4.56E-06
3.350E+01 7.423E-04 1.085E-11 -5.15E-06
3.162E+01 7.517E-04 1.341E-11 -5.58E-06
2.985E+01 7.511E-04 1.658E-11 -5.85E-06
2.818E+01 7.417E-04 2.054E-11 -5.97E-06
2.661E+01 7.248E-04 2.550E-11 -5.93E-06
2.512E+01 7.024E-04 3.175E-11 -5.67E-06
2.371E+01 6.760E-04 3.960E-11 -5.07E-06
2.239E+01 6.476E-04 4.953E-11 -4.68E-06
2.113E+01 6.206E-04 6.207E-11 -4.21E-06
1.995E+01 5.959E-04 7.791E-11 -3.52E-06
1.884E+01 5.737E-04 9.789E-11 -2.62E-06
1.778E+01 5.552E-04 1.231E-10 -1.87E-06
1.679E+01 5.417E-04 1.550E-10 -1.08E-06
1.585E+01 5.334E-04 1.953E-10 -2.33E-07
1.496E+01 5.305E-04 2.461E-10  5.95E-07
1.413E+01 5.342E-04 3.102E-10  1.49E-06
1.334E+01 5.446E-04 3.910E-10  2.53E-06
1.259E+01 5.609E-04 4.927E-10  3.79E-06
1.189E+01 5.798E-04 6.217E-10  5.24E-06
1.122E+01 6.171E-04 7.786E-10  6.63E-06
1.059E+01 6.454E-04 9.835E-10  8.14E-06
1.000E+01 6.873E-04 1.238E-09  9.77E-06
9.441E+00 7.358E-04 1.559E-09  1.15E-05
8.913E+00 7.935E-04 1.963E-09  1.34E-05
8.414E+00 8.598E-04 2.469E-09  1.55E-05
7.943E+00 9.344E-04 3.106E-09  1.80E-05
7.499E+00 1.015E-03 3.906E-09  2.08E-05
7.079E+00 1.106E-03 4.911E-09  2.37E-05
6.683E+00 1.208E-03 6.174E-09  2.69E-05
6.310E+00 1.302E-03 7.757E-09  3.13E-05
5.957E+00 1.447E-03 9.752E-09  3.40E-05
5.623E+00 1.585E-03 1.225E-08  3.82E-05
5.309E+00 1.739E-03 1.539E-08  4.29E-05
5.012E+00 1.906E-03 1.931E-08  4.82E-05
4.732E+00 2.083E-03 2.425E-08  5.39E-05
4.467E+00 2.279E-03 3.044E-08  6.03E-05
4.217E+00 2.494E-03 3.821E-08  6.73E-05
3.981E+00 2.729E-03 4.794E-08  7.50E-05
3.758E+00 2.986E-03 6.015E-08  8.33E-05
3.548E+00 3.267E-03 7.547E-08  9.24E-05
3.350E+00 3.578E-03 9.467E-08  1.02E-04
3.162E+00 3.909E-03 1.187E-07  1.13E-04
2.985E+00 4.284E-03 1.489E-07  1.25E-04
2.818E+00 4.688E-03 1.867E-07  1.39E-04
2.661E+00 5.128E-03 2.340E-07  1.54E-04
2.512E+00 5.600E-03 2.933E-07  1.70E-04
2.371E+00 6.115E-03 3.675E-07  1.89E-04
2.239E+00 6.680E-03 4.606E-07  2.08E-04
2.113E+00 7.300E-03 5.772E-07  2.30E-04
1.995E+00 7.970E-03 7.232E-07  2.54E-04
1.884E+00 8.706E-03 9.061E-07  2.80E-04
1.778E+00 9.516E-03 1.135E-06  3.09E-04
1.679E+00 1.040E-02 1.422E-06  3.40E-04
1.585E+00 1.136E-02 1.781E-06  3.76E-04
1.496E+00 1.240E-02 2.232E-06  4.15E-04
1.413E+00 1.356E-02 2.797E-06  4.56E-04
1.334E+00 1.486E-02 3.504E-06  5.01E-04
1.259E+00 1.627E-02 4.388E-06  5.51E-04
1.189E+00 1.781E-02 5.498E-06  6.07E-04
1.122E+00 1.951E-02 6.887E-06  6.67E-04
1.059E+00 2.142E-02 8.626E-06  7.33E-04
1.000E+00 2.353E-02 1.080E-05  8.06E-04
9.441E-01 2.584E-02 1.352E-05  8.86E-04
8.913E-01 2.836E-02 1.691E-05  9.77E-04
8.414E-01 3.109E-02 2.114E-05  1.08E-03
7.943E-01 3.404E-02 2.643E-05  1.19E-03
7.499E-01 3.723E-02 3.302E-05  1.32E-03
7.079E-01 4.065E-02 4.127E-05  1.47E-03
6.683E-01 4.431E-02 5.160E-05  1.64E-03
6.310E-01 4.821E-02 6.459E-05  1.83E-03
5.957E-01 5.249E-02 8.094E-05  2.04E-03
5.623E-01 5.726E-02 1.016E-04  2.28E-03
5.309E-01 6.259E-02 1.279E-04  2.54E-03
5.012E-01 6.862E-02 1.615E-04  2.82E-03
4.732E-01 7.565E-02 2.043E-04  3.13E-03
4.467E-01 8.413E-02 2.590E-04  3.46E-03
4.217E-01 9.429E-02 3.288E-04  3.79E-03
3.981E-01 1.054E-01 4.177E-04  4.12E-03
3.758E-01 1.171E-01 5.313E-04  4.46E-03
3.548E-01 1.295E-01 6.812E-04  4.81E-03
3.350E-01 1.446E-01 8.851E-04  5.09E-03
3.162E-01 1.650E-01 1.170E-03  5.09E-03
2.985E-01 1.917E-01 1.568E-03  4.57E-03
2.818E-01 2.251E-01 2.159E-03  3.23E-03
2.661E-01 2.726E-01 3.098E-03  1.35E-03
2.512E-01 3.523E-01 4.731E-03  4.07E-04
2.371E-01 5.157E-01 7.799E-03  8.89E-04
2.239E-01 7.921E-01 1.201E-02  2.33E-03
2.113E-01 9.636E-01 1.306E-02  4.39E-03
1.995E-01 7.746E-01 8.964E-03  6.88E-03
1.884E-01 5.332E-01 5.211E-03  9.70E-03
1.778E-01 3.754E-01 3.279E-03  1.30E-02
1.679E-01 2.806E-01 2.597E-03  1.68E-02
1.585E-01 2.198E-01 2.851E-03  2.06E-02
1.496E-01 1.800E-01 4.044E-03  2.47E-02
1.413E-01 1.614E-01 6.487E-03  2.91E-02
1.334E-01 1.655E-01 1.069E-02  3.43E-02
1.259E-01 1.963E-01 1.798E-02  4.14E-02
1.189E-01 2.710E-01 3.017E-02  4.97E-02
1.122E-01 3.973E-01 5.289E-02  5.20E-02
1.059E-01 6.837E-01 9.508E-02  3.72E-02
1.000E-01 1.047E+00 1.377E-01  3.72E-02
9.441E-02 1.442E+00 1.922E-01  3.49E-02
8.913E-02 1.589E+00 2.115E-01  3.97E-02
8.414E-02 1.788E+00 2.888E-01  3.84E-02
7.943E-02 2.045E+00 3.835E-01  4.19E-02
7.499E-02 2.088E+00 4.126E-01  5.35E-02
7.079E-02 1.870E+00 3.902E-01  6.83E-02
6.683E-02 1.483E+00 3.192E-01  8.47E-02
6.310E-02 1.206E+00 2.559E-01  1.00E-01
5.957E-02 1.059E+00 2.331E-01  1.16E-01
5.623E-02 9.034E-01 2.140E-01  1.32E-01
5.309E-02 7.486E-01 1.862E-01  1.49E-01
5.012E-02 6.428E-01 1.654E-01  1.68E-01
4.732E-02 5.536E-01 1.487E-01  1.89E-01
4.467E-02 4.780E-01 1.315E-01  2.12E-01
4.217E-02 4.120E-01 1.119E-01  2.38E-01
3.981E-02 3.944E-01 9.587E-02  2.68E-01
3.758E-02 4.077E-01 8.843E-02  3.02E-01
3.548E-02 4.154E-01 9.847E-02  3.37E-01
3.350E-02 3.791E-01 9.712E-02  3.73E-01
3.162E-02 3.461E-01 9.367E-02  4.12E-01
2.985E-02 3.155E-01 8.935E-02  4.52E-01
2.818E-02 2.872E-01 8.447E-02  4.95E-01
2.661E-02 2.613E-01 7.946E-02  5.38E-01
2.512E-02 2.372E-01 7.427E-02  5.83E-01
2.371E-02 2.149E-01 6.908E-02  6.26E-01
2.239E-02 1.943E-01 6.403E-02  6.68E-01
2.113E-02 1.753E-01 5.917E-02  7.05E-01
1.995E-02 1.579E-01 5.457E-02  7.38E-01
1.884E-02 1.416E-01 5.020E-02  7.64E-01
1.778E-02 1.268E-01 4.616E-02  7.84E-01
1.679E-02 1.134E-01 4.244E-02  7.99E-01
1.585E-02 1.014E-01 3.896E-02  8.11E-01
1.496E-02 9.043E-02 3.567E-02  8.23E-01
1.413E-02 8.058E-02 3.252E-02  8.37E-01
1.334E-02 7.173E-02 2.948E-02  8.53E-01
1.259E-02 6.376E-02 2.662E-02  8.70E-01
1.189E-02 5.663E-02 2.400E-02  8.84E-01
1.122E-02 5.002E-02 2.152E-02  8.95E-01
1.059E-02 4.418E-02 1.927E-02  9.02E-01
1.000E-02 3.902E-02 1.722E-02  9.09E-01
9.441E-03 3.440E-02 1.532E-02  9.17E-01
8.913E-03 3.028E-02 1.355E-02  9.26E-01
8.414E-03 2.662E-02 1.193E-02  9.34E-01
7.943E-03 2.338E-02 1.047E-02  9.39E-01
7.499E-03 2.048E-02 9.118E-03  9.43E-01
7.079E-03 1.797E-02 7.888E-03  9.49E-01
6.683E-03 1.573E-02 6.754E-03  9.54E-01
6.310E-03 1.375E-02 5.706E-03  9.58E-01
5.957E-03 1.204E-02 4.741E-03  9.62E-01
5.623E-03 1.048E-02 3.795E-03  9.66E-01
5.309E-03 9.132E-03 2.890E-03  9.69E-01
5.012E-03 7.960E-03 2.127E-03  9.71E-01
4.732E-03 6.937E-03 8.053E-04  9.74E-01
4.467E-03 6.052E-03 7.696E-04  9.76E-01
4.217E-03 1.156E-01 4.276E-03  9.79E-01
3.981E-03 1.041E-01 5.327E-03  9.81E-01
3.758E-03 9.337E-02 5.192E-03  9.82E-01
3.548E-03 8.329E-02 5.072E-03  9.84E-01
3.350E-03 7.395E-02 4.847E-03  9.86E-01
3.162E-03 6.540E-02 4.554E-03  9.87E-01
2.985E-03 5.776E-02 4.241E-03  9.88E-01
2.818E-03 5.055E-02 3.917E-03  9.89E-01
2.661E-03 4.403E-02 3.583E-03  9.90E-01
2.512E-03 3.829E-02 3.249E-03  9.91E-01
2.371E-03 3.325E-02 2.934E-03  9.92E-01
2.239E-03 2.881E-02 2.642E-03  9.93E-01
2.113E-03 2.485E-02 2.370E-03  9.93E-01
1.995E-03 2.142E-02 2.121E-03  9.94E-01
1.884E-03 1.842E-02 1.895E-03  9.95E-01
1.778E-03 1.580E-02 1.688E-03  9.95E-01
1.679E-03 1.353E-02 1.501E-03  9.96E-01
1.585E-03 1.157E-02 1.334E-03  9.96E-01
1.496E-03 9.878E-03 1.184E-03  9.96E-01
1.413E-03 8.421E-03 1.050E-03  9.97E-01
1.334E-03 7.171E-03 9.313E-04  9.97E-01
1.259E-03 6.107E-03 8.252E-04  9.97E-01
1.189E-03 5.203E-03 7.322E-04  9.98E-01
1.122E-03 4.401E-03 6.477E-04  9.98E-01
1.059E-03 3.726E-03 5.730E-04  9.98E-01
1.000E-03 3.161E-03 5.073E-04  9.98E-01
