1.000E+03 5.213E-05 2.622E-11 -1.53E-03
9.441E+02 5.778E-05 3.302E-11 -1.61E-03
8.913E+02 6.404E-05 4.156E-11 -1.70E-03
8.414E+02 7.097E-05 5.233E-11 -1.78E-03
7.943E+02 7.866E-05 6.588E-11 -1.86E-03
7.499E+02 8.720E-05 8.293E-11 -1.93E-03
7.079E+02 9.670E-05 1.044E-10 -2.00E-03
6.683E+02 1.073E-04 1.314E-10 -2.07E-03
6.310E+02 1.190E-04 1.655E-10 -2.13E-03
5.957E+02 1.321E-04 2.083E-10 -2.19E-03
5.623E+02 1.468E-04 2.623E-10 -2.24E-03
5.309E+02 1.631E-04 3.302E-10 -2.29E-03
5.012E+02 1.814E-04 4.157E-10 -2.33E-03
4.732E+02 2.018E-04 5.233E-10 -2.36E-03
4.467E+02 2.247E-04 6.589E-10 -2.39E-03
4.217E+02 2.503E-04 8.295E-10 -2.41E-03
3.981E+02 2.790E-04 1.044E-09 -2.42E-03
3.758E+02 3.112E-04 1.315E-09 -2.42E-03
3.548E+02 3.473E-04 1.655E-09 -2.42E-03
3.350E+02 3.878E-04 2.084E-09 -2.41E-03
3.162E+02 4.334E-04 2.624E-09 -2.38E-03
2.985E+02 4.845E-04 3.304E-09 -2.35E-03
2.818E+02 5.421E-04 4.159E-09 -2.31E-03
2.661E+02 6.069E-04 5.237E-09 -2.25E-03
2.512E+02 6.798E-04 6.594E-09 -2.18E-03
2.371E+02 7.621E-04 8.303E-09 -2.10E-03
2.239E+02 8.551E-04 1.046E-08 -2.00E-03
2.113E+02 9.606E-04 1.317E-08 -1.88E-03
1.995E+02 1.081E-03 1.658E-08 -1.74E-03
1.884E+02 1.218E-03 2.089E-08 -1.57E-03
1.778E+02 1.378E-03 2.632E-08 -1.37E-03
1.679E+02 1.571E-03 3.318E-08 -1.13E-03
1.585E+02 1.815E-03 4.183E-08 -8.55E-04
1.496E+02 2.160E-03 5.269E-08 -5.20E-04
1.413E+02 2.602E-03 6.593E-08 -1.18E-04
1.334E+02 2.827E-03 8.209E-08  3.59E-04
1.259E+02 2.970E-03 1.031E-07  9.21E-04
1.189E+02 3.235E-03 1.299E-07  1.57E-03
1.122E+02 3.603E-03 1.636E-07  2.30E-03
1.059E+02 4.060E-03 2.060E-07  3.05E-03
1.000E+02 4.604E-03 2.593E-07  3.76E-03
9.441E+01 5.233E-03 3.262E-07  4.37E-03
8.913E+01 5.953E-03 4.103E-07  4.98E-03
8.414E+01 6.788E-03 5.159E-07  5.51E-03
7.943E+01 7.747E-03 6.483E-07  5.76E-03
7.499E+01 8.831E-03 8.144E-07  5.74E-03
7.079E+01 1.005E-02 1.022E-06  5.48E-03
6.683E+01 1.141E-02 1.283E-06  4.92E-03
6.310E+01 1.293E-02 1.608E-06  4.04E-03
5.957E+01 1.458E-02 2.013E-06  2.82E-03
5.623E+01 1.636E-02 2.518E-06  1.28E-03
5.309E+01 1.825E-02 3.146E-06 -4.98E-04
5.012E+01 2.022E-02 3.923E-06 -2.46E-03
4.732E+01 2.219E-02 4.883E-06 -4.29E-03
4.467E+01 2.418E-02 6.065E-06 -5.82E-03
4.217E+01 2.614E-02 7.517E-06 -6.90E-03
3.981E+01 2.801E-02 9.297E-06 -7.79E-03
3.758E+01 2.969E-02 1.148E-05 -8.65E-03
3.548E+01 3.108E-02 1.415E-05 -9.43E-03
3.350E+01 3.210E-02 1.744E-05 -1.01E-02
3.162E+01 3.270E-02 2.150E-05 -1.06E-02
2.985E+01 3.289E-02 2.654E-05 -1.09E-02
2.818E+01 3.274E-02 3.283E-05 -1.11E-02
2.661E+01 3.231E-02 4.072E-05 -1.10E-02
2.512E+01 3.171E-02 5.065E-05 -1.07E-02
2.371E+01 3.113E-02 6.318E-05 -1.01E-02
2.239E+01 3.056E-02 7.904E-05 -9.75E-03
2.113E+01 3.014E-02 9.912E-05 -9.31E-03
1.995E+01 2.991E-02 1.246E-04 -8.62E-03
1.884E+01 3.003E-02 1.567E-04 -7.80E-03
1.778E+01 3.045E-02 1.974E-04 -7.21E-03
1.679E+01 3.122E-02 2.489E-04 -6.63E-03
1.585E+01 3.239E-02 3.141E-04 -6.07E-03
1.496E+01 3.398E-02 3.967E-04 -5.60E-03
1.413E+01 3.600E-02 5.011E-04 -5.11E-03
1.334E+01 3.852E-02 6.331E-04 -4.54E-03
1.259E+01 4.158E-02 8.000E-04 -3.81E-03
1.189E+01 4.521E-02 1.012E-03 -3.06E-03
1.122E+01 4.988E-02 1.272E-03 -2.62E-03
1.059E+01 5.470E-02 1.613E-03 -2.12E-03
1.000E+01 6.053E-02 2.039E-03 -1.73E-03
9.441E+00 6.720E-02 2.580E-03 -1.46E-03
8.913E+00 7.481E-02 3.265E-03 -1.23E-03
8.414E+00 8.350E-02 4.132E-03 -9.55E-04
7.943E+00 9.343E-02 5.231E-03 -5.89E-04
7.499E+00 1.048E-01 6.627E-03 -4.33E-04
7.079E+00 1.177E-01 8.402E-03 -6.53E-04
6.683E+00 1.323E-01 1.066E-02 -1.02E-03
6.310E+00 1.495E-01 1.354E-02 -1.72E-03
5.957E+00 1.673E-01 1.720E-02 -2.73E-03
5.623E+00 1.881E-01 2.188E-02 -3.90E-03
5.309E+00 2.114E-01 2.786E-02 -5.28E-03
5.012E+00 2.376E-01 3.551E-02 -6.87E-03
4.732E+00 2.668E-01 4.533E-02 -9.20E-03
4.467E+00 2.990E-01 5.792E-02 -1.18E-02
4.217E+00 3.345E-01 7.408E-02 -1.47E-02
3.981E+00 3.733E-01 9.482E-02 -1.77E-02
3.758E+00 4.153E-01 1.215E-01 -2.09E-02
3.548E+00 4.604E-01 1.556E-01 -2.38E-02
3.350E+00 5.089E-01 1.991E-01 -2.59E-02
3.162E+00 5.606E-01 2.543E-01 -2.70E-02
2.985E+00 6.159E-01 3.237E-01 -2.66E-02
2.818E+00 6.742E-01 4.097E-01 -2.43E-02
2.661E+00 7.353E-01 5.142E-01 -1.97E-02
2.512E+00 7.976E-01 6.377E-01 -1.25E-02
2.371E+00 8.586E-01 7.786E-01 -2.18E-03
2.239E+00 9.143E-01 9.321E-01  1.16E-02
2.113E+00 9.611E-01 1.091E+00  2.95E-02
1.995E+00 9.949E-01 1.245E+00  5.22E-02
1.884E+00 1.014E+00 1.388E+00  8.06E-02
1.778E+00 1.019E+00 1.518E+00  1.17E-01
1.679E+00 1.016E+00 1.641E+00  1.63E-01
1.585E+00 1.012E+00 1.775E+00  2.21E-01
1.496E+00 1.020E+00 1.959E+00  2.92E-01
1.413E+00 1.043E+00 2.228E+00  3.55E-01
1.334E+00 1.059E+00 2.479E+00  3.77E-01
1.259E+00 1.042E+00 2.504E+00  3.67E-01
1.189E+00 1.022E+00 2.390E+00  3.67E-01
1.122E+00 1.028E+00 2.284E+00  3.87E-01
1.059E+00 1.068E+00 2.232E+00  4.22E-01
1.000E+00 1.168E+00 2.275E+00  4.68E-01
9.441E-01 1.282E+00 2.385E+00  5.20E-01
8.913E-01 1.234E+00 2.257E+00  5.28E-01
8.414E-01 1.193E+00 2.078E+00  5.09E-01
7.943E-01 1.212E+00 1.886E+00  5.02E-01
7.499E-01 1.310E+00 1.703E+00  5.29E-01
7.079E-01 1.313E+00 1.551E+00  5.75E-01
6.683E-01 1.329E+00 1.493E+00  5.97E-01
6.310E-01 1.327E+00 1.444E+00  6.14E-01
5.957E-01 1.302E+00 1.415E+00  6.43E-01
5.623E-01 1.300E+00 1.439E+00  6.75E-01
5.309E-01 1.287E+00 1.474E+00  6.94E-01
5.012E-01 1.264E+00 1.494E+00  7.06E-01
4.732E-01 1.244E+00 1.499E+00  7.14E-01
4.467E-01 1.223E+00 1.494E+00  7.19E-01
4.217E-01 1.204E+00 1.489E+00  7.24E-01
3.981E-01 1.186E+00 1.489E+00  7.30E-01
3.758E-01 1.167E+00 1.490E+00  7.35E-01
3.548E-01 1.145E+00 1.493E+00  7.37E-01
3.350E-01 1.121E+00 1.503E+00  7.38E-01
3.162E-01 1.092E+00 1.522E+00  7.37E-01
2.985E-01 1.062E+00 1.547E+00  7.34E-01
2.818E-01 1.028E+00 1.586E+00  7.28E-01
2.661E-01 9.976E-01 1.636E+00  7.24E-01
2.512E-01 9.840E-01 1.683E+00  7.24E-01
2.371E-01 9.822E-01 1.697E+00  7.30E-01
2.239E-01 9.846E-01 1.649E+00  7.44E-01
2.113E-01 9.786E-01 1.561E+00  7.65E-01
1.995E-01 9.869E-01 1.461E+00  7.96E-01
1.884E-01 1.012E+00 1.350E+00  8.35E-01
1.778E-01 1.053E+00 1.236E+00  8.77E-01
1.679E-01 1.098E+00 1.142E+00  9.09E-01
1.585E-01 1.134E+00 1.116E+00  9.23E-01
1.496E-01 1.152E+00 1.151E+00  9.22E-01
1.413E-01 1.146E+00 1.184E+00  9.14E-01
1.334E-01 1.115E+00 1.214E+00  9.00E-01
1.259E-01 1.074E+00 1.245E+00  8.81E-01
1.189E-01 1.028E+00 1.283E+00  8.58E-01
1.122E-01 9.693E-01 1.340E+00  8.26E-01
1.059E-01 9.150E-01 1.415E+00  7.97E-01
1.000E-01 8.867E-01 1.448E+00  7.87E-01
9.441E-02 8.553E-01 1.476E+00  7.81E-01
8.913E-02 8.501E-01 1.459E+00  7.91E-01
8.414E-02 8.212E-01 1.482E+00  7.83E-01
7.943E-02 7.874E-01 1.502E+00  7.77E-01
7.499E-02 7.504E-01 1.513E+00  7.73E-01
7.079E-02 7.144E-01 1.520E+00  7.72E-01
6.683E-02 6.989E-01 1.502E+00  7.81E-01
6.310E-02 7.220E-01 1.452E+00  8.04E-01
5.957E-02 7.305E-01 1.428E+00  8.15E-01
5.623E-02 7.205E-01 1.423E+00  8.22E-01
5.309E-02 7.249E-01 1.401E+00  8.37E-01
5.012E-02 7.368E-01 1.374E+00  8.54E-01
4.732E-02 7.460E-01 1.351E+00  8.71E-01
4.467E-02 7.590E-01 1.325E+00  8.89E-01
4.217E-02 7.773E-01 1.293E+00  9.08E-01
3.981E-02 8.143E-01 1.244E+00  9.30E-01
3.758E-02 8.487E-01 1.202E+00  9.44E-01
3.548E-02 8.489E-01 1.201E+00  9.45E-01
3.350E-02 8.468E-01 1.197E+00  9.49E-01
3.162E-02 8.480E-01 1.190E+00  9.53E-01
2.985E-02 8.502E-01 1.181E+00  9.58E-01
2.818E-02 8.531E-01 1.173E+00  9.63E-01
2.661E-02 8.564E-01 1.164E+00  9.67E-01
2.512E-02 8.598E-01 1.156E+00  9.71E-01
2.371E-02 8.632E-01 1.147E+00  9.75E-01
2.239E-02 8.664E-01 1.139E+00  9.78E-01
2.113E-02 8.692E-01 1.130E+00  9.81E-01
1.995E-02 8.715E-01 1.120E+00  9.83E-01
1.884E-02 8.728E-01 1.112E+00  9.86E-01
1.778E-02 8.729E-01 1.106E+00  9.88E-01
1.679E-02 8.713E-01 1.106E+00  9.89E-01
1.585E-02 8.674E-01 1.112E+00  9.91E-01
1.496E-02 8.606E-01 1.121E+00  9.92E-01
1.413E-02 8.505E-01 1.126E+00  9.94E-01
1.334E-02 8.367E-01 1.125E+00  9.95E-01
1.259E-02 8.187E-01 1.116E+00  9.95E-01
1.189E-02 7.966E-01 1.107E+00  9.96E-01
1.122E-02 7.693E-01 1.109E+00  9.97E-01
1.059E-02 7.382E-01 1.137E+00  9.97E-01
1.000E-02 7.037E-01 1.204E+00  9.98E-01
9.441E-03 6.660E-01 1.316E+00  9.98E-01
8.913E-03 6.257E-01 1.473E+00  9.99E-01
8.414E-03 5.840E-01 1.662E+00  9.99E-01
7.943E-03 5.414E-01 1.869E+00  9.99E-01
7.499E-03 4.985E-01 2.071E+00  1.00E+00
7.079E-03 4.569E-01 2.244E+00  1.00E+00
6.683E-03 4.162E-01 2.371E+00  1.00E+00
6.310E-03 3.770E-01 2.433E+00  1.00E+00
5.957E-03 3.404E-01 2.413E+00  1.00E+00
5.623E-03 3.050E-01 2.291E+00  1.00E+00
5.309E-03 2.724E-01 2.047E+00  1.00E+00
5.012E-03 2.427E-01 1.722E+00  1.00E+00
4.732E-03 2.157E-01 8.054E-01  1.00E+00
4.467E-03 1.916E-01 7.858E-01  1.00E+00
4.217E-03 9.530E-01 7.770E-01  1.00E+00
3.981E-03 9.396E-01 9.371E-01  1.00E+00
3.758E-03 9.257E-01 9.934E-01  1.00E+00
3.548E-03 9.086E-01 1.058E+00  1.00E+00
3.350E-03 8.877E-01 1.118E+00  1.00E+00
3.162E-03 8.626E-01 1.175E+00  1.00E+00
2.985E-03 8.336E-01 1.228E+00  1.00E+00
2.818E-03 7.985E-01 1.280E+00  1.00E+00
2.661E-03 7.583E-01 1.324E+00  1.00E+00
2.512E-03 7.145E-01 1.353E+00  1.00E+00
2.371E-03 6.678E-01 1.369E+00  1.00E+00
2.239E-03 6.190E-01 1.371E+00  1.00E+00
2.113E-03 5.682E-01 1.359E+00  1.00E+00
1.995E-03 5.179E-01 1.332E+00  1.00E+00
1.884E-03 4.682E-01 1.293E+00  1.00E+00
1.778E-03 4.198E-01 1.241E+00  1.00E+00
1.679E-03 3.740E-01 1.162E+00  1.00E+00
1.585E-03 3.310E-01 1.121E+00  1.00E+00
1.496E-03 2.914E-01 1.070E+00  1.00E+00
1.413E-03 2.550E-01 1.010E+00  1.00E+00
1.334E-03 2.222E-01 9.448E-01  1.00E+00
1.259E-03 1.930E-01 8.751E-01  1.00E+00
1.189E-03 1.672E-01 8.050E-01  1.00E+00
1.122E-03 1.436E-01 7.337E-01  1.00E+00
1.059E-03 1.231E-01 6.647E-01  1.00E+00
1.000E-03 1.056E-01 5.996E-01  1.00E+00
