1.000E+03 8.493E-06 4.156E-14  0.00E+00
9.441E+02 9.530E-06 5.232E-14  0.00E+00
8.913E+02 1.069E-05 6.587E-14  0.00E+00
8.414E+02 1.200E-05 8.293E-14  0.00E+00
7.943E+02 1.347E-05 1.044E-13  0.00E+00
7.499E+02 1.512E-05 1.314E-13  0.00E+00
7.079E+02 1.696E-05 1.655E-13  0.00E+00
6.683E+02 1.904E-05 2.083E-13  0.00E+00
6.310E+02 2.137E-05 2.622E-13  0.00E+00
5.957E+02 2.399E-05 3.301E-13  0.00E+00
5.623E+02 2.693E-05 4.156E-13  0.00E+00
5.309E+02 3.023E-05 5.232E-13  0.00E+00
5.012E+02 3.393E-05 6.587E-13  0.00E+00
4.732E+02 3.810E-05 8.293E-13  0.00E+00
4.467E+02 4.278E-05 1.044E-12  0.00E+00
4.217E+02 4.803E-05 1.314E-12  0.00E+00
3.981E+02 5.395E-05 1.655E-12  0.00E+00
3.758E+02 6.059E-05 2.083E-12  0.00E+00
3.548E+02 6.807E-05 2.623E-12  0.00E+00
3.350E+02 7.649E-05 3.302E-12 -2.05E-05
3.162E+02 8.597E-05 4.156E-12 -2.14E-05
2.985E+02 9.664E-05 5.233E-12 -2.22E-05
2.818E+02 1.087E-04 6.587E-12 -2.27E-05
2.661E+02 1.223E-04 8.293E-12 -2.30E-05
2.512E+02 1.376E-04 1.044E-11 -2.29E-05
2.371E+02 1.550E-04 1.314E-11 -2.23E-05
2.239E+02 1.746E-04 1.654E-11 -2.12E-05
2.113E+02 1.969E-04 2.083E-11 -1.93E-05
1.995E+02 2.222E-04 2.621E-11 -1.66E-05
1.884E+02 2.510E-04 3.299E-11 -1.29E-05
1.778E+02 2.837E-04 4.151E-11 -7.92E-06
1.679E+02 3.205E-04 5.222E-11 -1.47E-06
1.585E+02 3.614E-04 6.567E-11  6.79E-06
1.496E+02 4.060E-04 8.255E-11  1.72E-05
1.413E+02 4.535E-04 1.038E-10  3.04E-05
1.334E+02 5.043E-04 1.304E-10  4.67E-05
1.259E+02 5.601E-04 1.640E-10  6.65E-05
1.189E+02 6.235E-04 2.064E-10  8.98E-05
1.122E+02 6.964E-04 2.596E-10  1.16E-04
1.059E+02 7.802E-04 3.267E-10  1.44E-04
1.000E+02 8.762E-04 4.110E-10  1.70E-04
9.441E+01 9.854E-04 5.169E-10  1.93E-04
8.913E+01 1.109E-03 6.498E-10  2.16E-04
8.414E+01 1.248E-03 8.167E-10  2.37E-04
7.943E+01 1.405E-03 1.026E-09  2.49E-04
7.499E+01 1.582E-03 1.289E-09  2.52E-04
7.079E+01 1.780E-03 1.617E-09  2.47E-04
6.683E+01 2.001E-03 2.028E-09  2.32E-04
6.310E+01 2.247E-03 2.542E-09  2.06E-04
5.957E+01 2.519E-03 3.182E-09  1.67E-04
5.623E+01 2.816E-03 3.979E-09  1.14E-04
5.309E+01 3.137E-03 4.968E-09  5.12E-05
5.012E+01 3.479E-03 6.193E-09 -2.22E-05
4.732E+01 3.836E-03 7.707E-09 -9.61E-05
4.467E+01 4.199E-03 9.571E-09 -1.59E-04
4.217E+01 4.556E-03 1.186E-08 -2.05E-04
3.981E+01 4.890E-03 1.467E-08 -2.42E-04
3.758E+01 5.184E-03 1.810E-08 -2.77E-04
3.548E+01 5.418E-03 2.232E-08 -3.09E-04
3.350E+01 5.578E-03 2.751E-08 -3.37E-04
3.162E+01 5.652E-03 3.390E-08 -3.57E-04
2.985E+01 5.641E-03 4.184E-08 -3.68E-04
2.818E+01 5.556E-03 5.175E-08 -3.72E-04
2.661E+01 5.409E-03 6.417E-08 -3.67E-04
2.512E+01 5.219E-03 7.979E-08 -3.51E-04
2.371E+01 5.002E-03 9.946E-08 -3.18E-04
2.239E+01 4.772E-03 1.243E-07 -2.95E-04
2.113E+01 4.557E-03 1.558E-07 -2.68E-04
1.995E+01 4.365E-03 1.956E-07 -2.30E-04
1.884E+01 4.199E-03 2.458E-07 -1.82E-04
1.778E+01 4.063E-03 3.092E-07 -1.41E-04
1.679E+01 3.968E-03 3.894E-07 -9.86E-05
1.585E+01 3.914E-03 4.905E-07 -5.37E-05
1.496E+01 3.904E-03 6.183E-07 -1.01E-05
1.413E+01 3.943E-03 7.795E-07  3.67E-05
1.334E+01 4.034E-03 9.825E-07  9.01E-05
1.259E+01 4.170E-03 1.238E-06  1.54E-04
1.189E+01 4.328E-03 1.563E-06  2.27E-04
1.122E+01 4.617E-03 1.957E-06  2.97E-04
1.059E+01 4.848E-03 2.473E-06  3.72E-04
1.000E+01 5.179E-03 3.114E-06  4.53E-04
9.441E+00 5.561E-03 3.921E-06  5.38E-04
8.913E+00 6.012E-03 4.937E-06  6.30E-04
8.414E+00 6.530E-03 6.213E-06  7.34E-04
7.943E+00 7.113E-03 7.816E-06  8.57E-04
7.499E+00 7.746E-03 9.831E-06  9.94E-04
7.079E+00 8.465E-03 1.237E-05  1.13E-03
6.683E+00 9.268E-03 1.555E-05  1.29E-03
6.310E+00 1.003E-02 1.955E-05  1.50E-03
5.957E+00 1.116E-02 2.458E-05  1.63E-03
5.623E+00 1.226E-02 3.089E-05  1.84E-03
5.309E+00 1.348E-02 3.882E-05  2.06E-03
5.012E+00 1.482E-02 4.876E-05  2.31E-03
4.732E+00 1.627E-02 6.126E-05  2.59E-03
4.467E+00 1.787E-02 7.696E-05  2.89E-03
4.217E+00 1.963E-02 9.665E-05  3.22E-03
3.981E+00 2.158E-02 1.214E-04  3.59E-03
3.758E+00 2.372E-02 1.524E-04  3.98E-03
3.548E+00 2.609E-02 1.915E-04  4.41E-03
3.350E+00 2.873E-02 2.405E-04  4.87E-03
3.162E+00 3.157E-02 3.020E-04  5.39E-03
2.985E+00 3.481E-02 3.793E-04  5.95E-03
2.818E+00 3.835E-02 4.764E-04  6.57E-03
2.661E+00 4.224E-02 5.983E-04  7.25E-03
2.512E+00 4.650E-02 7.512E-04  8.02E-03
2.371E+00 5.121E-02 9.436E-04  8.85E-03
2.239E+00 5.645E-02 1.186E-03  9.75E-03
2.113E+00 6.229E-02 1.490E-03  1.07E-02
1.995E+00 6.873E-02 1.873E-03  1.18E-02
1.884E+00 7.593E-02 2.355E-03  1.30E-02
1.778E+00 8.400E-02 2.962E-03  1.42E-02
1.679E+00 9.300E-02 3.726E-03  1.56E-02
1.585E+00 1.030E-01 4.689E-03  1.71E-02
1.496E+00 1.141E-01 5.906E-03  1.88E-02
1.413E+00 1.268E-01 7.445E-03  2.05E-02
1.334E+00 1.412E-01 9.388E-03  2.23E-02
1.259E+00 1.573E-01 1.184E-02  2.44E-02
1.189E+00 1.754E-01 1.495E-02  2.66E-02
1.122E+00 1.960E-01 1.888E-02  2.90E-02
1.059E+00 2.195E-01 2.386E-02  3.16E-02
1.000E+00 2.462E-01 3.017E-02  3.43E-02
9.441E-01 2.763E-01 3.815E-02  3.74E-02
8.913E-01 3.103E-01 4.824E-02  4.09E-02
8.414E-01 3.485E-01 6.101E-02  4.48E-02
7.943E-01 3.916E-01 7.715E-02  4.93E-02
7.499E-01 4.401E-01 9.758E-02  5.42E-02
7.079E-01 4.946E-01 1.234E-01  5.98E-02
6.683E-01 5.561E-01 1.561E-01  6.62E-02
6.310E-01 6.255E-01 1.974E-01  7.33E-02
5.957E-01 7.046E-01 2.496E-01  8.11E-02
5.623E-01 7.947E-01 3.151E-01  8.96E-02
5.309E-01 8.969E-01 3.971E-01  9.88E-02
5.012E-01 1.012E+00 4.981E-01  1.09E-01
4.732E-01 1.139E+00 6.192E-01  1.19E-01
4.467E-01 1.277E+00 7.581E-01  1.30E-01
4.217E-01 1.412E+00 9.073E-01  1.40E-01
3.981E-01 1.520E+00 1.056E+00  1.50E-01
3.758E-01 1.592E+00 1.194E+00  1.62E-01
3.548E-01 1.631E+00 1.318E+00  1.76E-01
3.350E-01 1.640E+00 1.416E+00  1.90E-01
3.162E-01 1.610E+00 1.478E+00  2.02E-01
2.985E-01 1.553E+00 1.508E+00  2.19E-01
2.818E-01 1.480E+00 1.533E+00  2.39E-01
2.661E-01 1.424E+00 1.562E+00  2.72E-01
2.512E-01 1.432E+00 1.599E+00  3.29E-01
2.371E-01 1.526E+00 1.637E+00  4.09E-01
2.239E-01 1.580E+00 1.575E+00  4.75E-01
2.113E-01 1.512E+00 1.391E+00  5.16E-01
1.995E-01 1.384E+00 1.233E+00  5.53E-01
1.884E-01 1.277E+00 1.115E+00  5.90E-01
1.778E-01 1.233E+00 9.955E-01  6.32E-01
1.679E-01 1.216E+00 9.360E-01  6.76E-01
1.585E-01 1.214E+00 1.042E+00  7.05E-01
1.496E-01 1.202E+00 1.177E+00  6.93E-01
1.413E-01 1.286E+00 1.322E+00  7.06E-01
1.334E-01 1.397E+00 1.549E+00  7.43E-01
1.259E-01 1.481E+00 1.578E+00  7.42E-01
1.189E-01 1.499E+00 1.453E+00  7.39E-01
1.122E-01 1.413E+00 1.376E+00  7.16E-01
1.059E-01 1.337E+00 1.484E+00  7.07E-01
1.000E-01 1.304E+00 1.528E+00  7.10E-01
9.441E-02 1.275E+00 1.560E+00  7.14E-01
8.913E-02 1.257E+00 1.517E+00  7.29E-01
8.414E-02 1.217E+00 1.547E+00  7.28E-01
7.943E-02 1.180E+00 1.578E+00  7.29E-01
7.499E-02 1.121E+00 1.581E+00  7.31E-01
7.079E-02 1.034E+00 1.568E+00  7.33E-01
6.683E-02 9.490E-01 1.513E+00  7.42E-01
6.310E-02 9.228E-01 1.422E+00  7.65E-01
5.957E-02 9.025E-01 1.383E+00  7.78E-01
5.623E-02 8.570E-01 1.373E+00  7.88E-01
5.309E-02 8.242E-01 1.339E+00  8.06E-01
5.012E-02 8.069E-01 1.303E+00  8.25E-01
4.732E-02 7.880E-01 1.278E+00  8.45E-01
4.467E-02 7.728E-01 1.254E+00  8.66E-01
4.217E-02 7.600E-01 1.237E+00  8.90E-01
3.981E-02 7.823E-01 1.182E+00  9.13E-01
3.758E-02 8.187E-01 1.108E+00  9.27E-01
3.548E-02 8.211E-01 1.120E+00  9.29E-01
3.350E-02 8.015E-01 1.140E+00  9.36E-01
3.162E-02 7.848E-01 1.158E+00  9.43E-01
2.985E-02 7.683E-01 1.178E+00  9.50E-01
2.818E-02 7.514E-01 1.200E+00  9.56E-01
2.661E-02 7.336E-01 1.225E+00  9.62E-01
2.512E-02 7.142E-01 1.249E+00  9.67E-01
2.371E-02 6.928E-01 1.272E+00  9.72E-01
2.239E-02 6.694E-01 1.291E+00  9.76E-01
2.113E-02 6.440E-01 1.303E+00  9.80E-01
1.995E-02 6.164E-01 1.308E+00  9.82E-01
1.884E-02 5.863E-01 1.303E+00  9.85E-01
1.778E-02 5.550E-01 1.288E+00  9.87E-01
1.679E-02 5.223E-01 1.262E+00  9.89E-01
1.585E-02 4.888E-01 1.227E+00  9.90E-01
1.496E-02 4.548E-01 1.182E+00  9.91E-01
1.413E-02 4.208E-01 1.130E+00  9.93E-01
1.334E-02 3.876E-01 1.072E+00  9.93E-01
1.259E-02 3.552E-01 1.009E+00  9.94E-01
1.189E-02 3.243E-01 9.431E-01  9.95E-01
1.122E-02 2.939E-01 8.741E-01  9.95E-01
1.059E-02 2.655E-01 8.046E-01  9.96E-01
1.000E-02 2.391E-01 7.361E-01  9.96E-01
9.441E-03 2.146E-01 6.693E-01  9.97E-01
8.913E-03 1.918E-01 6.043E-01  9.97E-01
8.414E-03 1.710E-01 5.418E-01  9.97E-01
7.943E-03 1.520E-01 4.822E-01  9.98E-01
7.499E-03 1.346E-01 4.256E-01  9.98E-01
7.079E-03 1.192E-01 3.726E-01  9.98E-01
6.683E-03 1.052E-01 3.225E-01  9.98E-01
6.310E-03 9.268E-02 2.749E-01  9.99E-01
5.957E-03 8.164E-02 2.302E-01  9.99E-01
5.623E-03 7.149E-02 1.857E-01  9.99E-01
5.309E-03 6.259E-02 1.424E-01  9.99E-01
5.012E-03 5.479E-02 1.054E-01  9.99E-01
4.732E-03 4.794E-02 4.025E-02  9.99E-01
4.467E-03 4.198E-02 3.849E-02  9.99E-01
4.217E-03 5.613E-01 1.433E-01  9.99E-01
3.981E-03 5.234E-01 1.837E-01  9.99E-01
3.758E-03 4.854E-01 1.854E-01  9.99E-01
3.548E-03 4.471E-01 1.872E-01  9.99E-01
3.350E-03 4.090E-01 1.846E-01  9.99E-01
3.162E-03 3.719E-01 1.787E-01  1.00E+00
2.985E-03 3.368E-01 1.710E-01  1.00E+00
2.818E-03 3.018E-01 1.620E-01  1.00E+00
2.661E-03 2.686E-01 1.518E-01  1.00E+00
2.512E-03 2.381E-01 1.406E-01  1.00E+00
2.371E-03 2.103E-01 1.294E-01  1.00E+00
2.239E-03 1.849E-01 1.185E-01  1.00E+00
2.113E-03 1.616E-01 1.079E-01  1.00E+00
1.995E-03 1.410E-01 9.784E-02  1.00E+00
1.884E-03 1.225E-01 8.842E-02  1.00E+00
1.778E-03 1.060E-01 7.956E-02  1.00E+00
1.679E-03 9.145E-02 7.136E-02  1.00E+00
1.585E-03 7.872E-02 6.389E-02  1.00E+00
1.496E-03 6.761E-02 5.708E-02  1.00E+00
1.413E-03 5.793E-02 5.092E-02  1.00E+00
1.334E-03 4.954E-02 4.538E-02  1.00E+00
1.259E-03 4.234E-02 4.037E-02  1.00E+00
1.189E-03 3.618E-02 3.595E-02  1.00E+00
1.122E-03 3.069E-02 3.190E-02  1.00E+00
1.059E-03 2.605E-02 2.830E-02  1.00E+00
1.000E-03 2.214E-02 2.511E-02  1.00E+00
