1.000E+03 2.493E-05 2.622E-12  0.00E+00
9.441E+02 2.792E-05 3.301E-12 -2.65E-04
8.913E+02 3.126E-05 4.156E-12 -2.87E-04
8.414E+02 3.500E-05 5.233E-12 -3.09E-04
7.943E+02 3.918E-05 6.587E-12 -3.33E-04
7.499E+02 4.385E-05 8.293E-12 -3.57E-04
7.079E+02 4.908E-05 1.044E-11 -3.81E-04
6.683E+02 5.493E-05 1.314E-11 -4.06E-04
6.310E+02 6.148E-05 1.655E-11 -4.30E-04
5.957E+02 6.881E-05 2.083E-11 -4.54E-04
5.623E+02 7.702E-05 2.623E-11 -4.78E-04
5.309E+02 8.621E-05 3.302E-11 -5.01E-04
5.012E+02 9.650E-05 4.157E-11 -5.23E-04
4.732E+02 1.080E-04 5.233E-11 -5.43E-04
4.467E+02 1.210E-04 6.588E-11 -5.62E-04
4.217E+02 1.355E-04 8.295E-11 -5.79E-04
3.981E+02 1.517E-04 1.044E-10 -5.94E-04
3.758E+02 1.700E-04 1.315E-10 -6.06E-04
3.548E+02 1.904E-04 1.655E-10 -6.16E-04
3.350E+02 2.134E-04 2.084E-10 -6.22E-04
3.162E+02 2.393E-04 2.624E-10 -6.26E-04
2.985E+02 2.683E-04 3.303E-10 -6.26E-04
2.818E+02 3.011E-04 4.159E-10 -6.21E-04
2.661E+02 3.379E-04 5.236E-10 -6.13E-04
2.512E+02 3.795E-04 6.593E-10 -6.00E-04
2.371E+02 4.264E-04 8.302E-10 -5.81E-04
2.239E+02 4.796E-04 1.045E-09 -5.57E-04
2.113E+02 5.399E-04 1.316E-09 -5.26E-04
1.995E+02 6.089E-04 1.658E-09 -4.87E-04
1.884E+02 6.883E-04 2.088E-09 -4.39E-04
1.778E+02 7.811E-04 2.630E-09 -3.81E-04
1.679E+02 8.921E-04 3.312E-09 -3.11E-04
1.585E+02 1.029E-03 4.171E-09 -2.27E-04
1.496E+02 1.200E-03 5.244E-09 -1.25E-04
1.413E+02 1.382E-03 6.570E-09 -1.86E-06
1.334E+02 1.517E-03 8.222E-09  1.46E-04
1.259E+02 1.635E-03 1.033E-08  3.20E-04
1.189E+02 1.790E-03 1.300E-08  5.21E-04
1.122E+02 1.987E-03 1.637E-08  7.47E-04
1.059E+02 2.225E-03 2.060E-08  9.82E-04
1.000E+02 2.504E-03 2.593E-08  1.20E-03
9.441E+01 2.823E-03 3.261E-08  1.40E-03
8.913E+01 3.185E-03 4.101E-08  1.59E-03
8.414E+01 3.598E-03 5.156E-08  1.77E-03
7.943E+01 4.067E-03 6.479E-08  1.87E-03
7.499E+01 4.597E-03 8.138E-08  1.89E-03
7.079E+01 5.191E-03 1.021E-07  1.84E-03
6.683E+01 5.856E-03 1.281E-07  1.71E-03
6.310E+01 6.596E-03 1.606E-07  1.49E-03
5.957E+01 7.411E-03 2.011E-07  1.16E-03
5.623E+01 8.301E-03 2.515E-07  7.26E-04
5.309E+01 9.259E-03 3.140E-07  2.09E-04
5.012E+01 1.027E-02 3.915E-07 -3.84E-04
4.732E+01 1.132E-02 4.873E-07 -9.68E-04
4.467E+01 1.238E-02 6.052E-07 -1.46E-03
4.217E+01 1.343E-02 7.499E-07 -1.82E-03
3.981E+01 1.442E-02 9.274E-07 -2.11E-03
3.758E+01 1.529E-02 1.145E-06 -2.39E-03
3.548E+01 1.599E-02 1.411E-06 -2.64E-03
3.350E+01 1.649E-02 1.739E-06 -2.85E-03
3.162E+01 1.674E-02 2.143E-06 -3.01E-03
2.985E+01 1.675E-02 2.645E-06 -3.10E-03
2.818E+01 1.655E-02 3.270E-06 -3.14E-03
2.661E+01 1.618E-02 4.055E-06 -3.11E-03
2.512E+01 1.570E-02 5.042E-06 -2.99E-03
2.371E+01 1.516E-02 6.286E-06 -2.74E-03
2.239E+01 1.460E-02 7.860E-06 -2.58E-03
2.113E+01 1.410E-02 9.851E-06 -2.39E-03
1.995E+01 1.367E-02 1.237E-05 -2.11E-03
1.884E+01 1.336E-02 1.555E-05 -1.76E-03
1.778E+01 1.315E-02 1.957E-05 -1.48E-03
1.679E+01 1.309E-02 2.465E-05 -1.19E-03
1.585E+01 1.317E-02 3.107E-05 -8.81E-04
1.496E+01 1.341E-02 3.918E-05 -5.92E-04
1.413E+01 1.381E-02 4.942E-05 -2.83E-04
1.334E+01 1.441E-02 6.234E-05  7.17E-05
1.259E+01 1.517E-02 7.862E-05  5.02E-04
1.189E+01 1.607E-02 9.929E-05  9.87E-04
1.122E+01 1.741E-02 1.245E-04  1.42E-03
1.059E+01 1.865E-02 1.574E-04  1.90E-03
1.000E+01 2.026E-02 1.984E-04  2.39E-03
9.441E+00 2.211E-02 2.502E-04  2.90E-03
8.913E+00 2.425E-02 3.154E-04  3.44E-03
8.414E+00 2.669E-02 3.975E-04  4.06E-03
7.943E+00 2.946E-02 5.010E-04  4.80E-03
7.499E+00 3.258E-02 6.313E-04  5.60E-03
7.079E+00 3.613E-02 7.957E-04  6.38E-03
6.683E+00 4.014E-02 1.003E-03  7.23E-03
6.310E+00 4.452E-02 1.264E-03  8.39E-03
5.957E+00 4.979E-02 1.594E-03  9.03E-03
5.623E+00 5.555E-02 2.011E-03  1.01E-02
5.309E+00 6.204E-02 2.536E-03  1.12E-02
5.012E+00 6.933E-02 3.198E-03  1.24E-02
4.732E+00 7.756E-02 4.037E-03  1.37E-02
4.467E+00 8.686E-02 5.098E-03  1.50E-02
4.217E+00 9.739E-02 6.440E-03  1.64E-02
3.981E+00 1.093E-01 8.139E-03  1.79E-02
3.758E+00 1.228E-01 1.030E-02  1.93E-02
3.548E+00 1.382E-01 1.304E-02  2.07E-02
3.350E+00 1.557E-01 1.652E-02  2.21E-02
3.162E+00 1.754E-01 2.095E-02  2.35E-02
2.985E+00 1.980E-01 2.659E-02  2.48E-02
2.818E+00 2.236E-01 3.379E-02  2.61E-02
2.661E+00 2.527E-01 4.299E-02  2.74E-02
2.512E+00 2.856E-01 5.473E-02  2.86E-02
2.371E+00 3.228E-01 6.978E-02  2.95E-02
2.239E+00 3.649E-01 8.908E-02  3.01E-02
2.113E+00 4.120E-01 1.138E-01  3.05E-02
1.995E+00 4.645E-01 1.454E-01  3.09E-02
1.884E+00 5.225E-01 1.858E-01  3.12E-02
1.778E+00 5.859E-01 2.371E-01  3.17E-02
1.679E+00 6.542E-01 3.017E-01  3.28E-02
1.585E+00 7.270E-01 3.822E-01  3.49E-02
1.496E+00 8.023E-01 4.810E-01  3.81E-02
1.413E+00 8.781E-01 5.992E-01  4.31E-02
1.334E+00 9.519E-01 7.356E-01  5.11E-02
1.259E+00 1.020E+00 8.865E-01  6.28E-02
1.189E+00 1.078E+00 1.046E+00  7.81E-02
1.122E+00 1.122E+00 1.205E+00  9.87E-02
1.059E+00 1.152E+00 1.354E+00  1.26E-01
1.000E+00 1.171E+00 1.493E+00  1.62E-01
9.441E-01 1.188E+00 1.626E+00  2.08E-01
8.913E-01 1.218E+00 1.773E+00  2.67E-01
8.414E-01 1.272E+00 1.959E+00  3.29E-01
7.943E-01 1.327E+00 2.151E+00  3.66E-01
7.499E-01 1.326E+00 2.222E+00  3.69E-01
7.079E-01 1.294E+00 2.156E+00  3.70E-01
6.683E-01 1.291E+00 2.050E+00  3.90E-01
6.310E-01 1.340E+00 1.953E+00  4.30E-01
5.957E-01 1.445E+00 1.880E+00  4.83E-01
5.623E-01 1.535E+00 1.824E+00  5.34E-01
5.309E-01 1.534E+00 1.759E+00  5.57E-01
5.012E-01 1.501E+00 1.680E+00  5.63E-01
4.732E-01 1.471E+00 1.589E+00  5.71E-01
4.467E-01 1.446E+00 1.524E+00  5.90E-01
4.217E-01 1.425E+00 1.501E+00  6.12E-01
3.981E-01 1.409E+00 1.501E+00  6.34E-01
3.758E-01 1.388E+00 1.509E+00  6.51E-01
3.548E-01 1.355E+00 1.519E+00  6.61E-01
3.350E-01 1.314E+00 1.531E+00  6.66E-01
3.162E-01 1.273E+00 1.550E+00  6.70E-01
2.985E-01 1.238E+00 1.578E+00  6.74E-01
2.818E-01 1.198E+00 1.627E+00  6.76E-01
2.661E-01 1.159E+00 1.691E+00  6.76E-01
2.512E-01 1.143E+00 1.747E+00  6.80E-01
2.371E-01 1.160E+00 1.778E+00  6.95E-01
2.239E-01 1.174E+00 1.731E+00  7.15E-01
2.113E-01 1.165E+00 1.622E+00  7.38E-01
1.995E-01 1.151E+00 1.478E+00  7.64E-01
1.884E-01 1.156E+00 1.306E+00  8.00E-01
1.778E-01 1.176E+00 1.159E+00  8.46E-01
1.679E-01 1.205E+00 1.050E+00  8.81E-01
1.585E-01 1.232E+00 1.062E+00  8.99E-01
1.496E-01 1.255E+00 1.167E+00  8.98E-01
1.413E-01 1.274E+00 1.212E+00  8.88E-01
1.334E-01 1.257E+00 1.211E+00  8.80E-01
1.259E-01 1.205E+00 1.260E+00  8.66E-01
1.189E-01 1.148E+00 1.295E+00  8.44E-01
1.122E-01 1.078E+00 1.359E+00  8.13E-01
1.059E-01 1.020E+00 1.445E+00  7.86E-01
1.000E-01 9.919E-01 1.482E+00  7.78E-01
9.441E-02 9.609E-01 1.513E+00  7.74E-01
8.913E-02 9.514E-01 1.491E+00  7.84E-01
8.414E-02 9.192E-01 1.517E+00  7.78E-01
7.943E-02 8.825E-01 1.540E+00  7.72E-01
7.499E-02 8.362E-01 1.549E+00  7.69E-01
7.079E-02 7.862E-01 1.552E+00  7.68E-01
6.683E-02 7.553E-01 1.527E+00  7.77E-01
6.310E-02 7.687E-01 1.468E+00  8.00E-01
5.957E-02 7.713E-01 1.440E+00  8.11E-01
5.623E-02 7.536E-01 1.433E+00  8.18E-01
5.309E-02 7.502E-01 1.407E+00  8.33E-01
5.012E-02 7.561E-01 1.378E+00  8.51E-01
4.732E-02 7.595E-01 1.353E+00  8.67E-01
4.467E-02 7.667E-01 1.325E+00  8.85E-01
4.217E-02 7.790E-01 1.291E+00  9.05E-01
3.981E-02 8.137E-01 1.237E+00  9.26E-01
3.758E-02 8.490E-01 1.189E+00  9.41E-01
3.548E-02 8.491E-01 1.190E+00  9.42E-01
3.350E-02 8.435E-01 1.187E+00  9.46E-01
3.162E-02 8.413E-01 1.180E+00  9.51E-01
2.985E-02 8.401E-01 1.172E+00  9.56E-01
2.818E-02 8.397E-01 1.163E+00  9.61E-01
2.661E-02 8.395E-01 1.153E+00  9.65E-01
2.512E-02 8.391E-01 1.142E+00  9.69E-01
2.371E-02 8.383E-01 1.129E+00  9.73E-01
2.239E-02 8.366E-01 1.116E+00  9.76E-01
2.113E-02 8.336E-01 1.104E+00  9.79E-01
1.995E-02 8.288E-01 1.097E+00  9.82E-01
1.884E-02 8.214E-01 1.098E+00  9.84E-01
1.778E-02 8.112E-01 1.114E+00  9.87E-01
1.679E-02 7.974E-01 1.149E+00  9.89E-01
1.585E-02 7.800E-01 1.209E+00  9.91E-01
1.496E-02 7.584E-01 1.293E+00  9.93E-01
1.413E-02 7.329E-01 1.400E+00  9.94E-01
1.334E-02 7.038E-01 1.525E+00  9.96E-01
1.259E-02 6.714E-01 1.658E+00  9.97E-01
1.189E-02 6.366E-01 1.790E+00  9.97E-01
1.122E-02 5.983E-01 1.916E+00  9.98E-01
1.059E-02 5.589E-01 2.021E+00  9.98E-01
1.000E-02 5.192E-01 2.099E+00  9.99E-01
9.441E-03 4.792E-01 2.144E+00  9.99E-01
8.913E-03 4.396E-01 2.155E+00  9.99E-01
8.414E-03 4.012E-01 2.131E+00  9.99E-01
7.943E-03 3.643E-01 2.072E+00  9.99E-01
7.499E-03 3.289E-01 1.982E+00  1.00E+00
7.079E-03 2.962E-01 1.864E+00  1.00E+00
6.683E-03 2.655E-01 1.722E+00  1.00E+00
6.310E-03 2.370E-01 1.558E+00  1.00E+00
5.957E-03 2.113E-01 1.377E+00  1.00E+00
5.623E-03 1.870E-01 1.169E+00  1.00E+00
5.309E-03 1.653E-01 9.395E-01  1.00E+00
5.012E-03 1.459E-01 7.237E-01  1.00E+00
4.732E-03 1.286E-01 2.938E-01  1.00E+00
4.467E-03 1.133E-01 2.833E-01  1.00E+00
4.217E-03 8.698E-01 5.224E-01  1.00E+00
3.981E-03 8.433E-01 6.704E-01  1.00E+00
3.758E-03 8.148E-01 7.067E-01  1.00E+00
3.548E-03 7.823E-01 7.459E-01  1.00E+00
3.350E-03 7.459E-01 7.727E-01  1.00E+00
3.162E-03 7.061E-01 7.871E-01  1.00E+00
2.985E-03 6.643E-01 7.921E-01  1.00E+00
2.818E-03 6.184E-01 7.901E-01  1.00E+00
2.661E-03 5.705E-01 7.780E-01  1.00E+00
2.512E-03 5.226E-01 7.553E-01  1.00E+00
2.371E-03 4.754E-01 7.259E-01  1.00E+00
2.239E-03 4.296E-01 6.915E-01  1.00E+00
2.113E-03 3.849E-01 6.532E-01  1.00E+00
1.995E-03 3.431E-01 6.123E-01  1.00E+00
1.884E-03 3.040E-01 5.699E-01  1.00E+00
1.778E-03 2.676E-01 5.265E-01  1.00E+00
1.679E-03 2.345E-01 4.835E-01  1.00E+00
1.585E-03 2.045E-01 4.419E-01  1.00E+00
1.496E-03 1.777E-01 4.020E-01  1.00E+00
1.413E-03 1.538E-01 3.644E-01  1.00E+00
1.334E-03 1.327E-01 3.293E-01  1.00E+00
1.259E-03 1.142E-01 2.965E-01  1.00E+00
1.189E-03 9.826E-02 2.668E-01  1.00E+00
1.122E-03 8.381E-02 2.390E-01  1.00E+00
1.059E-03 7.147E-02 2.137E-01  1.00E+00
1.000E-03 6.099E-02 1.909E-01  1.00E+00
