1.000E+03 1.765E-06 4.153E-17  0.00E+00
9.441E+02 1.977E-06 5.228E-17  0.00E+00
8.913E+02 2.214E-06 6.581E-17  0.00E+00
8.414E+02 2.479E-06 8.284E-17  0.00E+00
7.943E+02 2.775E-06 1.043E-16  0.00E+00
7.499E+02 3.106E-06 1.313E-16  0.00E+00
7.079E+02 3.476E-06 1.652E-16  0.00E+00
6.683E+02 3.889E-06 2.080E-16  0.00E+00
6.310E+02 4.351E-06 2.618E-16  0.00E+00
5.957E+02 4.866E-06 3.295E-16  0.00E+00
5.623E+02 5.441E-06 4.148E-16  0.00E+00
5.309E+02 6.082E-06 5.221E-16  0.00E+00
5.012E+02 6.798E-06 6.571E-16  0.00E+00
4.732E+02 7.596E-06 8.271E-16  0.00E+00
4.467E+02 8.486E-06 1.041E-15  0.00E+00
4.217E+02 9.479E-06 1.310E-15  0.00E+00
3.981E+02 1.059E-05 1.649E-15  0.00E+00
3.758E+02 1.182E-05 2.076E-15  0.00E+00
3.548E+02 1.320E-05 2.613E-15  0.00E+00
3.350E+02 1.474E-05 3.288E-15  0.00E+00
3.162E+02 1.646E-05 4.138E-15  0.00E+00
2.985E+02 1.838E-05 5.208E-15  0.00E+00
2.818E+02 2.052E-05 6.555E-15  0.00E+00
2.661E+02 2.292E-05 8.250E-15  0.00E+00
2.512E+02 2.560E-05 1.038E-14  0.00E+00
2.371E+02 2.861E-05 1.307E-14  0.00E+00
2.239E+02 3.197E-05 1.645E-14  0.00E+00
2.113E+02 3.573E-05 2.070E-14  0.00E+00
1.995E+02 3.995E-05 2.605E-14  0.00E+00
1.884E+02 4.468E-05 3.278E-14  0.00E+00
1.778E+02 5.000E-05 4.125E-14  0.00E+00
1.679E+02 5.597E-05 5.191E-14  0.00E+00
1.585E+02 6.268E-05 6.533E-14  0.00E+00
1.496E+02 7.023E-05 8.221E-14  0.00E+00
1.413E+02 7.872E-05 1.034E-13  0.00E+00
1.334E+02 8.830E-05 1.302E-13  0.00E+00
1.259E+02 9.910E-05 1.638E-13  0.00E+00
1.189E+02 1.113E-04 2.060E-13  0.00E+00
1.122E+02 1.251E-04 2.591E-13  0.00E+00
1.059E+02 1.406E-04 3.259E-13  0.00E+00
1.000E+02 1.581E-04 4.098E-13  0.00E+00
9.441E+01 1.779E-04 5.151E-13  0.00E+00
8.913E+01 2.000E-04 6.473E-13  0.00E+00
8.414E+01 2.248E-04 8.131E-13  0.00E+00
7.943E+01 2.526E-04 1.021E-12  0.00E+00
7.499E+01 2.837E-04 1.281E-12  0.00E+00
7.079E+01 3.183E-04 1.607E-12  0.00E+00
6.683E+01 3.567E-04 2.014E-12  0.00E+00
6.310E+01 3.990E-04 2.522E-12  0.00E+00
5.957E+01 4.454E-04 3.155E-12  7.99E-06
5.623E+01 4.957E-04 3.943E-12  6.29E-06
5.309E+01 5.497E-04 4.920E-12  4.22E-06
5.012E+01 6.066E-04 6.130E-12  1.82E-06
4.732E+01 6.657E-04 7.625E-12 -6.01E-07
4.467E+01 7.251E-04 9.467E-12 -2.69E-06
4.217E+01 7.829E-04 1.173E-11 -4.22E-06
3.981E+01 8.366E-04 1.451E-11 -5.48E-06
3.758E+01 8.833E-04 1.793E-11 -6.68E-06
3.548E+01 9.206E-04 2.214E-11 -7.76E-06
3.350E+01 9.460E-04 2.732E-11 -8.71E-06
3.162E+01 9.580E-04 3.372E-11 -9.40E-06
2.985E+01 9.569E-04 4.168E-11 -9.83E-06
2.818E+01 9.441E-04 5.162E-11 -1.00E-05
2.661E+01 9.216E-04 6.408E-11 -9.96E-06
2.512E+01 8.920E-04 7.975E-11 -9.53E-06
2.371E+01 8.574E-04 9.946E-11 -8.56E-06
2.239E+01 8.202E-04 1.244E-10 -7.93E-06
2.113E+01 7.850E-04 1.559E-10 -7.16E-06
1.995E+01 7.529E-04 1.957E-10 -6.05E-06
1.884E+01 7.243E-04 2.458E-10 -4.59E-06
1.778E+01 7.005E-04 3.093E-10 -3.37E-06
1.679E+01 6.831E-04 3.894E-10 -2.09E-06
1.585E+01 6.724E-04 4.905E-10 -7.20E-07
1.496E+01 6.688E-04 6.182E-10  6.19E-07
1.413E+01 6.734E-04 7.792E-10  2.07E-06
1.334E+01 6.866E-04 9.821E-10  3.74E-06
1.259E+01 7.073E-04 1.238E-09  5.75E-06
1.189E+01 7.313E-04 1.562E-09  8.07E-06
1.122E+01 7.783E-04 1.956E-09  1.03E-05
1.059E+01 8.141E-04 2.470E-09  1.27E-05
1.000E+01 8.671E-04 3.110E-09  1.53E-05
9.441E+00 9.283E-04 3.916E-09  1.80E-05
8.913E+00 1.001E-03 4.930E-09  2.10E-05
8.414E+00 1.085E-03 6.203E-09  2.44E-05
7.943E+00 1.179E-03 7.802E-09  2.84E-05
7.499E+00 1.280E-03 9.810E-09  3.28E-05
7.079E+00 1.396E-03 1.234E-08  3.74E-05
6.683E+00 1.524E-03 1.551E-08  4.25E-05
6.310E+00 1.643E-03 1.949E-08  4.94E-05
5.957E+00 1.825E-03 2.449E-08  5.39E-05
5.623E+00 1.999E-03 3.077E-08  6.05E-05
5.309E+00 2.193E-03 3.865E-08  6.79E-05
5.012E+00 2.403E-03 4.852E-08  7.62E-05
4.732E+00 2.627E-03 6.092E-08  8.54E-05
4.467E+00 2.874E-03 7.647E-08  9.55E-05
4.217E+00 3.145E-03 9.597E-08  1.07E-04
3.981E+00 3.442E-03 1.204E-07  1.19E-04
3.758E+00 3.765E-03 1.511E-07  1.32E-04
3.548E+00 4.120E-03 1.896E-07  1.46E-04
3.350E+00 4.512E-03 2.378E-07  1.62E-04
3.162E+00 4.930E-03 2.983E-07  1.80E-04
2.985E+00 5.404E-03 3.741E-07  1.99E-04
2.818E+00 5.913E-03 4.691E-07  2.20E-04
2.661E+00 6.468E-03 5.880E-07  2.43E-04
2.512E+00 7.065E-03 7.368E-07  2.70E-04
2.371E+00 7.715E-03 9.233E-07  2.99E-04
2.239E+00 8.429E-03 1.157E-06  3.30E-04
2.113E+00 9.213E-03 1.450E-06  3.64E-04
1.995E+00 1.006E-02 1.817E-06  4.02E-04
1.884E+00 1.099E-02 2.277E-06  4.44E-04
1.778E+00 1.201E-02 2.853E-06  4.89E-04
1.679E+00 1.314E-02 3.574E-06  5.39E-04
1.585E+00 1.435E-02 4.476E-06  5.95E-04
1.496E+00 1.566E-02 5.609E-06  6.56E-04
1.413E+00 1.714E-02 7.031E-06  7.22E-04
1.334E+00 1.878E-02 8.809E-06  7.93E-04
1.259E+00 2.057E-02 1.103E-05  8.73E-04
1.189E+00 2.251E-02 1.382E-05  9.60E-04
1.122E+00 2.467E-02 1.732E-05  1.06E-03
1.059E+00 2.710E-02 2.169E-05  1.16E-03
1.000E+00 2.977E-02 2.717E-05  1.27E-03
9.441E-01 3.271E-02 3.400E-05  1.40E-03
8.913E-01 3.592E-02 4.254E-05  1.55E-03
8.414E-01 3.939E-02 5.320E-05  1.71E-03
7.943E-01 4.315E-02 6.651E-05  1.89E-03
7.499E-01 4.722E-02 8.314E-05  2.09E-03
7.079E-01 5.158E-02 1.039E-04  2.33E-03
6.683E-01 5.627E-02 1.300E-04  2.59E-03
6.310E-01 6.125E-02 1.627E-04  2.89E-03
5.957E-01 6.674E-02 2.040E-04  3.22E-03
5.623E-01 7.288E-02 2.562E-04  3.60E-03
5.309E-01 7.974E-02 3.227E-04  4.01E-03
5.012E-01 8.754E-02 4.075E-04  4.46E-03
4.732E-01 9.663E-02 5.159E-04  4.95E-03
4.467E-01 1.076E-01 6.544E-04  5.46E-03
4.217E-01 1.208E-01 8.314E-04  5.97E-03
3.981E-01 1.353E-01 1.057E-03  6.49E-03
3.758E-01 1.505E-01 1.345E-03  7.02E-03
3.548E-01 1.668E-01 1.727E-03  7.56E-03
3.350E-01 1.867E-01 2.246E-03  7.98E-03
3.162E-01 2.137E-01 2.974E-03  7.93E-03
2.985E-01 2.489E-01 3.993E-03  7.08E-03
2.818E-01 2.927E-01 5.512E-03  4.95E-03
2.661E-01 3.547E-01 7.938E-03  2.05E-03
2.512E-01 4.587E-01 1.218E-02  6.95E-04
2.371E-01 6.723E-01 2.013E-02  1.52E-03
2.239E-01 1.022E+00 3.064E-02  3.82E-03
2.113E-01 1.204E+00 3.219E-02  7.12E-03
1.995E-01 9.503E-01 2.166E-02  1.11E-02
1.884E-01 6.555E-01 1.262E-02  1.56E-02
1.778E-01 4.661E-01 8.048E-03  2.09E-02
1.679E-01 3.523E-01 6.461E-03  2.67E-02
1.585E-01 2.789E-01 7.161E-03  3.27E-02
1.496E-01 2.312E-01 1.023E-02  3.92E-02
1.413E-01 2.108E-01 1.650E-02  4.62E-02
1.334E-01 2.202E-01 2.733E-02  5.45E-02
1.259E-01 2.674E-01 4.633E-02  6.61E-02
1.189E-01 3.812E-01 7.840E-02  7.94E-02
1.122E-01 5.778E-01 1.386E-01  7.91E-02
1.059E-01 9.533E-01 2.426E-01  5.98E-02
1.000E-01 1.385E+00 3.347E-01  6.04E-02
9.441E-02 1.758E+00 4.327E-01  5.86E-02
8.913E-02 1.848E+00 4.526E-01  6.75E-02
8.414E-02 1.978E+00 5.799E-01  6.79E-02
7.943E-02 2.074E+00 6.866E-01  7.74E-02
7.499E-02 2.006E+00 6.812E-01  9.99E-02
7.079E-02 1.782E+00 6.240E-01  1.26E-01
6.683E-02 1.448E+00 5.134E-01  1.53E-01
6.310E-02 1.212E+00 4.177E-01  1.76E-01
5.957E-02 1.083E+00 3.826E-01  1.99E-01
5.623E-02 9.382E-01 3.541E-01  2.22E-01
5.309E-02 7.933E-01 3.114E-01  2.47E-01
5.012E-02 6.934E-01 2.781E-01  2.74E-01
4.732E-02 6.068E-01 2.510E-01  3.03E-01
4.467E-02 5.323E-01 2.227E-01  3.35E-01
4.217E-02 4.660E-01 1.900E-01  3.70E-01
3.981E-02 4.511E-01 1.615E-01  4.12E-01
3.758E-02 4.689E-01 1.467E-01  4.57E-01
3.548E-02 4.778E-01 1.607E-01  4.99E-01
3.350E-02 4.393E-01 1.577E-01  5.39E-01
3.162E-02 4.040E-01 1.516E-01  5.80E-01
2.985E-02 3.708E-01 1.442E-01  6.21E-01
2.818E-02 3.396E-01 1.361E-01  6.60E-01
2.661E-02 3.105E-01 1.279E-01  6.98E-01
2.512E-02 2.830E-01 1.196E-01  7.31E-01
2.371E-02 2.572E-01 1.116E-01  7.60E-01
2.239E-02 2.332E-01 1.039E-01  7.83E-01
2.113E-02 2.110E-01 9.656E-02  8.00E-01
1.995E-02 1.906E-01 8.968E-02  8.13E-01
1.884E-02 1.717E-01 8.297E-02  8.25E-01
1.778E-02 1.546E-01 7.652E-02  8.38E-01
1.679E-02 1.389E-01 7.027E-02  8.53E-01
1.585E-02 1.247E-01 6.420E-02  8.69E-01
1.496E-02 1.116E-01 5.841E-02  8.84E-01
1.413E-02 9.965E-02 5.302E-02  8.95E-01
1.334E-02 8.884E-02 4.803E-02  9.02E-01
1.259E-02 7.910E-02 4.343E-02  9.09E-01
1.189E-02 7.041E-02 3.916E-02  9.17E-01
1.122E-02 6.231E-02 3.505E-02  9.26E-01
1.059E-02 5.511E-02 3.128E-02  9.34E-01
1.000E-02 4.873E-02 2.788E-02  9.39E-01
9.441E-03 4.301E-02 2.477E-02  9.43E-01
8.913E-03 3.788E-02 2.189E-02  9.49E-01
8.414E-03 3.334E-02 1.926E-02  9.55E-01
7.943E-03 2.930E-02 1.687E-02  9.58E-01
7.499E-03 2.569E-02 1.467E-02  9.62E-01
7.079E-03 2.255E-02 1.268E-02  9.66E-01
6.683E-03 1.975E-02 1.085E-02  9.69E-01
6.310E-03 1.727E-02 9.153E-03  9.71E-01
5.957E-03 1.512E-02 7.595E-03  9.74E-01
5.623E-03 1.317E-02 6.077E-03  9.76E-01
5.309E-03 1.148E-02 4.623E-03  9.79E-01
5.012E-03 1.001E-02 3.399E-03  9.81E-01
4.732E-03 8.723E-03 1.287E-03  9.82E-01
4.467E-03 7.612E-03 1.228E-03  9.84E-01
4.217E-03 1.429E-01 6.700E-03  9.86E-01
3.981E-03 1.290E-01 8.355E-03  9.87E-01
3.758E-03 1.159E-01 8.154E-03  9.88E-01
3.548E-03 1.035E-01 7.975E-03  9.89E-01
3.350E-03 9.205E-02 7.628E-03  9.90E-01
3.162E-03 8.152E-02 7.174E-03  9.91E-01
2.985E-03 7.208E-02 6.687E-03  9.92E-01
2.818E-03 6.316E-02 6.180E-03  9.93E-01
2.661E-03 5.507E-02 5.658E-03  9.93E-01
2.512E-03 4.793E-02 5.133E-03  9.94E-01
2.371E-03 4.165E-02 4.638E-03  9.95E-01
2.239E-03 3.611E-02 4.178E-03  9.95E-01
2.113E-03 3.116E-02 3.749E-03  9.96E-01
1.995E-03 2.688E-02 3.358E-03  9.96E-01
1.884E-03 2.313E-02 3.001E-03  9.96E-01
1.778E-03 1.984E-02 2.674E-03  9.97E-01
1.679E-03 1.700E-02 2.378E-03  9.97E-01
1.585E-03 1.454E-02 2.113E-03  9.97E-01
1.496E-03 1.242E-02 1.876E-03  9.98E-01
1.413E-03 1.059E-02 1.664E-03  9.98E-01
1.334E-03 9.018E-03 1.476E-03  9.98E-01
1.259E-03 7.681E-03 1.308E-03  9.98E-01
1.189E-03 6.545E-03 1.160E-03  9.98E-01
1.122E-03 5.536E-03 1.027E-03  9.99E-01
1.059E-03 4.689E-03 9.082E-04  9.99E-01
1.000E-03 3.978E-03 8.041E-04  9.99E-01
