1.000E+03 5.689E-04 1.048E-08 -4.63E-02
9.441E+02 5.944E-04 1.319E-08 -4.66E-02
8.913E+02 6.226E-04 1.661E-08 -4.68E-02
8.414E+02 6.536E-04 2.091E-08 -4.69E-02
7.943E+02 6.880E-04 2.632E-08 -4.70E-02
7.499E+02 7.262E-04 3.314E-08 -4.71E-02
7.079E+02 7.686E-04 4.172E-08 -4.72E-02
6.683E+02 8.160E-04 5.252E-08 -4.72E-02
6.310E+02 8.688E-04 6.612E-08 -4.72E-02
5.957E+02 9.279E-04 8.324E-08 -4.72E-02
5.623E+02 9.939E-04 1.048E-07 -4.71E-02
5.309E+02 1.068E-03 1.319E-07 -4.69E-02
5.012E+02 1.151E-03 1.661E-07 -4.68E-02
4.732E+02 1.244E-03 2.091E-07 -4.66E-02
4.467E+02 1.348E-03 2.633E-07 -4.63E-02
4.217E+02 1.465E-03 3.314E-07 -4.60E-02
3.981E+02 1.596E-03 4.173E-07 -4.56E-02
3.758E+02 1.744E-03 5.253E-07 -4.52E-02
3.548E+02 1.910E-03 6.614E-07 -4.47E-02
3.350E+02 2.097E-03 8.327E-07 -4.41E-02
3.162E+02 2.307E-03 1.048E-06 -4.34E-02
2.985E+02 2.543E-03 1.320E-06 -4.26E-02
2.818E+02 2.810E-03 1.662E-06 -4.17E-02
2.661E+02 3.110E-03 2.092E-06 -4.06E-02
2.512E+02 3.450E-03 2.634E-06 -3.94E-02
2.371E+02 3.835E-03 3.317E-06 -3.79E-02
2.239E+02 4.271E-03 4.177E-06 -3.63E-02
2.113E+02 4.768E-03 5.261E-06 -3.43E-02
1.995E+02 5.336E-03 6.626E-06 -3.20E-02
1.884E+02 5.990E-03 8.347E-06 -2.93E-02
1.778E+02 6.756E-03 1.052E-05 -2.60E-02
1.679E+02 7.677E-03 1.327E-05 -2.21E-02
1.585E+02 8.868E-03 1.675E-05 -1.72E-02
1.496E+02 1.071E-02 2.119E-05 -1.13E-02
1.413E+02 1.449E-02 2.660E-05 -3.69E-03
1.334E+02 1.601E-02 3.263E-05  5.81E-03
1.259E+02 1.742E-02 4.112E-05  1.77E-02
1.189E+02 2.128E-02 5.202E-05  3.21E-02
1.122E+02 2.790E-02 6.586E-05  4.84E-02
1.059E+02 3.874E-02 8.360E-05  6.22E-02
1.000E+02 5.431E-02 1.065E-04  6.55E-02
9.441E+01 7.244E-02 1.359E-04  5.36E-02
8.913E+01 9.159E-02 1.736E-04  2.68E-02
8.414E+01 1.077E-01 2.213E-04 -1.49E-02
7.943E+01 1.164E-01 2.800E-04 -5.70E-02
7.499E+01 1.205E-01 3.523E-04 -8.87E-02
7.079E+01 1.230E-01 4.423E-04 -1.11E-01
6.683E+01 1.254E-01 5.544E-04 -1.27E-01
6.310E+01 1.284E-01 6.943E-04 -1.38E-01
5.957E+01 1.323E-01 8.689E-04 -1.46E-01
5.623E+01 1.371E-01 1.086E-03 -1.52E-01
5.309E+01 1.428E-01 1.357E-03 -1.56E-01
5.012E+01 1.493E-01 1.693E-03 -1.59E-01
4.732E+01 1.569E-01 2.107E-03 -1.61E-01
4.467E+01 1.656E-01 2.621E-03 -1.62E-01
4.217E+01 1.754E-01 3.256E-03 -1.64E-01
3.981E+01 1.853E-01 4.039E-03 -1.66E-01
3.758E+01 1.946E-01 5.005E-03 -1.68E-01
3.548E+01 2.029E-01 6.198E-03 -1.71E-01
3.350E+01 2.099E-01 7.677E-03 -1.74E-01
3.162E+01 2.156E-01 9.521E-03 -1.76E-01
2.985E+01 2.203E-01 1.183E-02 -1.78E-01
2.818E+01 2.241E-01 1.475E-02 -1.80E-01
2.661E+01 2.276E-01 1.846E-02 -1.81E-01
2.512E+01 2.316E-01 2.319E-02 -1.81E-01
2.371E+01 2.373E-01 2.924E-02 -1.82E-01
2.239E+01 2.424E-01 3.702E-02 -1.82E-01
2.113E+01 2.489E-01 4.699E-02 -1.82E-01
1.995E+01 2.579E-01 5.981E-02 -1.80E-01
1.884E+01 2.693E-01 7.627E-02 -1.79E-01
1.778E+01 2.814E-01 9.738E-02 -1.77E-01
1.679E+01 2.958E-01 1.244E-01 -1.74E-01
1.585E+01 3.126E-01 1.589E-01 -1.71E-01
1.496E+01 3.318E-01 2.029E-01 -1.66E-01
1.413E+01 3.545E-01 2.585E-01 -1.60E-01
1.334E+01 3.811E-01 3.283E-01 -1.52E-01
1.259E+01 4.120E-01 4.149E-01 -1.43E-01
1.189E+01 4.455E-01 5.210E-01 -1.32E-01
1.122E+01 4.827E-01 6.428E-01 -1.22E-01
1.059E+01 5.189E-01 7.899E-01 -1.06E-01
1.000E+01 5.558E-01 9.512E-01 -8.93E-02
9.441E+00 5.892E-01 1.123E+00 -6.93E-02
8.913E+00 6.175E-01 1.296E+00 -4.55E-02
8.414E+00 6.385E-01 1.459E+00 -1.69E-02
7.943E+00 6.514E-01 1.607E+00  1.79E-02
7.499E+00 6.566E-01 1.738E+00  6.11E-02
7.079E+00 6.582E-01 1.863E+00  1.16E-01
6.683E+00 6.622E-01 2.008E+00  1.85E-01
6.310E+00 6.715E-01 2.219E+00  2.62E-01
5.957E+00 6.869E-01 2.507E+00  3.23E-01
5.623E+00 6.825E-01 2.693E+00  3.39E-01
5.309E+00 6.652E-01 2.650E+00  3.35E-01
5.012E+00 6.591E-01 2.536E+00  3.45E-01
4.732E+00 6.684E-01 2.469E+00  3.70E-01
4.467E+00 6.960E-01 2.498E+00  4.03E-01
4.217E+00 7.565E-01 2.744E+00  4.45E-01
3.981E+00 7.789E-01 2.965E+00  4.88E-01
3.758E+00 7.265E-01 2.691E+00  4.75E-01
3.548E+00 7.030E-01 2.464E+00  4.42E-01
3.350E+00 7.150E-01 2.286E+00  4.16E-01
3.162E+00 8.206E-01 2.364E+00  4.20E-01
2.985E+00 7.597E-01 2.027E+00  4.73E-01
2.818E+00 7.643E-01 1.930E+00  4.47E-01
2.661E+00 7.774E-01 1.779E+00  4.21E-01
2.512E+00 7.951E-01 1.669E+00  4.70E-01
2.371E+00 7.812E-01 1.599E+00  4.89E-01
2.239E+00 8.226E-01 1.694E+00  5.40E-01
2.113E+00 7.737E-01 1.707E+00  5.86E-01
1.995E+00 8.541E-01 1.835E+00  6.06E-01
1.884E+00 8.451E-01 1.951E+00  6.75E-01
1.778E+00 8.014E-01 1.914E+00  6.59E-01
1.679E+00 8.526E-01 1.983E+00  6.88E-01
1.585E+00 8.274E-01 1.799E+00  6.64E-01
1.496E+00 8.513E-01 1.756E+00  6.57E-01
1.413E+00 8.774E-01 1.567E+00  6.43E-01
1.334E+00 8.715E-01 1.572E+00  6.50E-01
1.259E+00 9.125E-01 1.579E+00  6.85E-01
1.189E+00 9.150E-01 1.625E+00  7.07E-01
1.122E+00 9.273E-01 1.635E+00  7.30E-01
1.059E+00 9.275E-01 1.580E+00  7.36E-01
1.000E+00 9.363E-01 1.511E+00  7.31E-01
9.441E-01 9.463E-01 1.481E+00  7.38E-01
8.913E-01 9.507E-01 1.497E+00  7.50E-01
8.414E-01 9.519E-01 1.496E+00  7.59E-01
7.943E-01 9.508E-01 1.465E+00  7.62E-01
7.499E-01 9.475E-01 1.448E+00  7.66E-01
7.079E-01 9.428E-01 1.449E+00  7.71E-01
6.683E-01 9.374E-01 1.441E+00  7.74E-01
6.310E-01 9.313E-01 1.433E+00  7.77E-01
5.957E-01 9.247E-01 1.428E+00  7.80E-01
5.623E-01 9.177E-01 1.424E+00  7.82E-01
5.309E-01 9.103E-01 1.420E+00  7.83E-01
5.012E-01 9.023E-01 1.417E+00  7.84E-01
4.732E-01 8.942E-01 1.416E+00  7.85E-01
4.467E-01 8.862E-01 1.415E+00  7.85E-01
4.217E-01 8.783E-01 1.414E+00  7.85E-01
3.981E-01 8.706E-01 1.414E+00  7.86E-01
3.758E-01 8.627E-01 1.414E+00  7.85E-01
3.548E-01 8.528E-01 1.417E+00  7.84E-01
3.350E-01 8.396E-01 1.424E+00  7.80E-01
3.162E-01 8.226E-01 1.437E+00  7.74E-01
2.985E-01 8.035E-01 1.455E+00  7.67E-01
2.818E-01 7.785E-01 1.483E+00  7.57E-01
2.661E-01 7.520E-01 1.516E+00  7.48E-01
2.512E-01 7.289E-01 1.540E+00  7.43E-01
2.371E-01 7.110E-01 1.542E+00  7.44E-01
2.239E-01 7.121E-01 1.512E+00  7.56E-01
2.113E-01 7.330E-01 1.462E+00  7.78E-01
1.995E-01 7.731E-01 1.398E+00  8.11E-01
1.884E-01 8.259E-01 1.325E+00  8.52E-01
1.778E-01 8.863E-01 1.247E+00  8.96E-01
1.679E-01 9.387E-01 1.181E+00  9.28E-01
1.585E-01 9.689E-01 1.150E+00  9.40E-01
1.496E-01 9.737E-01 1.151E+00  9.38E-01
1.413E-01 9.600E-01 1.168E+00  9.27E-01
1.334E-01 9.373E-01 1.189E+00  9.12E-01
1.259E-01 9.083E-01 1.215E+00  8.92E-01
1.189E-01 8.743E-01 1.247E+00  8.68E-01
1.122E-01 8.261E-01 1.295E+00  8.33E-01
1.059E-01 7.723E-01 1.354E+00  8.01E-01
1.000E-01 7.449E-01 1.381E+00  7.89E-01
9.441E-02 7.177E-01 1.404E+00  7.81E-01
8.913E-02 7.219E-01 1.391E+00  7.91E-01
8.414E-02 6.988E-01 1.410E+00  7.82E-01
7.943E-02 6.747E-01 1.428E+00  7.75E-01
7.499E-02 6.536E-01 1.441E+00  7.70E-01
7.079E-02 6.353E-01 1.452E+00  7.69E-01
6.683E-02 6.365E-01 1.442E+00  7.79E-01
6.310E-02 6.691E-01 1.402E+00  8.03E-01
5.957E-02 6.834E-01 1.383E+00  8.15E-01
5.623E-02 6.819E-01 1.380E+00  8.21E-01
5.309E-02 6.945E-01 1.363E+00  8.37E-01
5.012E-02 7.126E-01 1.340E+00  8.54E-01
4.732E-02 7.280E-01 1.321E+00  8.71E-01
4.467E-02 7.470E-01 1.298E+00  8.89E-01
4.217E-02 7.712E-01 1.269E+00  9.10E-01
3.981E-02 8.102E-01 1.227E+00  9.31E-01
3.758E-02 8.431E-01 1.191E+00  9.46E-01
3.548E-02 8.437E-01 1.190E+00  9.47E-01
3.350E-02 8.455E-01 1.185E+00  9.50E-01
3.162E-02 8.502E-01 1.179E+00  9.55E-01
2.985E-02 8.558E-01 1.171E+00  9.60E-01
2.818E-02 8.619E-01 1.163E+00  9.64E-01
2.661E-02 8.683E-01 1.154E+00  9.68E-01
2.512E-02 8.748E-01 1.146E+00  9.72E-01
2.371E-02 8.813E-01 1.137E+00  9.76E-01
2.239E-02 8.877E-01 1.129E+00  9.79E-01
2.113E-02 8.941E-01 1.121E+00  9.82E-01
1.995E-02 9.002E-01 1.113E+00  9.85E-01
1.884E-02 9.061E-01 1.106E+00  9.87E-01
1.778E-02 9.118E-01 1.099E+00  9.89E-01
1.679E-02 9.172E-01 1.092E+00  9.90E-01
1.585E-02 9.223E-01 1.086E+00  9.92E-01
1.496E-02 9.270E-01 1.080E+00  9.93E-01
1.413E-02 9.313E-01 1.074E+00  9.94E-01
1.334E-02 9.352E-01 1.068E+00  9.95E-01
1.259E-02 9.385E-01 1.064E+00  9.96E-01
1.189E-02 9.411E-01 1.062E+00  9.97E-01
1.122E-02 9.428E-01 1.061E+00  9.97E-01
1.059E-02 9.435E-01 1.060E+00  9.98E-01
1.000E-02 9.429E-01 1.058E+00  9.98E-01
9.441E-03 9.405E-01 1.057E+00  9.98E-01
8.913E-03 9.360E-01 1.054E+00  9.99E-01
8.414E-03 9.289E-01 1.058E+00  9.99E-01
7.943E-03 9.186E-01 1.073E+00  9.99E-01
7.499E-03 9.055E-01 1.094E+00  9.99E-01
7.079E-03 8.875E-01 1.112E+00  9.99E-01
6.683E-03 8.646E-01 1.135E+00  9.99E-01
6.310E-03 8.368E-01 1.163E+00  9.99E-01
5.957E-03 8.049E-01 1.195E+00  9.99E-01
5.623E-03 7.675E-01 1.232E+00  9.99E-01
5.309E-03 7.268E-01 1.273E+00  9.99E-01
5.012E-03 6.834E-01 1.315E+00  9.99E-01
4.732E-03 6.390E-01 1.352E+00  1.00E+00
4.467E-03 5.947E-01 1.396E+00  1.00E+00
4.217E-03 9.967E-01 1.003E+00  1.00E+00
3.981E-03 9.944E-01 1.005E+00  1.00E+00
3.758E-03 9.931E-01 1.007E+00  1.00E+00
3.548E-03 9.916E-01 1.008E+00  1.00E+00
3.350E-03 9.900E-01 1.010E+00  1.00E+00
3.162E-03 9.882E-01 1.012E+00  1.00E+00
2.985E-03 9.859E-01 1.014E+00  1.00E+00
2.818E-03 9.829E-01 1.017E+00  1.00E+00
2.661E-03 9.789E-01 1.021E+00  1.00E+00
2.512E-03 9.736E-01 1.026E+00  1.00E+00
2.371E-03 9.663E-01 1.033E+00  1.00E+00
2.239E-03 9.565E-01 1.043E+00  1.00E+00
2.113E-03 9.431E-01 1.056E+00  1.00E+00
1.995E-03 9.256E-01 1.073E+00  1.00E+00
1.884E-03 9.030E-01 1.095E+00  1.00E+00
1.778E-03 8.746E-01 1.123E+00  1.00E+00
1.679E-03 8.402E-01 1.157E+00  1.00E+00
1.585E-03 8.000E-01 1.197E+00  1.00E+00
1.496E-03 7.544E-01 1.242E+00  1.00E+00
1.413E-03 7.044E-01 1.290E+00  1.00E+00
1.334E-03 6.513E-01 1.342E+00  1.00E+00
1.259E-03 5.968E-01 1.395E+00  1.00E+00
1.189E-03 5.424E-01 1.447E+00  1.00E+00
1.122E-03 4.868E-01 1.500E+00  1.00E+00
1.059E-03 4.339E-01 1.549E+00  1.00E+00
1.000E-03 3.847E-01 1.593E+00  1.00E+00
