1.000E+03 1.286E-03 1.692E-07 -1.19E-01
9.441E+02 1.337E-03 2.131E-07 -1.19E-01
8.913E+02 1.393E-03 2.682E-07 -1.19E-01
8.414E+02 1.457E-03 3.377E-07 -1.19E-01
7.943E+02 1.528E-03 4.251E-07 -1.19E-01
7.499E+02 1.608E-03 5.352E-07 -1.19E-01
7.079E+02 1.697E-03 6.738E-07 -1.19E-01
6.683E+02 1.797E-03 8.483E-07 -1.19E-01
6.310E+02 1.909E-03 1.068E-06 -1.18E-01
5.957E+02 2.035E-03 1.344E-06 -1.18E-01
5.623E+02 2.177E-03 1.693E-06 -1.18E-01
5.309E+02 2.335E-03 2.131E-06 -1.18E-01
5.012E+02 2.514E-03 2.683E-06 -1.17E-01
4.732E+02 2.714E-03 3.377E-06 -1.17E-01
4.467E+02 2.939E-03 4.251E-06 -1.16E-01
4.217E+02 3.192E-03 5.352E-06 -1.16E-01
3.981E+02 3.477E-03 6.738E-06 -1.15E-01
3.758E+02 3.798E-03 8.482E-06 -1.14E-01
3.548E+02 4.159E-03 1.068E-05 -1.13E-01
3.350E+02 4.567E-03 1.344E-05 -1.12E-01
3.162E+02 5.027E-03 1.692E-05 -1.11E-01
2.985E+02 5.546E-03 2.130E-05 -1.10E-01
2.818E+02 6.134E-03 2.682E-05 -1.08E-01
2.661E+02 6.801E-03 3.376E-05 -1.06E-01
2.512E+02 7.558E-03 4.250E-05 -1.04E-01
2.371E+02 8.422E-03 5.350E-05 -1.01E-01
2.239E+02 9.411E-03 6.735E-05 -9.83E-02
2.113E+02 1.055E-02 8.478E-05 -9.46E-02
1.995E+02 1.188E-02 1.067E-04 -9.00E-02
1.884E+02 1.345E-02 1.344E-04 -8.44E-02
1.778E+02 1.535E-02 1.692E-04 -7.73E-02
1.679E+02 1.776E-02 2.132E-04 -6.82E-02
1.585E+02 2.108E-02 2.690E-04 -5.62E-02
1.496E+02 2.650E-02 3.403E-04 -3.97E-02
1.413E+02 3.842E-02 4.281E-04 -1.60E-02
1.334E+02 5.000E-02 5.244E-04  1.83E-02
1.259E+02 7.615E-02 6.731E-04  6.36E-02
1.189E+02 1.475E-01 9.051E-04  8.27E-02
1.122E+02 2.363E-01 1.263E-03 -4.03E-02
1.059E+02 2.125E-01 1.588E-03 -1.72E-01
1.000E+02 1.754E-01 1.927E-03 -2.01E-01
9.441E+01 1.631E-01 2.376E-03 -2.03E-01
8.913E+01 1.624E-01 2.964E-03 -2.02E-01
8.414E+01 1.665E-01 3.721E-03 -2.04E-01
7.943E+01 1.721E-01 4.682E-03 -2.07E-01
7.499E+01 1.788E-01 5.893E-03 -2.09E-01
7.079E+01 1.867E-01 7.416E-03 -2.11E-01
6.683E+01 1.961E-01 9.329E-03 -2.13E-01
6.310E+01 2.071E-01 1.173E-02 -2.13E-01
5.957E+01 2.199E-01 1.474E-02 -2.14E-01
5.623E+01 2.344E-01 1.851E-02 -2.13E-01
5.309E+01 2.507E-01 2.321E-02 -2.13E-01
5.012E+01 2.685E-01 2.908E-02 -2.13E-01
4.732E+01 2.883E-01 3.637E-02 -2.12E-01
4.467E+01 3.095E-01 4.543E-02 -2.11E-01
4.217E+01 3.318E-01 5.668E-02 -2.10E-01
3.981E+01 3.537E-01 7.061E-02 -2.10E-01
3.758E+01 3.738E-01 8.787E-02 -2.10E-01
3.548E+01 3.915E-01 1.093E-01 -2.10E-01
3.350E+01 4.064E-01 1.360E-01 -2.09E-01
3.162E+01 4.187E-01 1.695E-01 -2.07E-01
2.985E+01 4.291E-01 2.115E-01 -2.04E-01
2.818E+01 4.385E-01 2.642E-01 -2.00E-01
2.661E+01 4.483E-01 3.304E-01 -1.94E-01
2.512E+01 4.602E-01 4.127E-01 -1.86E-01
2.371E+01 4.756E-01 5.133E-01 -1.77E-01
2.239E+01 4.914E-01 6.342E-01 -1.66E-01
2.113E+01 5.104E-01 7.756E-01 -1.52E-01
1.995E+01 5.327E-01 9.341E-01 -1.36E-01
1.884E+01 5.553E-01 1.102E+00 -1.18E-01
1.778E+01 5.741E-01 1.271E+00 -9.71E-02
1.679E+01 5.892E-01 1.431E+00 -7.21E-02
1.585E+01 5.995E-01 1.570E+00 -4.22E-02
1.496E+01 6.052E-01 1.686E+00 -5.81E-03
1.413E+01 6.102E-01 1.781E+00  3.93E-02
1.334E+01 6.182E-01 1.866E+00  9.56E-02
1.259E+01 6.341E-01 1.964E+00  1.65E-01
1.189E+01 6.591E-01 2.123E+00  2.44E-01
1.122E+01 6.608E-01 2.217E+00  2.98E-01
1.059E+01 6.452E-01 2.405E+00  3.34E-01
1.000E+01 6.125E-01 2.437E+00  3.49E-01
9.441E+00 5.953E-01 2.423E+00  3.68E-01
8.913E+00 6.066E-01 2.439E+00  3.97E-01
8.414E+00 6.554E-01 2.564E+00  4.34E-01
7.943E+00 7.176E-01 2.838E+00  4.81E-01
7.499E+00 6.690E-01 2.789E+00  4.87E-01
7.079E+00 6.203E-01 2.566E+00  4.56E-01
6.683E+00 6.142E-01 2.377E+00  4.27E-01
6.310E+00 6.959E-01 2.340E+00  4.15E-01
5.957E+00 6.825E-01 2.205E+00  4.67E-01
5.623E+00 6.578E-01 2.027E+00  4.51E-01
5.309E+00 6.624E-01 1.883E+00  4.18E-01
5.012E+00 7.333E-01 1.829E+00  4.34E-01
4.732E+00 6.520E-01 1.647E+00  4.60E-01
4.467E+00 7.024E-01 1.753E+00  4.97E-01
4.217E+00 6.786E-01 1.772E+00  5.51E-01
3.981E+00 6.839E-01 1.836E+00  5.66E-01
3.758E+00 7.415E-01 2.021E+00  6.37E-01
3.548E+00 6.499E-01 1.998E+00  6.37E-01
3.350E+00 7.201E-01 2.110E+00  6.55E-01
3.162E+00 6.617E-01 1.968E+00  6.53E-01
2.985E+00 7.222E-01 1.939E+00  6.24E-01
2.818E+00 6.964E-01 1.700E+00  6.11E-01
2.661E+00 7.071E-01 1.716E+00  6.01E-01
2.512E+00 7.390E-01 1.632E+00  6.13E-01
2.371E+00 7.307E-01 1.741E+00  6.39E-01
2.239E+00 7.444E-01 1.809E+00  6.92E-01
2.113E+00 7.674E-01 1.799E+00  6.93E-01
1.995E+00 7.846E-01 1.684E+00  6.88E-01
1.884E+00 7.948E-01 1.574E+00  6.80E-01
1.778E+00 7.841E-01 1.563E+00  6.83E-01
1.679E+00 7.923E-01 1.621E+00  7.06E-01
1.585E+00 8.091E-01 1.631E+00  7.23E-01
1.496E+00 8.242E-01 1.555E+00  7.23E-01
1.413E+00 8.336E-01 1.504E+00  7.25E-01
1.334E+00 8.372E-01 1.534E+00  7.39E-01
1.259E+00 8.435E-01 1.532E+00  7.47E-01
1.189E+00 8.520E-01 1.478E+00  7.46E-01
1.122E+00 8.554E-01 1.475E+00  7.53E-01
1.059E+00 8.567E-01 1.477E+00  7.59E-01
1.000E+00 8.575E-01 1.450E+00  7.61E-01
9.441E-01 8.568E-01 1.450E+00  7.66E-01
8.913E-01 8.555E-01 1.440E+00  7.69E-01
8.414E-01 8.533E-01 1.433E+00  7.72E-01
7.943E-01 8.510E-01 1.426E+00  7.75E-01
7.499E-01 8.485E-01 1.419E+00  7.78E-01
7.079E-01 8.457E-01 1.413E+00  7.80E-01
6.683E-01 8.428E-01 1.407E+00  7.83E-01
6.310E-01 8.395E-01 1.402E+00  7.85E-01
5.957E-01 8.359E-01 1.397E+00  7.87E-01
5.623E-01 8.320E-01 1.393E+00  7.88E-01
5.309E-01 8.275E-01 1.390E+00  7.89E-01
5.012E-01 8.225E-01 1.388E+00  7.89E-01
4.732E-01 8.172E-01 1.387E+00  7.89E-01
4.467E-01 8.117E-01 1.386E+00  7.89E-01
4.217E-01 8.063E-01 1.386E+00  7.89E-01
3.981E-01 8.009E-01 1.386E+00  7.88E-01
3.758E-01 7.952E-01 1.386E+00  7.88E-01
3.548E-01 7.876E-01 1.389E+00  7.86E-01
3.350E-01 7.766E-01 1.395E+00  7.82E-01
3.162E-01 7.616E-01 1.408E+00  7.75E-01
2.985E-01 7.440E-01 1.424E+00  7.67E-01
2.818E-01 7.200E-01 1.449E+00  7.56E-01
2.661E-01 6.932E-01 1.477E+00  7.46E-01
2.512E-01 6.691E-01 1.497E+00  7.40E-01
2.371E-01 6.536E-01 1.499E+00  7.41E-01
2.239E-01 6.621E-01 1.474E+00  7.53E-01
2.113E-01 6.905E-01 1.430E+00  7.77E-01
1.995E-01 7.355E-01 1.373E+00  8.10E-01
1.884E-01 7.919E-01 1.306E+00  8.52E-01
1.778E-01 8.543E-01 1.234E+00  8.97E-01
1.679E-01 9.067E-01 1.174E+00  9.29E-01
1.585E-01 9.346E-01 1.145E+00  9.42E-01
1.496E-01 9.379E-01 1.143E+00  9.39E-01
1.413E-01 9.246E-01 1.157E+00  9.28E-01
1.334E-01 9.037E-01 1.177E+00  9.13E-01
1.259E-01 8.767E-01 1.202E+00  8.93E-01
1.189E-01 8.444E-01 1.233E+00  8.68E-01
1.122E-01 7.972E-01 1.280E+00  8.33E-01
1.059E-01 7.432E-01 1.336E+00  7.99E-01
1.000E-01 7.170E-01 1.361E+00  7.87E-01
9.441E-02 6.921E-01 1.383E+00  7.79E-01
8.913E-02 6.987E-01 1.371E+00  7.89E-01
8.414E-02 6.775E-01 1.390E+00  7.80E-01
7.943E-02 6.561E-01 1.408E+00  7.72E-01
7.499E-02 6.382E-01 1.421E+00  7.68E-01
7.079E-02 6.228E-01 1.432E+00  7.67E-01
6.683E-02 6.266E-01 1.424E+00  7.77E-01
6.310E-02 6.605E-01 1.386E+00  8.01E-01
5.957E-02 6.757E-01 1.368E+00  8.13E-01
5.623E-02 6.755E-01 1.365E+00  8.20E-01
5.309E-02 6.894E-01 1.349E+00  8.35E-01
5.012E-02 7.084E-01 1.327E+00  8.53E-01
4.732E-02 7.247E-01 1.308E+00  8.70E-01
4.467E-02 7.446E-01 1.286E+00  8.89E-01
4.217E-02 7.698E-01 1.259E+00  9.09E-01
3.981E-02 8.089E-01 1.217E+00  9.31E-01
3.758E-02 8.415E-01 1.183E+00  9.46E-01
3.548E-02 8.422E-01 1.182E+00  9.47E-01
3.350E-02 8.446E-01 1.178E+00  9.50E-01
3.162E-02 8.499E-01 1.171E+00  9.55E-01
2.985E-02 8.560E-01 1.164E+00  9.60E-01
2.818E-02 8.626E-01 1.156E+00  9.64E-01
2.661E-02 8.695E-01 1.148E+00  9.68E-01
2.512E-02 8.764E-01 1.140E+00  9.72E-01
2.371E-02 8.833E-01 1.131E+00  9.76E-01
2.239E-02 8.901E-01 1.124E+00  9.79E-01
2.113E-02 8.968E-01 1.116E+00  9.82E-01
1.995E-02 9.034E-01 1.108E+00  9.85E-01
1.884E-02 9.097E-01 1.101E+00  9.87E-01
1.778E-02 9.158E-01 1.094E+00  9.89E-01
1.679E-02 9.215E-01 1.087E+00  9.91E-01
1.585E-02 9.271E-01 1.081E+00  9.92E-01
1.496E-02 9.354E-01 1.065E+00  9.93E-01
1.413E-02 9.396E-01 1.060E+00  9.94E-01
1.334E-02 9.442E-01 1.056E+00  9.95E-01
1.259E-02 9.493E-01 1.051E+00  9.96E-01
1.189E-02 9.537E-01 1.046E+00  9.97E-01
1.122E-02 9.565E-01 1.044E+00  9.97E-01
1.059E-02 9.580E-01 1.042E+00  9.97E-01
1.000E-02 9.589E-01 1.041E+00  9.97E-01
9.441E-03 9.593E-01 1.041E+00  9.97E-01
8.913E-03 9.599E-01 1.040E+00  9.98E-01
8.414E-03 9.615E-01 1.039E+00  9.98E-01
7.943E-03 9.629E-01 1.037E+00  9.99E-01
7.499E-03 9.617E-01 1.038E+00  9.99E-01
7.079E-03 9.581E-01 1.042E+00  9.99E-01
6.683E-03 9.520E-01 1.048E+00  9.99E-01
6.310E-03 9.431E-01 1.057E+00  9.99E-01
5.957E-03 9.313E-01 1.069E+00  9.99E-01
5.623E-03 9.152E-01 1.085E+00  9.99E-01
5.309E-03 8.951E-01 1.105E+00  9.99E-01
5.012E-03 8.707E-01 1.129E+00  9.98E-01
4.732E-03 8.432E-01 1.156E+00  1.00E+00
4.467E-03 8.130E-01 1.186E+00  1.00E+00
4.217E-03 9.981E-01 1.002E+00  1.00E+00
3.981E-03 9.968E-01 1.003E+00  1.00E+00
3.758E-03 9.963E-01 1.004E+00  1.00E+00
3.548E-03 9.956E-01 1.004E+00  1.00E+00
3.350E-03 9.950E-01 1.005E+00  1.00E+00
3.162E-03 9.944E-01 1.006E+00  1.00E+00
2.985E-03 9.938E-01 1.006E+00  1.00E+00
2.818E-03 9.930E-01 1.007E+00  1.00E+00
2.661E-03 9.922E-01 1.008E+00  1.00E+00
2.512E-03 9.910E-01 1.009E+00  1.00E+00
2.371E-03 9.894E-01 1.011E+00  1.00E+00
2.239E-03 9.871E-01 1.013E+00  1.00E+00
2.113E-03 9.838E-01 1.016E+00  1.00E+00
1.995E-03 9.792E-01 1.021E+00  1.00E+00
1.884E-03 9.727E-01 1.027E+00  1.00E+00
1.778E-03 9.637E-01 1.036E+00  1.00E+00
1.679E-03 9.515E-01 1.048E+00  1.00E+00
1.585E-03 9.351E-01 1.065E+00  1.00E+00
1.496E-03 9.136E-01 1.086E+00  1.00E+00
1.413E-03 8.864E-01 1.113E+00  1.00E+00
1.334E-03 8.528E-01 1.147E+00  1.00E+00
1.259E-03 8.134E-01 1.186E+00  1.00E+00
1.189E-03 7.687E-01 1.231E+00  1.00E+00
1.122E-03 7.173E-01 1.282E+00  1.00E+00
1.059E-03 6.629E-01 1.336E+00  1.00E+00
1.000E-03 6.073E-01 1.391E+00  1.00E+00
