1.000E+03 2.623E-07 6.549E-21  0.00E+00
9.441E+02 2.916E-07 8.243E-21  0.00E+00
8.913E+02 3.245E-07 1.038E-20  0.00E+00
8.414E+02 3.614E-07 1.306E-20  0.00E+00
7.943E+02 4.026E-07 1.644E-20  0.00E+00
7.499E+02 4.489E-07 2.070E-20  0.00E+00
7.079E+02 5.007E-07 2.605E-20  0.00E+00
6.683E+02 5.589E-07 3.279E-20  0.00E+00
6.310E+02 6.240E-07 4.128E-20  0.00E+00
5.957E+02 6.970E-07 5.196E-20  0.00E+00
5.623E+02 7.788E-07 6.540E-20  0.00E+00
5.309E+02 8.705E-07 8.232E-20  0.00E+00
5.012E+02 9.733E-07 1.036E-19  0.00E+00
4.732E+02 1.088E-06 1.304E-19  0.00E+00
4.467E+02 1.217E-06 1.641E-19  0.00E+00
4.217E+02 1.362E-06 2.066E-19  0.00E+00
3.981E+02 1.524E-06 2.600E-19  0.00E+00
3.758E+02 1.705E-06 3.272E-19  0.00E+00
3.548E+02 1.908E-06 4.118E-19  0.00E+00
3.350E+02 2.136E-06 5.182E-19  0.00E+00
3.162E+02 2.390E-06 6.520E-19  0.00E+00
2.985E+02 2.674E-06 8.204E-19  0.00E+00
2.818E+02 2.993E-06 1.032E-18  0.00E+00
2.661E+02 3.348E-06 1.299E-18  0.00E+00
2.512E+02 3.746E-06 1.634E-18  0.00E+00
2.371E+02 4.190E-06 2.055E-18  0.00E+00
2.239E+02 4.685E-06 2.585E-18  0.00E+00
2.113E+02 5.238E-06 3.250E-18  0.00E+00
1.995E+02 5.855E-06 4.087E-18  0.00E+00
1.884E+02 6.541E-06 5.139E-18  0.00E+00
1.778E+02 7.305E-06 6.460E-18  0.00E+00
1.679E+02 8.155E-06 8.120E-18  0.00E+00
1.585E+02 9.100E-06 1.020E-17  0.00E+00
1.496E+02 1.015E-05 1.282E-17  0.00E+00
1.413E+02 1.131E-05 1.611E-17  0.00E+00
1.334E+02 1.259E-05 2.023E-17  0.00E+00
1.259E+02 1.401E-05 2.539E-17  0.00E+00
1.189E+02 1.558E-05 3.187E-17  0.00E+00
1.122E+02 1.730E-05 3.998E-17  0.00E+00
1.059E+02 1.920E-05 5.014E-17  0.00E+00
1.000E+02 2.126E-05 6.286E-17  0.00E+00
9.441E+01 2.351E-05 7.875E-17  0.00E+00
8.913E+01 2.594E-05 9.862E-17  0.00E+00
8.414E+01 2.856E-05 1.234E-16  0.00E+00
7.943E+01 3.137E-05 1.544E-16  0.00E+00
7.499E+01 3.437E-05 1.930E-16  0.00E+00
7.079E+01 3.754E-05 2.412E-16  0.00E+00
6.683E+01 4.087E-05 3.011E-16  0.00E+00
6.310E+01 4.432E-05 3.758E-16  0.00E+00
5.957E+01 4.788E-05 4.686E-16  0.00E+00
5.623E+01 5.150E-05 5.840E-16  0.00E+00
5.309E+01 5.513E-05 7.275E-16  0.00E+00
5.012E+01 5.872E-05 9.057E-16  0.00E+00
4.732E+01 6.223E-05 1.127E-15  0.00E+00
4.467E+01 6.556E-05 1.403E-15  0.00E+00
4.217E+01 6.866E-05 1.745E-15  0.00E+00
3.981E+01 7.144E-05 2.170E-15  0.00E+00
3.758E+01 7.385E-05 2.700E-15  0.00E+00
3.548E+01 7.585E-05 3.361E-15  0.00E+00
3.350E+01 7.741E-05 4.186E-15  0.00E+00
3.162E+01 7.849E-05 5.217E-15  0.00E+00
2.985E+01 7.914E-05 6.508E-15  0.00E+00
2.818E+01 7.946E-05 8.126E-15  0.00E+00
2.661E+01 7.948E-05 1.016E-14  0.00E+00
2.512E+01 7.927E-05 1.270E-14  0.00E+00
2.371E+01 7.874E-05 1.590E-14  0.00E+00
2.239E+01 7.800E-05 1.993E-14  0.00E+00
2.113E+01 7.733E-05 2.499E-14  0.00E+00
1.995E+01 7.672E-05 3.136E-14  0.00E+00
1.884E+01 7.607E-05 3.938E-14  0.00E+00
1.778E+01 7.556E-05 4.949E-14  0.00E+00
1.679E+01 7.536E-05 6.222E-14  0.00E+00
1.585E+01 7.551E-05 7.827E-14  0.00E+00
1.496E+01 7.609E-05 9.850E-14  0.00E+00
1.413E+01 7.729E-05 1.240E-13  0.00E+00
1.334E+01 7.915E-05 1.561E-13  0.00E+00
1.259E+01 8.161E-05 1.965E-13  0.00E+00
1.189E+01 8.421E-05 2.477E-13  0.00E+00
1.122E+01 8.948E-05 3.101E-13  0.00E+00
1.059E+01 9.314E-05 3.915E-13  0.00E+00
1.000E+01 9.873E-05 4.927E-13  0.00E+00
9.441E+00 1.052E-04 6.202E-13  0.00E+00
8.913E+00 1.129E-04 7.805E-13  0.00E+00
8.414E+00 1.218E-04 9.819E-13  0.00E+00
7.943E+00 1.318E-04 1.235E-12  0.00E+00
7.499E+00 1.427E-04 1.553E-12  0.00E+00
7.079E+00 1.551E-04 1.953E-12  0.00E+00
6.683E+00 1.691E-04 2.455E-12  5.79E-07
6.310E+00 1.820E-04 3.085E-12  6.65E-07
5.957E+00 2.020E-04 3.878E-12  7.19E-07
5.623E+00 2.211E-04 4.873E-12  8.02E-07
5.309E+00 2.424E-04 6.120E-12  8.93E-07
5.012E+00 2.656E-04 7.684E-12  9.96E-07
4.732E+00 2.905E-04 9.649E-12  1.11E-06
4.467E+00 3.179E-04 1.211E-11  1.23E-06
4.217E+00 3.480E-04 1.520E-11  1.37E-06
3.981E+00 3.810E-04 1.908E-11  1.52E-06
3.758E+00 4.170E-04 2.394E-11  1.69E-06
3.548E+00 4.566E-04 3.004E-11  1.87E-06
3.350E+00 5.004E-04 3.769E-11  2.07E-06
3.162E+00 5.469E-04 4.726E-11  2.29E-06
2.985E+00 5.998E-04 5.927E-11  2.53E-06
2.818E+00 6.567E-04 7.432E-11  2.79E-06
2.661E+00 7.186E-04 9.316E-11  3.08E-06
2.512E+00 7.851E-04 1.167E-10  3.42E-06
2.371E+00 8.575E-04 1.463E-10  3.78E-06
2.239E+00 9.370E-04 1.833E-10  4.17E-06
2.113E+00 1.024E-03 2.297E-10  4.60E-06
1.995E+00 1.118E-03 2.878E-10  5.09E-06
1.884E+00 1.222E-03 3.606E-10  5.61E-06
1.778E+00 1.335E-03 4.518E-10  6.18E-06
1.679E+00 1.460E-03 5.659E-10  6.81E-06
1.585E+00 1.594E-03 7.086E-10  7.52E-06
1.496E+00 1.740E-03 8.877E-10  8.29E-06
1.413E+00 1.903E-03 1.112E-09  9.12E-06
1.334E+00 2.084E-03 1.394E-09  1.00E-05
1.259E+00 2.282E-03 1.745E-09  1.10E-05
1.189E+00 2.495E-03 2.186E-09  1.21E-05
1.122E+00 2.733E-03 2.737E-09  1.34E-05
1.059E+00 2.999E-03 3.428E-09  1.47E-05
1.000E+00 3.293E-03 4.291E-09  1.61E-05
9.441E-01 3.614E-03 5.369E-09  1.77E-05
8.913E-01 3.965E-03 6.714E-09  1.96E-05
8.414E-01 4.343E-03 8.392E-09  2.16E-05
7.943E-01 4.753E-03 1.049E-08  2.39E-05
7.499E-01 5.194E-03 1.310E-08  2.65E-05
7.079E-01 5.665E-03 1.636E-08  2.95E-05
6.683E-01 6.169E-03 2.045E-08  3.28E-05
6.310E-01 6.703E-03 2.558E-08  3.67E-05
5.957E-01 7.288E-03 3.204E-08  4.09E-05
5.623E-01 7.938E-03 4.020E-08  4.57E-05
5.309E-01 8.662E-03 5.056E-08  5.09E-05
5.012E-01 9.478E-03 6.378E-08  5.67E-05
4.732E-01 1.043E-02 8.062E-08  6.30E-05
4.467E-01 1.157E-02 1.021E-07  6.96E-05
4.217E-01 1.293E-02 1.295E-07  7.63E-05
3.981E-01 1.441E-02 1.642E-07  8.31E-05
3.758E-01 1.595E-02 2.086E-07  9.02E-05
3.548E-01 1.757E-02 2.669E-07  9.76E-05
3.350E-01 1.952E-02 3.460E-07  1.04E-04
3.162E-01 2.217E-02 4.562E-07  1.05E-04
2.985E-01 2.564E-02 6.091E-07  9.52E-05
2.818E-01 2.999E-02 8.346E-07  6.90E-05
2.661E-01 3.628E-02 1.189E-06  2.94E-05
2.512E-01 4.675E-02 1.799E-06  7.76E-06
2.371E-01 6.807E-02 2.940E-06  1.59E-05
2.239E-01 1.055E-01 4.574E-06  4.44E-05
2.113E-01 1.346E-01 5.240E-06  8.50E-05
1.995E-01 1.123E-01 3.744E-06  1.33E-04
1.884E-01 7.760E-02 2.183E-06  1.89E-04
1.778E-01 5.389E-02 1.349E-06  2.56E-04
1.679E-01 3.958E-02 1.045E-06  3.32E-04
1.585E-01 3.044E-02 1.129E-06  4.10E-04
1.496E-01 2.441E-02 1.582E-06  4.94E-04
1.413E-01 2.126E-02 2.512E-06  5.82E-04
1.334E-01 2.106E-02 4.092E-06  6.85E-04
1.259E-01 2.392E-02 6.769E-06  8.26E-04
1.189E-01 3.111E-02 1.112E-05  9.95E-04
1.122E-01 4.172E-02 1.889E-05  1.11E-03
1.059E-01 7.311E-02 3.362E-05  7.87E-04
1.000E-01 1.173E-01 5.031E-05  7.67E-04
9.441E-02 1.783E-01 7.597E-05  6.78E-04
8.913E-02 2.138E-01 9.022E-05  7.49E-04
8.414E-02 2.457E-01 1.253E-04  6.90E-04
7.943E-02 3.171E-01 1.929E-04  6.79E-04
7.499E-02 4.036E-01 2.688E-04  8.18E-04
7.079E-02 4.311E-01 3.132E-04  1.01E-03
6.683E-02 3.671E-01 2.864E-04  1.25E-03
6.310E-02 2.934E-01 2.350E-04  1.51E-03
5.957E-02 2.533E-01 2.188E-04  1.78E-03
5.623E-02 2.131E-01 2.023E-04  2.07E-03
5.309E-02 1.713E-01 1.761E-04  2.39E-03
5.012E-02 1.424E-01 1.569E-04  2.74E-03
4.732E-02 1.192E-01 1.424E-04  3.13E-03
4.467E-02 9.988E-02 1.272E-04  3.58E-03
4.217E-02 8.324E-02 1.095E-04  4.08E-03
3.981E-02 7.768E-02 9.696E-05  4.65E-03
3.758E-02 7.924E-02 9.451E-05  5.27E-03
3.548E-02 8.185E-02 1.143E-04  5.92E-03
3.350E-02 7.382E-02 1.194E-04  6.68E-03
3.162E-02 6.635E-02 1.219E-04  7.54E-03
2.985E-02 5.941E-02 1.233E-04  8.50E-03
2.818E-02 5.306E-02 1.239E-04  9.59E-03
2.661E-02 4.737E-02 1.243E-04  1.08E-02
2.512E-02 4.220E-02 1.242E-04  1.22E-02
2.371E-02 3.755E-02 1.239E-04  1.37E-02
2.239E-02 3.337E-02 1.235E-04  1.55E-02
2.113E-02 2.965E-02 1.229E-04  1.74E-02
1.995E-02 2.632E-02 1.221E-04  1.96E-02
1.884E-02 2.329E-02 1.210E-04  2.21E-02
1.778E-02 2.061E-02 1.197E-04  2.49E-02
1.679E-02 1.822E-02 1.183E-04  2.80E-02
1.585E-02 1.610E-02 1.167E-04  3.15E-02
1.496E-02 1.421E-02 1.149E-04  3.55E-02
1.413E-02 1.253E-02 1.129E-04  4.00E-02
1.334E-02 1.104E-02 1.107E-04  4.50E-02
1.259E-02 9.720E-03 1.083E-04  5.06E-02
1.189E-02 8.564E-03 1.058E-04  5.69E-02
1.122E-02 7.508E-03 1.027E-04  6.41E-02
1.059E-02 6.586E-03 9.942E-05  7.21E-02
1.000E-02 5.780E-03 9.595E-05  8.12E-02
9.441E-03 5.067E-03 9.219E-05  9.14E-02
8.913E-03 4.436E-03 8.807E-05  1.03E-01
8.414E-03 3.882E-03 8.362E-05  1.16E-01
7.943E-03 3.395E-03 7.881E-05  1.30E-01
7.499E-03 2.964E-03 7.360E-05  1.47E-01
7.079E-03 2.592E-03 6.812E-05  1.65E-01
6.683E-03 2.263E-03 6.220E-05  1.86E-01
6.310E-03 1.973E-03 5.579E-05  2.09E-01
5.957E-03 1.723E-03 4.903E-05  2.35E-01
5.623E-03 1.497E-03 4.133E-05  2.64E-01
5.309E-03 1.302E-03 3.298E-05  2.97E-01
5.012E-03 1.133E-03 2.531E-05  3.33E-01
4.732E-03 9.854E-04 9.944E-06  3.72E-01
4.467E-03 8.558E-04 9.793E-06  4.15E-01
4.217E-03 1.737E-02 5.971E-05  4.60E-01
3.981E-03 1.558E-02 7.575E-05  5.07E-01
3.758E-03 1.389E-02 7.492E-05  5.55E-01
3.548E-03 1.232E-02 7.413E-05  6.02E-01
3.350E-03 1.088E-02 7.171E-05  6.47E-01
3.162E-03 9.576E-03 6.825E-05  6.87E-01
2.985E-03 8.421E-03 6.451E-05  7.20E-01
2.818E-03 7.340E-03 6.059E-05  7.47E-01
2.661E-03 6.370E-03 5.650E-05  7.67E-01
2.512E-03 5.522E-03 5.229E-05  7.82E-01
2.371E-03 4.781E-03 4.820E-05  7.94E-01
2.239E-03 4.132E-03 4.422E-05  8.06E-01
2.113E-03 3.556E-03 4.031E-05  8.21E-01
1.995E-03 3.060E-03 3.655E-05  8.38E-01
1.884E-03 2.628E-03 3.299E-05  8.56E-01
1.778E-03 2.250E-03 2.966E-05  8.72E-01
1.679E-03 1.924E-03 2.663E-05  8.85E-01
1.585E-03 1.644E-03 2.391E-05  8.94E-01
1.496E-03 1.402E-03 2.145E-05  9.01E-01
1.413E-03 1.195E-03 1.920E-05  9.08E-01
1.334E-03 1.017E-03 1.714E-05  9.17E-01
1.259E-03 8.654E-04 1.528E-05  9.27E-01
1.189E-03 7.369E-04 1.365E-05  9.34E-01
1.122E-03 6.230E-04 1.215E-05  9.38E-01
1.059E-03 5.274E-04 1.081E-05  9.43E-01
1.000E-03 4.472E-04 9.616E-06  9.49E-01
