1.000E+03 9.793E-07 2.617E-18  0.00E+00
9.441E+02 1.091E-06 3.294E-18  0.00E+00
8.913E+02 1.214E-06 4.146E-18  0.00E+00
8.414E+02 1.351E-06 5.218E-18  0.00E+00
7.943E+02 1.504E-06 6.568E-18  0.00E+00
7.499E+02 1.673E-06 8.267E-18  0.00E+00
7.079E+02 1.862E-06 1.041E-17  0.00E+00
6.683E+02 2.071E-06 1.310E-17  0.00E+00
6.310E+02 2.304E-06 1.648E-17  0.00E+00
5.957E+02 2.563E-06 2.075E-17  0.00E+00
5.623E+02 2.852E-06 2.612E-17  0.00E+00
5.309E+02 3.174E-06 3.287E-17  0.00E+00
5.012E+02 3.533E-06 4.137E-17  0.00E+00
4.732E+02 3.934E-06 5.208E-17  0.00E+00
4.467E+02 4.381E-06 6.555E-17  0.00E+00
4.217E+02 4.881E-06 8.250E-17  0.00E+00
3.981E+02 5.439E-06 1.038E-16  0.00E+00
3.758E+02 6.064E-06 1.307E-16  0.00E+00
3.548E+02 6.764E-06 1.645E-16  0.00E+00
3.350E+02 7.547E-06 2.071E-16  0.00E+00
3.162E+02 8.425E-06 2.606E-16  0.00E+00
2.985E+02 9.408E-06 3.280E-16  0.00E+00
2.818E+02 1.051E-05 4.129E-16  0.00E+00
2.661E+02 1.175E-05 5.197E-16  0.00E+00
2.512E+02 1.313E-05 6.540E-16  0.00E+00
2.371E+02 1.469E-05 8.232E-16  0.00E+00
2.239E+02 1.643E-05 1.036E-15  0.00E+00
2.113E+02 1.839E-05 1.304E-15  0.00E+00
1.995E+02 2.059E-05 1.641E-15  0.00E+00
1.884E+02 2.305E-05 2.065E-15  0.00E+00
1.778E+02 2.582E-05 2.599E-15  0.00E+00
1.679E+02 2.894E-05 3.270E-15  0.00E+00
1.585E+02 3.244E-05 4.114E-15  0.00E+00
1.496E+02 3.637E-05 5.177E-15  0.00E+00
1.413E+02 4.079E-05 6.513E-15  0.00E+00
1.334E+02 4.576E-05 8.193E-15  0.00E+00
1.259E+02 5.135E-05 1.031E-14  0.00E+00
1.189E+02 5.765E-05 1.296E-14  0.00E+00
1.122E+02 6.473E-05 1.630E-14  0.00E+00
1.059E+02 7.270E-05 2.049E-14  0.00E+00
1.000E+02 8.164E-05 2.575E-14  0.00E+00
9.441E+01 9.165E-05 3.235E-14  0.00E+00
8.913E+01 1.028E-04 4.064E-14  0.00E+00
8.414E+01 1.153E-04 5.102E-14  0.00E+00
7.943E+01 1.292E-04 6.402E-14  0.00E+00
7.499E+01 1.446E-04 8.030E-14  0.00E+00
7.079E+01 1.617E-04 1.006E-13  0.00E+00
6.683E+01 1.805E-04 1.260E-13  0.00E+00
6.310E+01 2.011E-04 1.577E-13  0.00E+00
5.957E+01 2.234E-04 1.972E-13  0.00E+00
5.623E+01 2.473E-04 2.462E-13  0.00E+00
5.309E+01 2.727E-04 3.071E-13  0.00E+00
5.012E+01 2.993E-04 3.824E-13  0.00E+00
4.732E+01 3.265E-04 4.755E-13  0.00E+00
4.467E+01 3.536E-04 5.904E-13  0.00E+00
4.217E+01 3.798E-04 7.319E-13  0.00E+00
3.981E+01 4.038E-04 9.061E-13  0.00E+00
3.758E+01 4.247E-04 1.121E-12  0.00E+00
3.548E+01 4.413E-04 1.385E-12  0.00E+00
3.350E+01 4.528E-04 1.712E-12  0.00E+00
3.162E+01 4.586E-04 2.117E-12  0.00E+00
2.985E+01 4.588E-04 2.621E-12 -2.05E-06
2.818E+01 4.540E-04 3.251E-12 -2.09E-06
2.661E+01 4.450E-04 4.041E-12 -2.06E-06
2.512E+01 4.329E-04 5.033E-12 -1.95E-06
2.371E+01 4.183E-04 6.280E-12 -1.71E-06
2.239E+01 4.023E-04 7.856E-12 -1.56E-06
2.113E+01 3.870E-04 9.845E-12 -1.37E-06
1.995E+01 3.728E-04 1.236E-11 -1.11E-06
1.884E+01 3.600E-04 1.552E-11 -7.56E-07
1.778E+01 3.491E-04 1.953E-11 -4.67E-07
1.679E+01 3.411E-04 2.458E-11 -1.63E-07
1.585E+01 3.362E-04 3.096E-11  1.62E-07
1.496E+01 3.346E-04 3.901E-11  4.78E-07
1.413E+01 3.369E-04 4.917E-11  8.22E-07
1.334E+01 3.433E-04 6.196E-11  1.22E-06
1.259E+01 3.534E-04 7.808E-11  1.71E-06
1.189E+01 3.650E-04 9.851E-11  2.27E-06
1.122E+01 3.884E-04 1.234E-10  2.81E-06
1.059E+01 4.059E-04 1.559E-10  3.40E-06
1.000E+01 4.321E-04 1.962E-10  4.04E-06
9.441E+00 4.625E-04 2.471E-10  4.71E-06
8.913E+00 4.986E-04 3.110E-10  5.44E-06
8.414E+00 5.402E-04 3.914E-10  6.28E-06
7.943E+00 5.871E-04 4.922E-10  7.26E-06
7.499E+00 6.377E-04 6.190E-10  8.38E-06
7.079E+00 6.952E-04 7.784E-10  9.52E-06
6.683E+00 7.593E-04 9.785E-10  1.08E-05
6.310E+00 8.187E-04 1.229E-09  1.25E-05
5.957E+00 9.098E-04 1.546E-09  1.36E-05
5.623E+00 9.970E-04 1.942E-09  1.53E-05
5.309E+00 1.094E-03 2.439E-09  1.71E-05
5.012E+00 1.199E-03 3.061E-09  1.92E-05
4.732E+00 1.311E-03 3.844E-09  2.15E-05
4.467E+00 1.434E-03 4.825E-09  2.40E-05
4.217E+00 1.570E-03 6.055E-09  2.68E-05
3.981E+00 1.718E-03 7.598E-09  2.99E-05
3.758E+00 1.879E-03 9.533E-09  3.32E-05
3.548E+00 2.056E-03 1.196E-08  3.68E-05
3.350E+00 2.252E-03 1.500E-08  4.08E-05
3.162E+00 2.460E-03 1.882E-08  4.52E-05
2.985E+00 2.697E-03 2.360E-08  5.00E-05
2.818E+00 2.951E-03 2.959E-08  5.53E-05
2.661E+00 3.228E-03 3.709E-08  6.12E-05
2.512E+00 3.525E-03 4.647E-08  6.79E-05
2.371E+00 3.849E-03 5.823E-08  7.51E-05
2.239E+00 4.204E-03 7.298E-08  8.30E-05
2.113E+00 4.594E-03 9.145E-08  9.16E-05
1.995E+00 5.015E-03 1.146E-07  1.01E-04
1.884E+00 5.477E-03 1.436E-07  1.12E-04
1.778E+00 5.986E-03 1.799E-07  1.23E-04
1.679E+00 6.544E-03 2.253E-07  1.36E-04
1.585E+00 7.144E-03 2.821E-07  1.50E-04
1.496E+00 7.796E-03 3.535E-07  1.65E-04
1.413E+00 8.526E-03 4.430E-07  1.82E-04
1.334E+00 9.338E-03 5.549E-07  2.00E-04
1.259E+00 1.022E-02 6.948E-07  2.20E-04
1.189E+00 1.118E-02 8.705E-07  2.42E-04
1.122E+00 1.225E-02 1.090E-06  2.66E-04
1.059E+00 1.344E-02 1.365E-06  2.92E-04
1.000E+00 1.476E-02 1.709E-06  3.21E-04
9.441E-01 1.621E-02 2.139E-06  3.54E-04
8.913E-01 1.778E-02 2.675E-06  3.90E-04
8.414E-01 1.949E-02 3.344E-06  4.31E-04
7.943E-01 2.133E-02 4.179E-06  4.77E-04
7.499E-01 2.331E-02 5.222E-06  5.29E-04
7.079E-01 2.544E-02 6.525E-06  5.87E-04
6.683E-01 2.771E-02 8.155E-06  6.54E-04
6.310E-01 3.013E-02 1.020E-05  7.30E-04
5.957E-01 3.277E-02 1.278E-05  8.15E-04
5.623E-01 3.572E-02 1.604E-05  9.09E-04
5.309E-01 3.900E-02 2.019E-05  1.01E-03
5.012E-01 4.271E-02 2.547E-05  1.13E-03
4.732E-01 4.702E-02 3.221E-05  1.25E-03
4.467E-01 5.221E-02 4.080E-05  1.38E-03
4.217E-01 5.842E-02 5.176E-05  1.52E-03
3.981E-01 6.520E-02 6.570E-05  1.65E-03
3.758E-01 7.226E-02 8.349E-05  1.79E-03
3.548E-01 7.973E-02 1.069E-04  1.94E-03
3.350E-01 8.876E-02 1.387E-04  2.05E-03
3.162E-01 1.010E-01 1.831E-04  2.06E-03
2.985E-01 1.170E-01 2.448E-04  1.87E-03
2.818E-01 1.371E-01 3.361E-04  1.34E-03
2.661E-01 1.660E-01 4.804E-04  5.65E-04
2.512E-01 2.141E-01 7.296E-04  1.55E-04
2.371E-01 3.126E-01 1.197E-03  3.29E-04
2.239E-01 4.835E-01 1.858E-03  9.00E-04
2.113E-01 6.066E-01 2.089E-03  1.71E-03
1.995E-01 4.985E-01 1.468E-03  2.69E-03
1.884E-01 3.434E-01 8.539E-04  3.80E-03
1.778E-01 2.396E-01 5.310E-04  5.14E-03
1.679E-01 1.771E-01 4.148E-04  6.65E-03
1.585E-01 1.372E-01 4.507E-04  8.19E-03
1.496E-01 1.109E-01 6.347E-04  9.83E-03
1.413E-01 9.772E-02 1.012E-03  1.16E-02
1.334E-01 9.813E-02 1.656E-03  1.36E-02
1.259E-01 1.134E-01 2.759E-03  1.64E-02
1.189E-01 1.511E-01 4.575E-03  1.98E-02
1.122E-01 2.106E-01 7.880E-03  2.16E-02
1.059E-01 3.699E-01 1.419E-02  1.51E-02
1.000E-01 5.874E-01 2.116E-02  1.49E-02
9.441E-02 8.689E-01 3.137E-02  1.34E-02
8.913E-02 1.010E+00 3.631E-02  1.50E-02
8.414E-02 1.166E+00 5.093E-02  1.40E-02
7.943E-02 1.467E+00 7.597E-02  1.44E-02
7.499E-02 1.707E+00 9.553E-02  1.78E-02
7.079E-02 1.654E+00 9.994E-02  2.25E-02
6.683E-02 1.326E+00 8.484E-02  2.81E-02
6.310E-02 1.051E+00 6.788E-02  3.39E-02
5.957E-02 9.059E-01 6.197E-02  3.98E-02
5.623E-02 7.609E-01 5.672E-02  4.60E-02
5.309E-02 6.157E-01 4.906E-02  5.29E-02
5.012E-02 5.172E-01 4.348E-02  6.04E-02
4.732E-02 4.366E-01 3.915E-02  6.88E-02
4.467E-02 3.694E-01 3.471E-02  7.82E-02
4.217E-02 3.117E-01 2.966E-02  8.89E-02
3.981E-02 2.937E-01 2.585E-02  1.01E-01
3.758E-02 3.009E-01 2.455E-02  1.15E-01
3.548E-02 3.071E-01 2.843E-02  1.30E-01
3.350E-02 2.771E-01 2.870E-02  1.46E-01
3.162E-02 2.498E-01 2.830E-02  1.65E-01
2.985E-02 2.248E-01 2.759E-02  1.86E-01
2.818E-02 2.021E-01 2.666E-02  2.09E-01
2.661E-02 1.817E-01 2.563E-02  2.35E-01
2.512E-02 1.632E-01 2.447E-02  2.64E-01
2.371E-02 1.464E-01 2.322E-02  2.95E-01
2.239E-02 1.313E-01 2.193E-02  3.30E-01
2.113E-02 1.178E-01 2.058E-02  3.68E-01
1.995E-02 1.055E-01 1.921E-02  4.08E-01
1.884E-02 9.421E-02 1.780E-02  4.52E-01
1.778E-02 8.413E-02 1.641E-02  4.97E-01
1.679E-02 7.500E-02 1.505E-02  5.44E-01
1.585E-02 6.677E-02 1.375E-02  5.91E-01
1.496E-02 5.932E-02 1.251E-02  6.36E-01
1.413E-02 5.262E-02 1.136E-02  6.78E-01
1.334E-02 4.663E-02 1.030E-02  7.14E-01
1.259E-02 4.127E-02 9.335E-03  7.44E-01
1.189E-02 3.652E-02 8.477E-03  7.67E-01
1.122E-02 3.216E-02 7.671E-03  7.83E-01
1.059E-02 2.833E-02 6.934E-03  7.96E-01
1.000E-02 2.496E-02 6.254E-03  8.08E-01
9.441E-03 2.197E-02 5.614E-03  8.21E-01
8.913E-03 1.930E-02 5.004E-03  8.37E-01
8.414E-03 1.695E-02 4.430E-03  8.55E-01
7.943E-03 1.487E-02 3.896E-03  8.71E-01
7.499E-03 1.301E-02 3.406E-03  8.85E-01
7.079E-03 1.140E-02 2.963E-03  8.94E-01
6.683E-03 9.975E-03 2.554E-03  9.01E-01
6.310E-03 8.714E-03 2.168E-03  9.08E-01
5.957E-03 7.623E-03 1.808E-03  9.17E-01
5.623E-03 6.634E-03 1.451E-03  9.27E-01
5.309E-03 5.777E-03 1.108E-03  9.34E-01
5.012E-03 5.033E-03 8.187E-04  9.38E-01
4.732E-03 4.385E-03 3.111E-04  9.43E-01
4.467E-03 3.822E-03 2.978E-04  9.49E-01
4.217E-03 7.482E-02 1.703E-03  9.55E-01
3.981E-03 6.725E-02 2.121E-03  9.58E-01
3.758E-03 6.015E-02 2.067E-03  9.62E-01
3.548E-03 5.354E-02 2.018E-03  9.66E-01
3.350E-03 4.743E-02 1.928E-03  9.69E-01
3.162E-03 4.186E-02 1.810E-03  9.71E-01
2.985E-03 3.691E-02 1.685E-03  9.74E-01
2.818E-03 3.225E-02 1.556E-03  9.76E-01
2.661E-03 2.805E-02 1.423E-03  9.79E-01
2.512E-03 2.436E-02 1.290E-03  9.81E-01
2.371E-03 2.113E-02 1.165E-03  9.82E-01
2.239E-03 1.829E-02 1.049E-03  9.84E-01
2.113E-03 1.576E-02 9.407E-04  9.86E-01
1.995E-03 1.358E-02 8.422E-04  9.87E-01
1.884E-03 1.167E-02 7.525E-04  9.88E-01
1.778E-03 1.000E-02 6.703E-04  9.89E-01
1.679E-03 8.560E-03 5.960E-04  9.90E-01
1.585E-03 7.317E-03 5.296E-04  9.91E-01
1.496E-03 6.246E-03 4.702E-04  9.92E-01
1.413E-03 5.323E-03 4.171E-04  9.93E-01
1.334E-03 4.531E-03 3.699E-04  9.93E-01
1.259E-03 3.858E-03 3.278E-04  9.94E-01
1.189E-03 3.287E-03 2.909E-04  9.95E-01
1.122E-03 2.779E-03 2.574E-04  9.95E-01
1.059E-03 2.353E-03 2.277E-04  9.96E-01
1.000E-03 1.996E-03 2.016E-04  9.96E-01
