1.000E+03 1.927E-05 1.044E-12  0.00E+00
9.441E+02 2.160E-05 1.314E-12  0.00E+00
8.913E+02 2.422E-05 1.655E-12  0.00E+00
8.414E+02 2.715E-05 2.083E-12  0.00E+00
7.943E+02 3.043E-05 2.622E-12  0.00E+00
7.499E+02 3.411E-05 3.302E-12 -1.65E-04
7.079E+02 3.824E-05 4.156E-12 -1.78E-04
6.683E+02 4.286E-05 5.233E-12 -1.91E-04
6.310E+02 4.804E-05 6.588E-12 -2.05E-04
5.957E+02 5.385E-05 8.293E-12 -2.20E-04
5.623E+02 6.035E-05 1.044E-11 -2.34E-04
5.309E+02 6.765E-05 1.314E-11 -2.48E-04
5.012E+02 7.583E-05 1.655E-11 -2.62E-04
4.732E+02 8.500E-05 2.083E-11 -2.76E-04
4.467E+02 9.529E-05 2.623E-11 -2.88E-04
4.217E+02 1.068E-04 3.302E-11 -3.01E-04
3.981E+02 1.198E-04 4.157E-11 -3.12E-04
3.758E+02 1.343E-04 5.234E-11 -3.22E-04
3.548E+02 1.507E-04 6.589E-11 -3.30E-04
3.350E+02 1.690E-04 8.296E-11 -3.37E-04
3.162E+02 1.897E-04 1.044E-10 -3.42E-04
2.985E+02 2.129E-04 1.315E-10 -3.45E-04
2.818E+02 2.391E-04 1.656E-10 -3.45E-04
2.661E+02 2.685E-04 2.084E-10 -3.43E-04
2.512E+02 3.018E-04 2.624E-10 -3.37E-04
2.371E+02 3.394E-04 3.305E-10 -3.29E-04
2.239E+02 3.820E-04 4.161E-10 -3.16E-04
2.113E+02 4.304E-04 5.239E-10 -2.99E-04
1.995E+02 4.858E-04 6.598E-10 -2.77E-04
1.884E+02 5.496E-04 8.308E-10 -2.50E-04
1.778E+02 6.241E-04 1.046E-09 -2.15E-04
1.679E+02 7.125E-04 1.318E-09 -1.73E-04
1.585E+02 8.191E-04 1.658E-09 -1.22E-04
1.496E+02 9.454E-04 2.084E-09 -5.98E-05
1.413E+02 1.076E-03 2.613E-09  1.62E-05
1.334E+02 1.184E-03 3.275E-09  1.08E-04
1.259E+02 1.289E-03 4.114E-09  2.16E-04
1.189E+02 1.416E-03 5.177E-09  3.42E-04
1.122E+02 1.572E-03 6.517E-09  4.83E-04
1.059E+02 1.760E-03 8.203E-09  6.30E-04
1.000E+02 1.977E-03 1.032E-08  7.69E-04
9.441E+01 2.227E-03 1.298E-08  8.90E-04
8.913E+01 2.509E-03 1.633E-08  1.01E-03
8.414E+01 2.830E-03 2.052E-08  1.12E-03
7.943E+01 3.193E-03 2.579E-08  1.19E-03
7.499E+01 3.603E-03 3.239E-08  1.20E-03
7.079E+01 4.064E-03 4.066E-08  1.18E-03
6.683E+01 4.578E-03 5.100E-08  1.10E-03
6.310E+01 5.150E-03 6.391E-08  9.63E-04
5.957E+01 5.782E-03 8.002E-08  7.62E-04
5.623E+01 6.472E-03 1.001E-07  4.95E-04
5.309E+01 7.217E-03 1.250E-07  1.74E-04
5.012E+01 8.008E-03 1.558E-07 -1.97E-04
4.732E+01 8.830E-03 1.939E-07 -5.65E-04
4.467E+01 9.664E-03 2.408E-07 -8.79E-04
4.217E+01 1.048E-02 2.984E-07 -1.10E-03
3.981E+01 1.126E-02 3.690E-07 -1.29E-03
3.758E+01 1.194E-02 4.555E-07 -1.46E-03
3.548E+01 1.248E-02 5.616E-07 -1.62E-03
3.350E+01 1.286E-02 6.919E-07 -1.76E-03
3.162E+01 1.305E-02 8.527E-07 -1.86E-03
2.985E+01 1.304E-02 1.052E-06 -1.91E-03
2.818E+01 1.287E-02 1.301E-06 -1.94E-03
2.661E+01 1.256E-02 1.613E-06 -1.91E-03
2.512E+01 1.216E-02 2.006E-06 -1.84E-03
2.371E+01 1.170E-02 2.501E-06 -1.68E-03
2.239E+01 1.123E-02 3.126E-06 -1.57E-03
2.113E+01 1.079E-02 3.918E-06 -1.44E-03
1.995E+01 1.041E-02 4.919E-06 -1.26E-03
1.884E+01 1.011E-02 6.182E-06 -1.03E-03
1.778E+01 9.884E-03 7.780E-06 -8.40E-04
1.679E+01 9.763E-03 9.799E-06 -6.44E-04
1.585E+01 9.750E-03 1.235E-05 -4.37E-04
1.496E+01 9.849E-03 1.557E-05 -2.40E-04
1.413E+01 1.007E-02 1.963E-05 -2.77E-05
1.334E+01 1.043E-02 2.476E-05  2.15E-04
1.259E+01 1.091E-02 3.122E-05  5.07E-04
1.189E+01 1.147E-02 3.941E-05  8.40E-04
1.122E+01 1.235E-02 4.939E-05  1.15E-03
1.059E+01 1.314E-02 6.243E-05  1.48E-03
1.000E+01 1.419E-02 7.865E-05  1.83E-03
9.441E+00 1.539E-02 9.913E-05  2.20E-03
8.913E+00 1.680E-02 1.249E-04  2.59E-03
8.414E+00 1.841E-02 1.573E-04  3.04E-03
7.943E+00 2.022E-02 1.981E-04  3.57E-03
7.499E+00 2.224E-02 2.494E-04  4.15E-03
7.079E+00 2.454E-02 3.141E-04  4.74E-03
6.683E+00 2.712E-02 3.955E-04  5.38E-03
6.310E+00 2.983E-02 4.979E-04  6.26E-03
5.957E+00 3.330E-02 6.272E-04  6.77E-03
5.623E+00 3.695E-02 7.898E-04  7.58E-03
5.309E+00 4.105E-02 9.945E-04  8.47E-03
5.012E+00 4.562E-02 1.252E-03  9.48E-03
4.732E+00 5.071E-02 1.577E-03  1.05E-02
4.467E+00 5.643E-02 1.987E-03  1.17E-02
4.217E+00 6.285E-02 2.504E-03  1.29E-02
3.981E+00 7.007E-02 3.156E-03  1.42E-02
3.758E+00 7.821E-02 3.980E-03  1.56E-02
3.548E+00 8.741E-02 5.022E-03  1.71E-02
3.350E+00 9.781E-02 6.339E-03  1.86E-02
3.162E+00 1.094E-01 8.006E-03  2.03E-02
2.985E+00 1.228E-01 1.012E-02  2.20E-02
2.818E+00 1.378E-01 1.280E-02  2.38E-02
2.661E+00 1.549E-01 1.619E-02  2.58E-02
2.512E+00 1.742E-01 2.050E-02  2.79E-02
2.371E+00 1.961E-01 2.599E-02  3.00E-02
2.239E+00 2.212E-01 3.299E-02  3.20E-02
2.113E+00 2.498E-01 4.193E-02  3.40E-02
1.995E+00 2.822E-01 5.333E-02  3.61E-02
1.884E+00 3.191E-01 6.790E-02  3.81E-02
1.778E+00 3.610E-01 8.656E-02  3.99E-02
1.679E+00 4.083E-01 1.104E-01  4.18E-02
1.585E+00 4.615E-01 1.408E-01  4.38E-02
1.496E+00 5.209E-01 1.797E-01  4.56E-02
1.413E+00 5.866E-01 2.291E-01  4.73E-02
1.334E+00 6.583E-01 2.912E-01  4.97E-02
1.259E+00 7.351E-01 3.684E-01  5.31E-02
1.189E+00 8.159E-01 4.634E-01  5.73E-02
1.122E+00 8.982E-01 5.771E-01  6.33E-02
1.059E+00 9.792E-01 7.089E-01  7.18E-02
1.000E+00 1.055E+00 8.557E-01  8.36E-02
9.441E-01 1.121E+00 1.012E+00  9.95E-02
8.913E-01 1.176E+00 1.170E+00  1.21E-01
8.414E-01 1.218E+00 1.323E+00  1.48E-01
7.943E-01 1.254E+00 1.468E+00  1.85E-01
7.499E-01 1.294E+00 1.610E+00  2.31E-01
7.079E-01 1.353E+00 1.762E+00  2.86E-01
6.683E-01 1.427E+00 1.924E+00  3.34E-01
6.310E-01 1.463E+00 2.032E+00  3.55E-01
5.957E-01 1.441E+00 2.025E+00  3.59E-01
5.623E-01 1.416E+00 1.941E+00  3.73E-01
5.309E-01 1.431E+00 1.838E+00  4.06E-01
5.012E-01 1.490E+00 1.742E+00  4.53E-01
4.732E-01 1.553E+00 1.671E+00  5.04E-01
4.467E-01 1.571E+00 1.629E+00  5.40E-01
4.217E-01 1.550E+00 1.604E+00  5.60E-01
3.981E-01 1.510E+00 1.585E+00  5.73E-01
3.758E-01 1.467E+00 1.567E+00  5.84E-01
3.548E-01 1.429E+00 1.549E+00  5.95E-01
3.350E-01 1.396E+00 1.544E+00  6.10E-01
3.162E-01 1.364E+00 1.561E+00  6.24E-01
2.985E-01 1.328E+00 1.595E+00  6.34E-01
2.818E-01 1.277E+00 1.648E+00  6.38E-01
2.661E-01 1.229E+00 1.709E+00  6.38E-01
2.512E-01 1.217E+00 1.766E+00  6.47E-01
2.371E-01 1.242E+00 1.806E+00  6.68E-01
2.239E-01 1.257E+00 1.765E+00  6.92E-01
2.113E-01 1.246E+00 1.658E+00  7.19E-01
1.995E-01 1.221E+00 1.531E+00  7.47E-01
1.884E-01 1.210E+00 1.340E+00  7.78E-01
1.778E-01 1.229E+00 1.132E+00  8.17E-01
1.679E-01 1.249E+00 9.795E-01  8.49E-01
1.585E-01 1.273E+00 9.589E-01  8.69E-01
1.496E-01 1.291E+00 1.163E+00  8.86E-01
1.413E-01 1.316E+00 1.310E+00  8.76E-01
1.334E-01 1.319E+00 1.214E+00  8.57E-01
1.259E-01 1.276E+00 1.254E+00  8.55E-01
1.189E-01 1.211E+00 1.303E+00  8.34E-01
1.122E-01 1.135E+00 1.366E+00  8.03E-01
1.059E-01 1.074E+00 1.457E+00  7.77E-01
1.000E-01 1.046E+00 1.495E+00  7.71E-01
9.441E-02 1.015E+00 1.528E+00  7.68E-01
8.913E-02 1.004E+00 1.503E+00  7.79E-01
8.414E-02 9.703E-01 1.530E+00  7.73E-01
7.943E-02 9.329E-01 1.554E+00  7.68E-01
7.499E-02 8.829E-01 1.563E+00  7.66E-01
7.079E-02 8.259E-01 1.564E+00  7.65E-01
6.683E-02 7.865E-01 1.534E+00  7.74E-01
6.310E-02 7.941E-01 1.470E+00  7.96E-01
5.957E-02 7.933E-01 1.440E+00  8.07E-01
5.623E-02 7.713E-01 1.432E+00  8.15E-01
5.309E-02 7.635E-01 1.405E+00  8.30E-01
5.012E-02 7.659E-01 1.374E+00  8.48E-01
4.732E-02 7.660E-01 1.348E+00  8.65E-01
4.467E-02 7.699E-01 1.320E+00  8.83E-01
4.217E-02 7.786E-01 1.285E+00  9.03E-01
3.981E-02 8.118E-01 1.227E+00  9.24E-01
3.758E-02 8.474E-01 1.177E+00  9.39E-01
3.548E-02 8.477E-01 1.179E+00  9.40E-01
3.350E-02 8.400E-01 1.176E+00  9.44E-01
3.162E-02 8.358E-01 1.169E+00  9.49E-01
2.985E-02 8.326E-01 1.159E+00  9.54E-01
2.818E-02 8.300E-01 1.149E+00  9.59E-01
2.661E-02 8.274E-01 1.138E+00  9.63E-01
2.512E-02 8.244E-01 1.129E+00  9.68E-01
2.371E-02 8.205E-01 1.124E+00  9.72E-01
2.239E-02 8.152E-01 1.128E+00  9.75E-01
2.113E-02 8.080E-01 1.144E+00  9.79E-01
1.995E-02 7.985E-01 1.175E+00  9.82E-01
1.884E-02 7.856E-01 1.226E+00  9.85E-01
1.778E-02 7.695E-01 1.296E+00  9.88E-01
1.679E-02 7.498E-01 1.383E+00  9.90E-01
1.585E-02 7.263E-01 1.484E+00  9.92E-01
1.496E-02 6.991E-01 1.591E+00  9.94E-01
1.413E-02 6.686E-01 1.698E+00  9.95E-01
1.334E-02 6.354E-01 1.796E+00  9.96E-01
1.259E-02 5.998E-01 1.879E+00  9.97E-01
1.189E-02 5.630E-01 1.941E+00  9.98E-01
1.122E-02 5.239E-01 1.979E+00  9.98E-01
1.059E-02 4.848E-01 1.989E+00  9.98E-01
1.000E-02 4.465E-01 1.972E+00  9.99E-01
9.441E-03 4.087E-01 1.928E+00  9.99E-01
8.913E-03 3.721E-01 1.860E+00  9.99E-01
8.414E-03 3.372E-01 1.771E+00  9.99E-01
7.943E-03 3.043E-01 1.664E+00  9.99E-01
7.499E-03 2.731E-01 1.542E+00  9.99E-01
7.079E-03 2.447E-01 1.410E+00  9.99E-01
6.683E-03 2.183E-01 1.270E+00  1.00E+00
6.310E-03 1.941E-01 1.122E+00  1.00E+00
5.957E-03 1.724E-01 9.702E-01  1.00E+00
5.623E-03 1.521E-01 8.071E-01  1.00E+00
5.309E-03 1.340E-01 6.366E-01  1.00E+00
5.012E-03 1.180E-01 4.826E-01  1.00E+00
4.732E-03 1.037E-01 1.911E-01  1.00E+00
4.467E-03 9.126E-02 1.837E-01  1.00E+00
4.217E-03 8.157E-01 4.155E-01  1.00E+00
3.981E-03 7.840E-01 5.372E-01  1.00E+00
3.758E-03 7.503E-01 5.610E-01  1.00E+00
3.548E-03 7.131E-01 5.863E-01  1.00E+00
3.350E-03 6.728E-01 5.998E-01  1.00E+00
3.162E-03 6.303E-01 6.025E-01  1.00E+00
2.985E-03 5.869E-01 5.976E-01  1.00E+00
2.818E-03 5.406E-01 5.870E-01  1.00E+00
2.661E-03 4.937E-01 5.693E-01  1.00E+00
2.512E-03 4.480E-01 5.445E-01  1.00E+00
2.371E-03 4.041E-01 5.161E-01  1.00E+00
2.239E-03 3.622E-01 4.853E-01  1.00E+00
2.113E-03 3.222E-01 4.529E-01  1.00E+00
1.995E-03 2.853E-01 4.198E-01  1.00E+00
1.884E-03 2.513E-01 3.869E-01  1.00E+00
1.778E-03 2.200E-01 3.543E-01  1.00E+00
1.679E-03 1.919E-01 3.227E-01  1.00E+00
1.585E-03 1.667E-01 2.928E-01  1.00E+00
1.496E-03 1.443E-01 2.648E-01  1.00E+00
1.413E-03 1.245E-01 2.387E-01  1.00E+00
1.334E-03 1.071E-01 2.146E-01  1.00E+00
1.259E-03 9.201E-02 1.924E-01  1.00E+00
1.189E-03 7.898E-02 1.725E-01  1.00E+00
1.122E-03 6.724E-02 1.540E-01  1.00E+00
1.059E-03 5.726E-02 1.373E-01  1.00E+00
1.000E-03 4.880E-02 1.224E-01  1.00E+00
