1.000E+03 2.403E-07 4.131E-21  0.00E+00
9.441E+02 2.674E-07 5.200E-21  0.00E+00
8.913E+02 2.978E-07 6.546E-21  0.00E+00
8.414E+02 3.319E-07 8.240E-21  0.00E+00
7.943E+02 3.701E-07 1.037E-20  0.00E+00
7.499E+02 4.128E-07 1.306E-20  0.00E+00
7.079E+02 4.608E-07 1.644E-20  0.00E+00
6.683E+02 5.146E-07 2.069E-20  0.00E+00
6.310E+02 5.748E-07 2.604E-20  0.00E+00
5.957E+02 6.424E-07 3.278E-20  0.00E+00
5.623E+02 7.180E-07 4.126E-20  0.00E+00
5.309E+02 8.029E-07 5.193E-20  0.00E+00
5.012E+02 8.979E-07 6.536E-20  0.00E+00
4.732E+02 1.004E-06 8.226E-20  0.00E+00
4.467E+02 1.124E-06 1.035E-19  0.00E+00
4.217E+02 1.257E-06 1.303E-19  0.00E+00
3.981E+02 1.407E-06 1.640E-19  0.00E+00
3.758E+02 1.574E-06 2.064E-19  0.00E+00
3.548E+02 1.762E-06 2.597E-19  0.00E+00
3.350E+02 1.971E-06 3.268E-19  0.00E+00
3.162E+02 2.206E-06 4.111E-19  0.00E+00
2.985E+02 2.468E-06 5.173E-19  0.00E+00
2.818E+02 2.761E-06 6.508E-19  0.00E+00
2.661E+02 3.088E-06 8.187E-19  0.00E+00
2.512E+02 3.454E-06 1.030E-18  0.00E+00
2.371E+02 3.862E-06 1.295E-18  0.00E+00
2.239E+02 4.317E-06 1.629E-18  0.00E+00
2.113E+02 4.823E-06 2.048E-18  0.00E+00
1.995E+02 5.387E-06 2.575E-18  0.00E+00
1.884E+02 6.015E-06 3.237E-18  0.00E+00
1.778E+02 6.713E-06 4.069E-18  0.00E+00
1.679E+02 7.487E-06 5.113E-18  0.00E+00
1.585E+02 8.345E-06 6.425E-18  0.00E+00
1.496E+02 9.296E-06 8.070E-18  0.00E+00
1.413E+02 1.035E-05 1.013E-17  0.00E+00
1.334E+02 1.151E-05 1.272E-17  0.00E+00
1.259E+02 1.278E-05 1.597E-17  0.00E+00
1.189E+02 1.419E-05 2.004E-17  0.00E+00
1.122E+02 1.573E-05 2.513E-17  0.00E+00
1.059E+02 1.741E-05 3.151E-17  0.00E+00
1.000E+02 1.925E-05 3.948E-17  0.00E+00
9.441E+01 2.123E-05 4.945E-17  0.00E+00
8.913E+01 2.337E-05 6.190E-17  0.00E+00
8.414E+01 2.566E-05 7.745E-17  0.00E+00
7.943E+01 2.810E-05 9.685E-17  0.00E+00
7.499E+01 3.069E-05 1.210E-16  0.00E+00
7.079E+01 3.341E-05 1.512E-16  0.00E+00
6.683E+01 3.625E-05 1.887E-16  0.00E+00
6.310E+01 3.918E-05 2.354E-16  0.00E+00
5.957E+01 4.217E-05 2.936E-16  0.00E+00
5.623E+01 4.520E-05 3.659E-16  0.00E+00
5.309E+01 4.822E-05 4.558E-16  0.00E+00
5.012E+01 5.118E-05 5.676E-16  0.00E+00
4.732E+01 5.407E-05 7.066E-16  0.00E+00
4.467E+01 5.680E-05 8.796E-16  0.00E+00
4.217E+01 5.933E-05 1.095E-15  0.00E+00
3.981E+01 6.161E-05 1.363E-15  0.00E+00
3.758E+01 6.358E-05 1.697E-15  0.00E+00
3.548E+01 6.524E-05 2.114E-15  0.00E+00
3.350E+01 6.655E-05 2.634E-15  0.00E+00
3.162E+01 6.749E-05 3.286E-15  0.00E+00
2.985E+01 6.812E-05 4.102E-15  0.00E+00
2.818E+01 6.850E-05 5.125E-15  0.00E+00
2.661E+01 6.867E-05 6.409E-15  0.00E+00
2.512E+01 6.866E-05 8.020E-15  0.00E+00
2.371E+01 6.841E-05 1.004E-14  0.00E+00
2.239E+01 6.799E-05 1.259E-14  0.00E+00
2.113E+01 6.764E-05 1.579E-14  0.00E+00
1.995E+01 6.734E-05 1.982E-14  0.00E+00
1.884E+01 6.700E-05 2.488E-14  0.00E+00
1.778E+01 6.676E-05 3.126E-14  0.00E+00
1.679E+01 6.677E-05 3.931E-14  0.00E+00
1.585E+01 6.708E-05 4.944E-14  0.00E+00
1.496E+01 6.775E-05 6.221E-14  0.00E+00
1.413E+01 6.893E-05 7.830E-14  0.00E+00
1.334E+01 7.070E-05 9.855E-14  0.00E+00
1.259E+01 7.296E-05 1.241E-13  0.00E+00
1.189E+01 7.534E-05 1.564E-13  0.00E+00
1.122E+01 8.007E-05 1.957E-13  0.00E+00
1.059E+01 8.336E-05 2.471E-13  0.00E+00
1.000E+01 8.836E-05 3.109E-13  0.00E+00
9.441E+00 9.411E-05 3.914E-13  0.00E+00
8.913E+00 1.010E-04 4.925E-13  0.00E+00
8.414E+00 1.089E-04 6.196E-13  0.00E+00
7.943E+00 1.178E-04 7.792E-13  0.00E+00
7.499E+00 1.274E-04 9.797E-13  0.00E+00
7.079E+00 1.385E-04 1.232E-12  0.00E+00
6.683E+00 1.509E-04 1.549E-12  0.00E+00
6.310E+00 1.624E-04 1.946E-12  0.00E+00
5.957E+00 1.801E-04 2.447E-12  5.74E-07
5.623E+00 1.971E-04 3.074E-12  6.40E-07
5.309E+00 2.161E-04 3.861E-12  7.12E-07
5.012E+00 2.367E-04 4.848E-12  7.94E-07
4.732E+00 2.588E-04 6.087E-12  8.85E-07
4.467E+00 2.832E-04 7.643E-12  9.84E-07
4.217E+00 3.100E-04 9.592E-12  1.09E-06
3.981E+00 3.393E-04 1.204E-11  1.21E-06
3.758E+00 3.714E-04 1.510E-11  1.35E-06
3.548E+00 4.067E-04 1.895E-11  1.49E-06
3.350E+00 4.456E-04 2.378E-11  1.64E-06
3.162E+00 4.871E-04 2.982E-11  1.82E-06
2.985E+00 5.342E-04 3.740E-11  2.01E-06
2.818E+00 5.849E-04 4.689E-11  2.22E-06
2.661E+00 6.400E-04 5.878E-11  2.45E-06
2.512E+00 6.993E-04 7.365E-11  2.72E-06
2.371E+00 7.639E-04 9.229E-11  3.01E-06
2.239E+00 8.347E-04 1.157E-10  3.32E-06
2.113E+00 9.125E-04 1.449E-10  3.66E-06
1.995E+00 9.963E-04 1.816E-10  4.04E-06
1.884E+00 1.088E-03 2.275E-10  4.46E-06
1.778E+00 1.190E-03 2.851E-10  4.91E-06
1.679E+00 1.301E-03 3.571E-10  5.41E-06
1.585E+00 1.420E-03 4.471E-10  5.97E-06
1.496E+00 1.550E-03 5.601E-10  6.59E-06
1.413E+00 1.695E-03 7.019E-10  7.25E-06
1.334E+00 1.857E-03 8.793E-10  7.96E-06
1.259E+00 2.033E-03 1.101E-09  8.76E-06
1.189E+00 2.224E-03 1.379E-09  9.65E-06
1.122E+00 2.435E-03 1.727E-09  1.06E-05
1.059E+00 2.672E-03 2.163E-09  1.17E-05
1.000E+00 2.934E-03 2.707E-09  1.28E-05
9.441E-01 3.221E-03 3.387E-09  1.41E-05
8.913E-01 3.533E-03 4.236E-09  1.55E-05
8.414E-01 3.871E-03 5.295E-09  1.72E-05
7.943E-01 4.236E-03 6.616E-09  1.90E-05
7.499E-01 4.628E-03 8.265E-09  2.11E-05
7.079E-01 5.049E-03 1.032E-08  2.34E-05
6.683E-01 5.498E-03 1.290E-08  2.61E-05
6.310E-01 5.974E-03 1.614E-08  2.91E-05
5.957E-01 6.495E-03 2.022E-08  3.25E-05
5.623E-01 7.074E-03 2.536E-08  3.63E-05
5.309E-01 7.719E-03 3.190E-08  4.04E-05
5.012E-01 8.446E-03 4.024E-08  4.50E-05
4.732E-01 9.291E-03 5.087E-08  5.00E-05
4.467E-01 1.031E-02 6.442E-08  5.53E-05
4.217E-01 1.152E-02 8.168E-08  6.06E-05
3.981E-01 1.284E-02 1.036E-07  6.61E-05
3.758E-01 1.421E-02 1.316E-07  7.17E-05
3.548E-01 1.566E-02 1.684E-07  7.76E-05
3.350E-01 1.740E-02 2.183E-07  8.25E-05
3.162E-01 1.975E-02 2.878E-07  8.31E-05
2.985E-01 2.285E-02 3.843E-07  7.57E-05
2.818E-01 2.672E-02 5.265E-07  5.48E-05
2.661E-01 3.232E-02 7.503E-07  2.34E-05
2.512E-01 4.165E-02 1.135E-06  6.17E-06
2.371E-01 6.065E-02 1.855E-06  1.26E-05
2.239E-01 9.397E-02 2.885E-06  3.53E-05
2.113E-01 1.200E-01 3.306E-06  6.75E-05
1.995E-01 1.001E-01 2.362E-06  1.06E-04
1.884E-01 6.916E-02 1.377E-06  1.50E-04
1.778E-01 4.803E-02 8.512E-07  2.04E-04
1.679E-01 3.527E-02 6.596E-07  2.64E-04
1.585E-01 2.713E-02 7.123E-07  3.26E-04
1.496E-01 2.175E-02 9.981E-07  3.92E-04
1.413E-01 1.894E-02 1.585E-06  4.62E-04
1.334E-01 1.876E-02 2.581E-06  5.44E-04
1.259E-01 2.131E-02 4.270E-06  6.56E-04
1.189E-01 2.770E-02 7.014E-06  7.90E-04
1.122E-01 3.714E-02 1.191E-05  8.85E-04
1.059E-01 6.506E-02 2.119E-05  6.26E-04
1.000E-01 1.044E-01 3.172E-05  6.10E-04
9.441E-02 1.587E-01 4.790E-05  5.39E-04
8.913E-02 1.903E-01 5.690E-05  5.95E-04
8.414E-02 2.187E-01 7.899E-05  5.48E-04
7.943E-02 2.823E-01 1.216E-04  5.39E-04
7.499E-02 3.595E-01 1.696E-04  6.50E-04
7.079E-02 3.844E-01 1.979E-04  8.02E-04
6.683E-02 3.277E-01 1.811E-04  9.95E-04
6.310E-02 2.619E-01 1.487E-04  1.20E-03
5.957E-02 2.263E-01 1.385E-04  1.41E-03
5.623E-02 1.903E-01 1.281E-04  1.64E-03
5.309E-02 1.530E-01 1.115E-04  1.89E-03
5.012E-02 1.272E-01 9.936E-05  2.18E-03
4.732E-02 1.065E-01 9.018E-05  2.49E-03
4.467E-02 8.921E-02 8.060E-05  2.84E-03
4.217E-02 7.434E-02 6.940E-05  3.24E-03
3.981E-02 6.937E-02 6.145E-05  3.69E-03
3.758E-02 7.076E-02 5.991E-05  4.18E-03
3.548E-02 7.310E-02 7.250E-05  4.70E-03
3.350E-02 6.594E-02 7.576E-05  5.30E-03
3.162E-02 5.926E-02 7.739E-05  5.98E-03
2.985E-02 5.307E-02 7.832E-05  6.74E-03
2.818E-02 4.740E-02 7.875E-05  7.60E-03
2.661E-02 4.232E-02 7.904E-05  8.57E-03
2.512E-02 3.770E-02 7.906E-05  9.67E-03
2.371E-02 3.354E-02 7.893E-05  1.09E-02
2.239E-02 2.981E-02 7.873E-05  1.23E-02
2.113E-02 2.649E-02 7.841E-05  1.38E-02
1.995E-02 2.351E-02 7.802E-05  1.56E-02
1.884E-02 2.080E-02 7.738E-05  1.75E-02
1.778E-02 1.841E-02 7.668E-05  1.97E-02
1.679E-02 1.628E-02 7.589E-05  2.22E-02
1.585E-02 1.438E-02 7.500E-05  2.50E-02
1.496E-02 1.269E-02 7.398E-05  2.81E-02
1.413E-02 1.119E-02 7.285E-05  3.16E-02
1.334E-02 9.858E-03 7.157E-05  3.56E-02
1.259E-02 8.681E-03 7.021E-05  4.00E-02
1.189E-02 7.648E-03 6.880E-05  4.50E-02
1.122E-02 6.704E-03 6.701E-05  5.07E-02
1.059E-02 5.880E-03 6.509E-05  5.70E-02
1.000E-02 5.160E-03 6.307E-05  6.42E-02
9.441E-03 4.523E-03 6.087E-05  7.22E-02
8.913E-03 3.959E-03 5.844E-05  8.13E-02
8.414E-03 3.464E-03 5.579E-05  9.14E-02
7.943E-03 3.030E-03 5.290E-05  1.03E-01
7.499E-03 2.645E-03 4.973E-05  1.16E-01
7.079E-03 2.312E-03 4.636E-05  1.30E-01
6.683E-03 2.018E-03 4.267E-05  1.47E-01
6.310E-03 1.760E-03 3.860E-05  1.65E-01
5.957E-03 1.537E-03 3.424E-05  1.86E-01
5.623E-03 1.335E-03 2.915E-05  2.09E-01
5.309E-03 1.161E-03 2.350E-05  2.35E-01
5.012E-03 1.010E-03 1.823E-05  2.65E-01
4.732E-03 8.784E-04 7.239E-06  2.97E-01
4.467E-03 7.626E-04 7.207E-06  3.33E-01
4.217E-03 1.550E-02 4.446E-05  3.73E-01
3.981E-03 1.390E-02 5.691E-05  4.15E-01
3.758E-03 1.239E-02 5.671E-05  4.60E-01
3.548E-03 1.099E-02 5.643E-05  5.07E-01
3.350E-03 9.706E-03 5.478E-05  5.55E-01
3.162E-03 8.542E-03 5.218E-05  6.02E-01
2.985E-03 7.512E-03 4.925E-05  6.47E-01
2.818E-03 6.547E-03 4.613E-05  6.87E-01
2.661E-03 5.681E-03 4.287E-05  7.20E-01
2.512E-03 4.924E-03 3.957E-05  7.47E-01
2.371E-03 4.263E-03 3.647E-05  7.67E-01
2.239E-03 3.684E-03 3.355E-05  7.82E-01
2.113E-03 3.171E-03 3.074E-05  7.94E-01
1.995E-03 2.728E-03 2.806E-05  8.06E-01
1.884E-03 2.343E-03 2.549E-05  8.21E-01
1.778E-03 2.006E-03 2.301E-05  8.38E-01
1.679E-03 1.716E-03 2.068E-05  8.56E-01
1.585E-03 1.465E-03 1.855E-05  8.72E-01
1.496E-03 1.250E-03 1.664E-05  8.85E-01
1.413E-03 1.065E-03 1.492E-05  8.94E-01
1.334E-03 9.062E-04 1.337E-05  9.01E-01
1.259E-03 7.713E-04 1.196E-05  9.08E-01
1.189E-03 6.568E-04 1.069E-05  9.17E-01
1.122E-03 5.553E-04 9.515E-06  9.27E-01
1.059E-03 4.700E-04 8.472E-06  9.33E-01
1.000E-03 3.986E-04 7.552E-06  9.38E-01
