1.000E+03 4.580E-03 4.605E-05 -2.38E-01
9.441E+02 4.995E-03 5.799E-05 -2.38E-01
8.913E+02 5.460E-03 7.303E-05 -2.38E-01
8.414E+02 5.981E-03 9.198E-05 -2.38E-01
7.943E+02 6.566E-03 1.159E-04 -2.38E-01
7.499E+02 7.223E-03 1.459E-04 -2.37E-01
7.079E+02 7.960E-03 1.838E-04 -2.37E-01
6.683E+02 8.786E-03 2.316E-04 -2.37E-01
6.310E+02 9.714E-03 2.918E-04 -2.37E-01
5.957E+02 1.075E-02 3.676E-04 -2.36E-01
5.623E+02 1.192E-02 4.633E-04 -2.36E-01
5.309E+02 1.323E-02 5.839E-04 -2.36E-01
5.012E+02 1.470E-02 7.359E-04 -2.35E-01
4.732E+02 1.636E-02 9.277E-04 -2.35E-01
4.467E+02 1.821E-02 1.170E-03 -2.34E-01
4.217E+02 2.029E-02 1.475E-03 -2.33E-01
3.981E+02 2.263E-02 1.861E-03 -2.33E-01
3.758E+02 2.525E-02 2.347E-03 -2.32E-01
3.548E+02 2.820E-02 2.962E-03 -2.31E-01
3.350E+02 3.151E-02 3.739E-03 -2.30E-01
3.162E+02 3.524E-02 4.721E-03 -2.29E-01
2.985E+02 3.943E-02 5.963E-03 -2.27E-01
2.818E+02 4.414E-02 7.535E-03 -2.26E-01
2.661E+02 4.946E-02 9.526E-03 -2.24E-01
2.512E+02 5.546E-02 1.205E-02 -2.22E-01
2.371E+02 6.224E-02 1.525E-02 -2.19E-01
2.239E+02 6.994E-02 1.931E-02 -2.16E-01
2.113E+02 7.870E-02 2.447E-02 -2.13E-01
1.995E+02 8.876E-02 3.103E-02 -2.09E-01
1.884E+02 1.004E-01 3.938E-02 -2.04E-01
1.778E+02 1.143E-01 5.004E-02 -1.97E-01
1.679E+02 1.316E-01 6.369E-02 -1.89E-01
1.585E+02 1.557E-01 8.124E-02 -1.78E-01
1.496E+02 1.997E-01 1.041E-01 -1.59E-01
1.413E+02 3.316E-01 1.334E-01 -1.31E-01
1.334E+02 4.911E-01 1.676E-01 -1.58E-01
1.259E+02 4.835E-01 2.132E-01 -1.87E-01
1.189E+02 4.786E-01 2.695E-01 -1.93E-01
1.122E+02 4.879E-01 3.402E-01 -1.92E-01
1.059E+02 5.091E-01 4.284E-01 -1.87E-01
1.000E+02 5.393E-01 5.364E-01 -1.80E-01
9.441E+01 5.770E-01 6.666E-01 -1.71E-01
8.913E+01 6.177E-01 8.195E-01 -1.61E-01
8.414E+01 6.572E-01 9.937E-01 -1.51E-01
7.943E+01 6.931E-01 1.184E+00 -1.39E-01
7.499E+01 7.222E-01 1.381E+00 -1.26E-01
7.079E+01 7.410E-01 1.571E+00 -1.11E-01
6.683E+01 7.482E-01 1.740E+00 -9.47E-02
6.310E+01 7.444E-01 1.876E+00 -7.57E-02
5.957E+01 7.327E-01 1.969E+00 -5.36E-02
5.623E+01 7.166E-01 2.019E+00 -2.75E-02
5.309E+01 7.005E-01 2.028E+00  3.52E-03
5.012E+01 6.874E-01 2.007E+00  4.03E-02
4.732E+01 6.810E-01 1.966E+00  8.38E-02
4.467E+01 6.807E-01 1.920E+00  1.34E-01
4.217E+01 6.861E-01 1.878E+00  1.89E-01
3.981E+01 6.938E-01 1.851E+00  2.45E-01
3.758E+01 7.006E-01 1.844E+00  2.98E-01
3.548E+01 7.050E-01 1.854E+00  3.41E-01
3.350E+01 7.064E-01 1.873E+00  3.73E-01
3.162E+01 7.054E-01 1.888E+00  3.94E-01
2.985E+01 7.031E-01 1.888E+00  4.10E-01
2.818E+01 7.013E-01 1.874E+00  4.25E-01
2.661E+01 7.025E-01 1.855E+00  4.46E-01
2.512E+01 7.087E-01 1.845E+00  4.71E-01
2.371E+01 7.200E-01 1.850E+00  4.98E-01
2.239E+01 7.309E-01 1.868E+00  5.20E-01
2.113E+01 7.390E-01 1.883E+00  5.35E-01
1.995E+01 7.420E-01 1.878E+00  5.45E-01
1.884E+01 7.456E-01 1.850E+00  5.52E-01
1.778E+01 7.567E-01 1.816E+00  5.60E-01
1.679E+01 7.600E-01 1.782E+00  5.67E-01
1.585E+01 7.521E-01 1.733E+00  5.66E-01
1.496E+01 7.472E-01 1.699E+00  5.70E-01
1.413E+01 7.427E-01 1.700E+00  5.85E-01
1.334E+01 7.215E-01 1.736E+00  6.04E-01
1.259E+01 7.197E-01 1.800E+00  6.23E-01
1.189E+01 6.867E-01 1.848E+00  6.39E-01
1.122E+01 6.971E-01 1.849E+00  6.42E-01
1.059E+01 6.671E-01 1.797E+00  6.33E-01
1.000E+01 6.581E-01 1.742E+00  6.17E-01
9.441E+00 6.659E-01 1.674E+00  6.10E-01
8.913E+00 6.449E-01 1.707E+00  6.17E-01
8.414E+00 6.463E-01 1.795E+00  6.46E-01
7.943E+00 6.378E-01 1.828E+00  6.61E-01
7.499E+00 6.331E-01 1.778E+00  6.56E-01
7.079E+00 6.373E-01 1.691E+00  6.47E-01
6.683E+00 6.390E-01 1.677E+00  6.48E-01
6.310E+00 6.355E-01 1.747E+00  6.61E-01
5.957E+00 6.340E-01 1.775E+00  6.71E-01
5.623E+00 6.333E-01 1.701E+00  6.65E-01
5.309E+00 6.416E-01 1.641E+00  6.61E-01
5.012E+00 6.503E-01 1.678E+00  6.76E-01
4.732E+00 6.451E-01 1.705E+00  6.87E-01
4.467E+00 6.481E-01 1.619E+00  6.76E-01
4.217E+00 6.574E-01 1.627E+00  6.85E-01
3.981E+00 6.664E-01 1.649E+00  6.99E-01
3.758E+00 6.645E-01 1.589E+00  6.94E-01
3.548E+00 6.716E-01 1.605E+00  7.01E-01
3.350E+00 6.806E-01 1.595E+00  7.08E-01
3.162E+00 6.805E-01 1.557E+00  7.05E-01
2.985E+00 6.903E-01 1.577E+00  7.17E-01
2.818E+00 6.984E-01 1.526E+00  7.14E-01
2.661E+00 7.046E-01 1.544E+00  7.24E-01
2.512E+00 7.098E-01 1.506E+00  7.23E-01
2.371E+00 7.156E-01 1.514E+00  7.30E-01
2.239E+00 7.202E-01 1.494E+00  7.32E-01
2.113E+00 7.244E-01 1.480E+00  7.34E-01
1.995E+00 7.280E-01 1.480E+00  7.39E-01
1.884E+00 7.309E-01 1.466E+00  7.41E-01
1.778E+00 7.332E-01 1.454E+00  7.44E-01
1.679E+00 7.350E-01 1.448E+00  7.47E-01
1.585E+00 7.363E-01 1.442E+00  7.50E-01
1.496E+00 7.370E-01 1.436E+00  7.52E-01
1.413E+00 7.373E-01 1.430E+00  7.54E-01
1.334E+00 7.377E-01 1.424E+00  7.57E-01
1.259E+00 7.382E-01 1.418E+00  7.59E-01
1.189E+00 7.384E-01 1.413E+00  7.61E-01
1.122E+00 7.386E-01 1.408E+00  7.63E-01
1.059E+00 7.390E-01 1.403E+00  7.66E-01
1.000E+00 7.396E-01 1.397E+00  7.68E-01
9.441E-01 7.402E-01 1.392E+00  7.70E-01
8.913E-01 7.409E-01 1.387E+00  7.73E-01
8.414E-01 7.418E-01 1.381E+00  7.75E-01
7.943E-01 7.426E-01 1.376E+00  7.78E-01
7.499E-01 7.434E-01 1.371E+00  7.80E-01
7.079E-01 7.441E-01 1.366E+00  7.82E-01
6.683E-01 7.445E-01 1.361E+00  7.84E-01
6.310E-01 7.446E-01 1.357E+00  7.86E-01
5.957E-01 7.443E-01 1.353E+00  7.87E-01
5.623E-01 7.437E-01 1.350E+00  7.88E-01
5.309E-01 7.423E-01 1.348E+00  7.89E-01
5.012E-01 7.404E-01 1.347E+00  7.89E-01
4.732E-01 7.380E-01 1.346E+00  7.89E-01
4.467E-01 7.353E-01 1.346E+00  7.88E-01
4.217E-01 7.324E-01 1.346E+00  7.87E-01
3.981E-01 7.295E-01 1.347E+00  7.87E-01
3.758E-01 7.262E-01 1.347E+00  7.86E-01
3.548E-01 7.210E-01 1.350E+00  7.84E-01
3.350E-01 7.122E-01 1.357E+00  7.79E-01
3.162E-01 6.991E-01 1.369E+00  7.72E-01
2.985E-01 6.830E-01 1.384E+00  7.64E-01
2.818E-01 6.601E-01 1.406E+00  7.52E-01
2.661E-01 6.341E-01 1.430E+00  7.41E-01
2.512E-01 6.133E-01 1.447E+00  7.34E-01
2.371E-01 6.054E-01 1.450E+00  7.35E-01
2.239E-01 6.216E-01 1.429E+00  7.48E-01
2.113E-01 6.556E-01 1.391E+00  7.73E-01
1.995E-01 7.040E-01 1.339E+00  8.07E-01
1.884E-01 7.628E-01 1.277E+00  8.51E-01
1.778E-01 8.263E-01 1.211E+00  8.97E-01
1.679E-01 8.780E-01 1.157E+00  9.30E-01
1.585E-01 9.038E-01 1.130E+00  9.42E-01
1.496E-01 9.057E-01 1.128E+00  9.40E-01
1.413E-01 8.931E-01 1.140E+00  9.28E-01
1.334E-01 8.694E-01 1.152E+00  9.12E-01
1.259E-01 8.442E-01 1.177E+00  8.92E-01
1.189E-01 8.054E-01 1.195E+00  8.65E-01
1.122E-01 7.588E-01 1.241E+00  8.29E-01
1.059E-01 7.061E-01 1.294E+00  7.94E-01
1.000E-01 6.826E-01 1.317E+00  7.81E-01
9.441E-02 6.618E-01 1.338E+00  7.73E-01
8.913E-02 6.721E-01 1.328E+00  7.83E-01
8.414E-02 6.536E-01 1.346E+00  7.74E-01
7.943E-02 6.358E-01 1.364E+00  7.66E-01
7.499E-02 6.215E-01 1.379E+00  7.62E-01
7.079E-02 6.094E-01 1.391E+00  7.60E-01
6.683E-02 6.169E-01 1.390E+00  7.72E-01
6.310E-02 6.536E-01 1.365E+00  7.99E-01
5.957E-02 6.672E-01 1.333E+00  8.09E-01
5.623E-02 6.685E-01 1.332E+00  8.15E-01
5.309E-02 6.837E-01 1.316E+00  8.32E-01
5.012E-02 7.037E-01 1.296E+00  8.50E-01
4.732E-02 7.210E-01 1.279E+00  8.67E-01
4.467E-02 7.418E-01 1.258E+00  8.86E-01
4.217E-02 7.679E-01 1.232E+00  9.07E-01
3.981E-02 8.072E-01 1.193E+00  9.30E-01
3.758E-02 8.394E-01 1.161E+00  9.45E-01
3.548E-02 8.403E-01 1.160E+00  9.46E-01
3.350E-02 8.434E-01 1.157E+00  9.50E-01
3.162E-02 8.492E-01 1.151E+00  9.54E-01
2.985E-02 8.558E-01 1.144E+00  9.59E-01
2.818E-02 8.630E-01 1.137E+00  9.64E-01
2.661E-02 8.703E-01 1.130E+00  9.68E-01
2.512E-02 8.777E-01 1.122E+00  9.72E-01
2.371E-02 8.851E-01 1.115E+00  9.76E-01
2.239E-02 8.923E-01 1.108E+00  9.79E-01
2.113E-02 8.994E-01 1.101E+00  9.82E-01
1.995E-02 9.063E-01 1.094E+00  9.84E-01
1.884E-02 9.129E-01 1.087E+00  9.87E-01
1.778E-02 9.194E-01 1.081E+00  9.89E-01
1.679E-02 9.258E-01 1.074E+00  9.91E-01
1.585E-02 9.316E-01 1.068E+00  9.92E-01
1.496E-02 9.366E-01 1.063E+00  9.93E-01
1.413E-02 9.414E-01 1.059E+00  9.94E-01
1.334E-02 9.467E-01 1.053E+00  9.95E-01
1.259E-02 9.524E-01 1.048E+00  9.96E-01
1.189E-02 9.572E-01 1.043E+00  9.97E-01
1.122E-02 9.606E-01 1.039E+00  9.98E-01
1.059E-02 9.630E-01 1.037E+00  9.98E-01
1.000E-02 9.649E-01 1.035E+00  9.98E-01
9.441E-03 9.668E-01 1.033E+00  9.98E-01
8.913E-03 9.697E-01 1.030E+00  9.99E-01
8.414E-03 9.747E-01 1.025E+00  9.99E-01
7.943E-03 9.798E-01 1.020E+00  9.99E-01
7.499E-03 9.826E-01 1.017E+00  9.99E-01
7.079E-03 9.840E-01 1.016E+00  9.99E-01
6.683E-03 9.847E-01 1.015E+00  9.99E-01
6.310E-03 9.849E-01 1.015E+00  9.99E-01
5.957E-03 9.847E-01 1.015E+00  9.99E-01
5.623E-03 9.843E-01 1.016E+00  9.99E-01
5.309E-03 9.835E-01 1.016E+00  9.99E-01
5.012E-03 9.824E-01 1.018E+00  9.99E-01
4.732E-03 9.848E-01 1.015E+00  1.00E+00
4.467E-03 9.868E-01 1.013E+00  1.00E+00
4.217E-03 9.983E-01 1.002E+00  1.00E+00
3.981E-03 9.973E-01 1.003E+00  1.00E+00
3.758E-03 9.972E-01 1.003E+00  1.00E+00
3.548E-03 9.971E-01 1.003E+00  1.00E+00
3.350E-03 9.971E-01 1.003E+00  1.00E+00
3.162E-03 9.973E-01 1.003E+00  1.00E+00
2.985E-03 9.975E-01 1.003E+00  1.00E+00
2.818E-03 9.977E-01 1.002E+00  1.00E+00
2.661E-03 9.979E-01 1.002E+00  1.00E+00
2.512E-03 9.982E-01 1.002E+00  1.00E+00
2.371E-03 9.983E-01 1.002E+00  1.00E+00
2.239E-03 9.984E-01 1.002E+00  1.00E+00
2.113E-03 9.983E-01 1.002E+00  1.00E+00
1.995E-03 9.981E-01 1.002E+00  1.00E+00
1.884E-03 9.977E-01 1.002E+00  1.00E+00
1.778E-03 9.972E-01 1.003E+00  1.00E+00
1.679E-03 9.964E-01 1.004E+00  1.00E+00
1.585E-03 9.953E-01 1.005E+00  1.00E+00
1.496E-03 9.937E-01 1.006E+00  1.00E+00
1.413E-03 9.916E-01 1.008E+00  1.00E+00
1.334E-03 9.887E-01 1.011E+00  1.00E+00
1.259E-03 9.846E-01 1.015E+00  1.00E+00
1.189E-03 9.790E-01 1.021E+00  1.00E+00
1.122E-03 9.708E-01 1.029E+00  1.00E+00
1.059E-03 9.597E-01 1.040E+00  1.00E+00
1.000E-03 9.447E-01 1.055E+00  1.00E+00
