1.000E+03 6.495E-07 4.141E-19  0.00E+00
9.441E+02 7.201E-07 5.213E-19  0.00E+00
8.913E+02 7.985E-07 6.561E-19  0.00E+00
8.414E+02 8.856E-07 8.258E-19  0.00E+00
7.943E+02 9.826E-07 1.039E-18  0.00E+00
7.499E+02 1.090E-06 1.308E-18  0.00E+00
7.079E+02 1.211E-06 1.647E-18  0.00E+00
6.683E+02 1.345E-06 2.073E-18  0.00E+00
6.310E+02 1.494E-06 2.609E-18  0.00E+00
5.957E+02 1.661E-06 3.284E-18  0.00E+00
5.623E+02 1.848E-06 4.134E-18  0.00E+00
5.309E+02 2.057E-06 5.204E-18  0.00E+00
5.012E+02 2.291E-06 6.550E-18  0.00E+00
4.732E+02 2.552E-06 8.245E-18  0.00E+00
4.467E+02 2.845E-06 1.038E-17  0.00E+00
4.217E+02 3.172E-06 1.306E-17  0.00E+00
3.981E+02 3.540E-06 1.644E-17  0.00E+00
3.758E+02 3.951E-06 2.070E-17  0.00E+00
3.548E+02 4.413E-06 2.605E-17  0.00E+00
3.350E+02 4.930E-06 3.279E-17  0.00E+00
3.162E+02 5.510E-06 4.127E-17  0.00E+00
2.985E+02 6.160E-06 5.194E-17  0.00E+00
2.818E+02 6.889E-06 6.537E-17  0.00E+00
2.661E+02 7.707E-06 8.228E-17  0.00E+00
2.512E+02 8.625E-06 1.036E-16  0.00E+00
2.371E+02 9.654E-06 1.303E-16  0.00E+00
2.239E+02 1.081E-05 1.640E-16  0.00E+00
2.113E+02 1.210E-05 2.064E-16  0.00E+00
1.995E+02 1.355E-05 2.597E-16  0.00E+00
1.884E+02 1.518E-05 3.268E-16  0.00E+00
1.778E+02 1.701E-05 4.112E-16  0.00E+00
1.679E+02 1.906E-05 5.173E-16  0.00E+00
1.585E+02 2.136E-05 6.508E-16  0.00E+00
1.496E+02 2.394E-05 8.186E-16  0.00E+00
1.413E+02 2.683E-05 1.030E-15  0.00E+00
1.334E+02 3.007E-05 1.295E-15  0.00E+00
1.259E+02 3.372E-05 1.628E-15  0.00E+00
1.189E+02 3.780E-05 2.047E-15  0.00E+00
1.122E+02 4.237E-05 2.573E-15  0.00E+00
1.059E+02 4.750E-05 3.233E-15  0.00E+00
1.000E+02 5.323E-05 4.062E-15  0.00E+00
9.441E+01 5.961E-05 5.101E-15  0.00E+00
8.913E+01 6.670E-05 6.403E-15  0.00E+00
8.414E+01 7.455E-05 8.034E-15  0.00E+00
7.943E+01 8.326E-05 1.008E-14  0.00E+00
7.499E+01 9.285E-05 1.263E-14  0.00E+00
7.079E+01 1.034E-04 1.582E-14  0.00E+00
6.683E+01 1.149E-04 1.979E-14  0.00E+00
6.310E+01 1.273E-04 2.475E-14  0.00E+00
5.957E+01 1.407E-04 3.092E-14  0.00E+00
5.623E+01 1.549E-04 3.858E-14  0.00E+00
5.309E+01 1.697E-04 4.809E-14  0.00E+00
5.012E+01 1.851E-04 5.987E-14  0.00E+00
4.732E+01 2.007E-04 7.445E-14  0.00E+00
4.467E+01 2.161E-04 9.245E-14  0.00E+00
4.217E+01 2.307E-04 1.147E-13  0.00E+00
3.981E+01 2.441E-04 1.421E-13  0.00E+00
3.758E+01 2.557E-04 1.759E-13  0.00E+00
3.548E+01 2.649E-04 2.177E-13  0.00E+00
3.350E+01 2.715E-04 2.696E-13  0.00E+00
3.162E+01 2.750E-04 3.340E-13  0.00E+00
2.985E+01 2.755E-04 4.142E-13  0.00E+00
2.818E+01 2.736E-04 5.146E-13  0.00E+00
2.661E+01 2.694E-04 6.403E-13  0.00E+00
2.512E+01 2.635E-04 7.983E-13  0.00E+00
2.371E+01 2.561E-04 9.968E-13  0.00E+00
2.239E+01 2.479E-04 1.247E-12  0.00E+00
2.113E+01 2.399E-04 1.563E-12  0.00E+00
1.995E+01 2.325E-04 1.962E-12  0.00E+00
1.884E+01 2.209E-04 2.624E-12 -1.42E-07
1.778E+01 2.196E-04 3.099E-12 -6.42E-08
1.679E+01 2.153E-04 3.899E-12  5.80E-08
1.585E+01 2.127E-04 4.910E-12  1.87E-07
1.496E+01 2.119E-04 6.185E-12  3.12E-07
1.413E+01 2.135E-04 7.794E-12  4.48E-07
1.334E+01 2.175E-04 9.820E-12  6.04E-07
1.259E+01 2.237E-04 1.237E-11  7.95E-07
1.189E+01 2.308E-04 1.561E-11  1.02E-06
1.122E+01 2.454E-04 1.955E-11  1.23E-06
1.059E+01 2.562E-04 2.469E-11  1.46E-06
1.000E+01 2.724E-04 3.109E-11  1.71E-06
9.441E+00 2.913E-04 3.915E-11  1.97E-06
8.913E+00 3.138E-04 4.928E-11  2.25E-06
8.414E+00 3.397E-04 6.201E-11  2.58E-06
7.943E+00 3.690E-04 7.799E-11  2.97E-06
7.499E+00 4.008E-04 9.808E-11  3.41E-06
7.079E+00 4.368E-04 1.233E-10  3.86E-06
6.683E+00 4.772E-04 1.551E-10  4.35E-06
6.310E+00 5.145E-04 1.948E-10  5.04E-06
5.957E+00 5.718E-04 2.449E-10  5.48E-06
5.623E+00 6.267E-04 3.077E-10  6.13E-06
5.309E+00 6.876E-04 3.865E-10  6.86E-06
5.012E+00 7.539E-04 4.852E-10  7.70E-06
4.732E+00 8.246E-04 6.092E-10  8.61E-06
4.467E+00 9.023E-04 7.647E-10  9.61E-06
4.217E+00 9.877E-04 9.597E-10  1.07E-05
3.981E+00 1.081E-03 1.204E-09  1.19E-05
3.758E+00 1.183E-03 1.511E-09  1.32E-05
3.548E+00 1.295E-03 1.896E-09  1.47E-05
3.350E+00 1.418E-03 2.378E-09  1.63E-05
3.162E+00 1.550E-03 2.982E-09  1.80E-05
2.985E+00 1.699E-03 3.740E-09  1.99E-05
2.818E+00 1.859E-03 4.689E-09  2.20E-05
2.661E+00 2.034E-03 5.878E-09  2.44E-05
2.512E+00 2.221E-03 7.365E-09  2.70E-05
2.371E+00 2.425E-03 9.229E-09  2.99E-05
2.239E+00 2.649E-03 1.157E-08  3.31E-05
2.113E+00 2.895E-03 1.449E-08  3.65E-05
1.995E+00 3.160E-03 1.816E-08  4.03E-05
1.884E+00 3.451E-03 2.275E-08  4.45E-05
1.778E+00 3.772E-03 2.850E-08  4.90E-05
1.679E+00 4.123E-03 3.570E-08  5.40E-05
1.585E+00 4.501E-03 4.471E-08  5.97E-05
1.496E+00 4.911E-03 5.601E-08  6.58E-05
1.413E+00 5.371E-03 7.019E-08  7.24E-05
1.334E+00 5.882E-03 8.793E-08  7.95E-05
1.259E+00 6.440E-03 1.101E-07  8.76E-05
1.189E+00 7.044E-03 1.379E-07  9.64E-05
1.122E+00 7.714E-03 1.727E-07  1.06E-04
1.059E+00 8.465E-03 2.163E-07  1.16E-04
1.000E+00 9.295E-03 2.708E-07  1.28E-04
9.441E-01 1.020E-02 3.388E-07  1.41E-04
8.913E-01 1.119E-02 4.237E-07  1.55E-04
8.414E-01 1.226E-02 5.297E-07  1.72E-04
7.943E-01 1.342E-02 6.618E-07  1.90E-04
7.499E-01 1.467E-02 8.269E-07  2.11E-04
7.079E-01 1.600E-02 1.033E-06  2.34E-04
6.683E-01 1.742E-02 1.291E-06  2.61E-04
6.310E-01 1.894E-02 1.615E-06  2.91E-04
5.957E-01 2.059E-02 2.023E-06  3.25E-04
5.623E-01 2.243E-02 2.539E-06  3.62E-04
5.309E-01 2.448E-02 3.194E-06  4.04E-04
5.012E-01 2.680E-02 4.029E-06  4.50E-04
4.732E-01 2.949E-02 5.093E-06  5.00E-04
4.467E-01 3.272E-02 6.451E-06  5.52E-04
4.217E-01 3.659E-02 8.181E-06  6.05E-04
3.981E-01 4.081E-02 1.038E-05  6.59E-04
3.758E-01 4.519E-02 1.319E-05  7.15E-04
3.548E-01 4.981E-02 1.688E-05  7.74E-04
3.350E-01 5.538E-02 2.189E-05  8.22E-04
3.162E-01 6.293E-02 2.887E-05  8.27E-04
2.985E-01 7.284E-02 3.857E-05  7.52E-04
2.818E-01 8.526E-02 5.289E-05  5.42E-04
2.661E-01 1.032E-01 7.545E-05  2.30E-04
2.512E-01 1.330E-01 1.143E-04  6.14E-05
2.371E-01 1.939E-01 1.871E-04  1.28E-04
2.239E-01 3.003E-01 2.910E-04  3.55E-04
2.113E-01 3.810E-01 3.311E-04  6.77E-04
1.995E-01 3.161E-01 2.351E-04  1.06E-03
1.884E-01 2.181E-01 1.369E-04  1.51E-03
1.778E-01 1.517E-01 8.478E-05  2.04E-03
1.679E-01 1.117E-01 6.589E-05  2.64E-03
1.585E-01 8.611E-02 7.132E-05  3.26E-03
1.496E-01 6.924E-02 1.001E-04  3.92E-03
1.413E-01 6.057E-02 1.592E-04  4.62E-03
1.334E-01 6.030E-02 2.598E-04  5.44E-03
1.259E-01 6.895E-02 4.310E-04  6.55E-03
1.189E-01 9.049E-02 7.105E-04  7.88E-03
1.122E-01 1.232E-01 1.213E-03  8.75E-03
1.059E-01 2.163E-01 2.171E-03  6.15E-03
1.000E-01 3.462E-01 3.250E-03  6.01E-03
9.441E-02 5.223E-01 4.887E-03  5.35E-03
8.913E-02 6.198E-01 5.756E-03  5.94E-03
8.414E-02 7.148E-01 8.042E-03  5.48E-03
7.943E-02 9.188E-01 1.231E-02  5.47E-03
7.499E-02 1.136E+00 1.659E-02  6.67E-03
7.079E-02 1.168E+00 1.855E-02  8.31E-03
6.683E-02 9.667E-01 1.641E-02  1.04E-02
6.310E-02 7.669E-01 1.329E-02  1.25E-02
5.957E-02 6.599E-01 1.224E-02  1.47E-02
5.623E-02 5.535E-01 1.125E-02  1.71E-02
5.309E-02 4.451E-01 9.750E-03  1.97E-02
5.012E-02 3.712E-01 8.660E-03  2.26E-02
4.732E-02 3.113E-01 7.827E-03  2.58E-02
4.467E-02 2.615E-01 6.968E-03  2.95E-02
4.217E-02 2.188E-01 5.978E-03  3.36E-02
3.981E-02 2.048E-01 5.261E-03  3.82E-02
3.758E-02 2.093E-01 5.079E-03  4.34E-02
3.548E-02 2.148E-01 6.035E-03  4.90E-02
3.350E-02 1.934E-01 6.209E-03  5.53E-02
3.162E-02 1.737E-01 6.243E-03  6.25E-02
2.985E-02 1.556E-01 6.212E-03  7.06E-02
2.818E-02 1.390E-01 6.133E-03  7.98E-02
2.661E-02 1.243E-01 6.034E-03  9.00E-02
2.512E-02 1.109E-01 5.905E-03  1.02E-01
2.371E-02 9.885E-02 5.756E-03  1.15E-01
2.239E-02 8.806E-02 5.590E-03  1.29E-01
2.113E-02 7.843E-02 5.407E-03  1.46E-01
1.995E-02 6.982E-02 5.209E-03  1.64E-01
1.884E-02 6.198E-02 4.986E-03  1.85E-01
1.778E-02 5.505E-02 4.751E-03  2.08E-01
1.679E-02 4.885E-02 4.505E-03  2.34E-01
1.585E-02 4.332E-02 4.247E-03  2.63E-01
1.496E-02 3.837E-02 3.979E-03  2.95E-01
1.413E-02 3.395E-02 3.706E-03  3.30E-01
1.334E-02 3.003E-02 3.429E-03  3.69E-01
1.259E-02 2.654E-02 3.153E-03  4.11E-01
1.189E-02 2.346E-02 2.886E-03  4.55E-01
1.122E-02 2.063E-02 2.617E-03  5.02E-01
1.059E-02 1.815E-02 2.361E-03  5.50E-01
1.000E-02 1.597E-02 2.122E-03  5.97E-01
9.441E-03 1.403E-02 1.900E-03  6.42E-01
8.913E-03 1.231E-02 1.695E-03  6.83E-01
8.414E-03 1.079E-02 1.509E-03  7.18E-01
7.943E-03 9.449E-03 1.339E-03  7.46E-01
7.499E-03 8.260E-03 1.184E-03  7.67E-01
7.079E-03 7.232E-03 1.042E-03  7.82E-01
6.683E-03 6.322E-03 9.086E-04  7.95E-01
6.310E-03 5.518E-03 7.803E-04  8.07E-01
5.957E-03 4.825E-03 6.574E-04  8.21E-01
5.623E-03 4.197E-03 5.321E-04  8.37E-01
5.309E-03 3.653E-03 4.086E-04  8.55E-01
5.012E-03 3.182E-03 3.029E-04  8.72E-01
4.732E-03 2.770E-03 1.156E-04  8.85E-01
4.467E-03 2.413E-03 1.115E-04  8.94E-01
4.217E-03 4.801E-02 6.527E-04  9.01E-01
3.981E-03 4.308E-02 8.158E-04  9.09E-01
3.758E-03 3.848E-02 7.967E-04  9.18E-01
3.548E-03 3.419E-02 7.791E-04  9.27E-01
3.350E-03 3.025E-02 7.458E-04  9.34E-01
3.162E-03 2.666E-02 7.023E-04  9.38E-01
2.985E-03 2.348E-02 6.554E-04  9.43E-01
2.818E-03 2.050E-02 6.059E-04  9.49E-01
2.661E-03 1.781E-02 5.549E-04  9.54E-01
2.512E-03 1.546E-02 5.040E-04  9.58E-01
2.371E-03 1.339E-02 4.558E-04  9.62E-01
2.239E-03 1.159E-02 4.108E-04  9.66E-01
2.113E-03 9.979E-03 3.690E-04  9.69E-01
1.995E-03 8.593E-03 3.308E-04  9.71E-01
1.884E-03 7.382E-03 2.958E-04  9.74E-01
1.778E-03 6.324E-03 2.638E-04  9.76E-01
1.679E-03 5.411E-03 2.348E-04  9.79E-01
1.585E-03 4.624E-03 2.088E-04  9.81E-01
1.496E-03 3.946E-03 1.855E-04  9.82E-01
1.413E-03 3.362E-03 1.647E-04  9.84E-01
1.334E-03 2.862E-03 1.462E-04  9.86E-01
1.259E-03 2.436E-03 1.296E-04  9.87E-01
1.189E-03 2.075E-03 1.151E-04  9.88E-01
1.122E-03 1.755E-03 1.019E-04  9.89E-01
1.059E-03 1.485E-03 9.018E-05  9.90E-01
1.000E-03 1.260E-03 7.989E-05  9.91E-01
