1.000E+03 1.317E-06 1.043E-17  0.00E+00
9.441E+02 1.471E-06 1.312E-17  0.00E+00
8.913E+02 1.644E-06 1.652E-17  0.00E+00
8.414E+02 1.836E-06 2.079E-17  0.00E+00
7.943E+02 2.050E-06 2.617E-17  0.00E+00
7.499E+02 2.288E-06 3.294E-17  0.00E+00
7.079E+02 2.554E-06 4.147E-17  0.00E+00
6.683E+02 2.849E-06 5.220E-17  0.00E+00
6.310E+02 3.178E-06 6.570E-17  0.00E+00
5.957E+02 3.545E-06 8.269E-17  0.00E+00
5.623E+02 3.952E-06 1.041E-16  0.00E+00
5.309E+02 4.407E-06 1.310E-16  0.00E+00
5.012E+02 4.912E-06 1.649E-16  0.00E+00
4.732E+02 5.476E-06 2.075E-16  0.00E+00
4.467E+02 6.104E-06 2.612E-16  0.00E+00
4.217E+02 6.805E-06 3.288E-16  0.00E+00
3.981E+02 7.587E-06 4.138E-16  0.00E+00
3.758E+02 8.460E-06 5.208E-16  0.00E+00
3.548E+02 9.435E-06 6.555E-16  0.00E+00
3.350E+02 1.053E-05 8.250E-16  0.00E+00
3.162E+02 1.174E-05 1.038E-15  0.00E+00
2.985E+02 1.311E-05 1.307E-15  0.00E+00
2.818E+02 1.463E-05 1.645E-15  0.00E+00
2.661E+02 1.634E-05 2.070E-15  0.00E+00
2.512E+02 1.826E-05 2.606E-15  0.00E+00
2.371E+02 2.041E-05 3.280E-15  0.00E+00
2.239E+02 2.281E-05 4.128E-15  0.00E+00
2.113E+02 2.551E-05 5.195E-15  0.00E+00
1.995E+02 2.855E-05 6.538E-15  0.00E+00
1.884E+02 3.195E-05 8.228E-15  0.00E+00
1.778E+02 3.577E-05 1.035E-14  0.00E+00
1.679E+02 4.007E-05 1.303E-14  0.00E+00
1.585E+02 4.490E-05 1.640E-14  0.00E+00
1.496E+02 5.034E-05 2.063E-14  0.00E+00
1.413E+02 5.645E-05 2.596E-14  0.00E+00
1.334E+02 6.334E-05 3.266E-14  0.00E+00
1.259E+02 7.110E-05 4.109E-14  0.00E+00
1.189E+02 7.985E-05 5.169E-14  0.00E+00
1.122E+02 8.971E-05 6.501E-14  0.00E+00
1.059E+02 1.008E-04 8.174E-14  0.00E+00
1.000E+02 1.133E-04 1.028E-13  0.00E+00
9.441E+01 1.274E-04 1.291E-13  0.00E+00
8.913E+01 1.431E-04 1.623E-13  0.00E+00
8.414E+01 1.607E-04 2.038E-13  0.00E+00
7.943E+01 1.804E-04 2.558E-13  0.00E+00
7.499E+01 2.023E-04 3.209E-13  0.00E+00
7.079E+01 2.267E-04 4.024E-13  0.00E+00
6.683E+01 2.536E-04 5.042E-13  0.00E+00
6.310E+01 2.832E-04 6.312E-13  0.00E+00
5.957E+01 3.155E-04 7.894E-13  0.00E+00
5.623E+01 3.504E-04 9.860E-13  0.00E+00
5.309E+01 3.876E-04 1.230E-12  0.00E+00
5.012E+01 4.267E-04 1.532E-12  0.00E+00
4.732E+01 4.671E-04 1.906E-12  0.00E+00
4.467E+01 5.076E-04 2.366E-12  0.00E+00
4.217E+01 5.468E-04 2.933E-12 -1.76E-06
3.981E+01 5.830E-04 3.629E-12 -2.37E-06
3.758E+01 6.145E-04 4.486E-12 -2.96E-06
3.548E+01 6.396E-04 5.540E-12 -3.50E-06
3.350E+01 6.569E-04 6.841E-12 -3.96E-06
3.162E+01 6.652E-04 8.452E-12 -4.30E-06
2.985E+01 6.648E-04 1.045E-11 -4.50E-06
2.818E+01 6.568E-04 1.296E-11 -4.60E-06
2.661E+01 6.422E-04 1.609E-11 -4.56E-06
2.512E+01 6.229E-04 2.003E-11 -4.36E-06
2.371E+01 6.000E-04 2.499E-11 -3.88E-06
2.239E+01 5.752E-04 3.125E-11 -3.57E-06
2.113E+01 5.517E-04 3.917E-11 -3.21E-06
1.995E+01 5.300E-04 4.916E-11 -2.66E-06
1.884E+01 5.106E-04 6.177E-11 -1.95E-06
1.778E+01 4.943E-04 7.771E-11 -1.36E-06
1.679E+01 4.824E-04 9.783E-11 -7.42E-07
1.585E+01 4.751E-04 1.232E-10 -7.69E-08
1.496E+01 4.726E-04 1.553E-10  5.73E-07
1.413E+01 4.759E-04 1.957E-10  1.28E-06
1.334E+01 4.851E-04 2.467E-10  2.10E-06
1.259E+01 4.996E-04 3.109E-10  3.09E-06
1.189E+01 5.164E-04 3.922E-10  4.23E-06
1.122E+01 5.496E-04 4.913E-10  5.34E-06
1.059E+01 5.747E-04 6.205E-10  6.53E-06
1.000E+01 6.119E-04 7.812E-10  7.81E-06
9.441E+00 6.551E-04 9.838E-10  9.18E-06
8.913E+00 7.064E-04 1.238E-09  1.07E-05
8.414E+00 7.655E-04 1.558E-09  1.23E-05
7.943E+00 8.319E-04 1.960E-09  1.43E-05
7.499E+00 9.036E-04 2.464E-09  1.66E-05
7.079E+00 9.850E-04 3.099E-09  1.88E-05
6.683E+00 1.076E-03 3.896E-09  2.14E-05
6.310E+00 1.160E-03 4.895E-09  2.49E-05
5.957E+00 1.289E-03 6.153E-09  2.71E-05
5.623E+00 1.412E-03 7.730E-09  3.04E-05
5.309E+00 1.548E-03 9.708E-09  3.41E-05
5.012E+00 1.697E-03 1.219E-08  3.83E-05
4.732E+00 1.855E-03 1.530E-08  4.29E-05
4.467E+00 2.030E-03 1.921E-08  4.79E-05
4.217E+00 2.221E-03 2.411E-08  5.35E-05
3.981E+00 2.431E-03 3.025E-08  5.96E-05
3.758E+00 2.659E-03 3.795E-08  6.62E-05
3.548E+00 2.909E-03 4.762E-08  7.34E-05
3.350E+00 3.187E-03 5.973E-08  8.13E-05
3.162E+00 3.481E-03 7.491E-08  9.01E-05
2.985E+00 3.815E-03 9.395E-08  9.97E-05
2.818E+00 4.175E-03 1.178E-07  1.10E-04
2.661E+00 4.567E-03 1.477E-07  1.22E-04
2.512E+00 4.987E-03 1.850E-07  1.35E-04
2.371E+00 5.445E-03 2.318E-07  1.50E-04
2.239E+00 5.948E-03 2.906E-07  1.66E-04
2.113E+00 6.501E-03 3.641E-07  1.83E-04
1.995E+00 7.096E-03 4.562E-07  2.02E-04
1.884E+00 7.751E-03 5.716E-07  2.23E-04
1.778E+00 8.473E-03 7.163E-07  2.45E-04
1.679E+00 9.263E-03 8.972E-07  2.70E-04
1.585E+00 1.011E-02 1.124E-06  2.99E-04
1.496E+00 1.104E-02 1.408E-06  3.29E-04
1.413E+00 1.207E-02 1.764E-06  3.62E-04
1.334E+00 1.323E-02 2.210E-06  3.98E-04
1.259E+00 1.448E-02 2.768E-06  4.38E-04
1.189E+00 1.585E-02 3.468E-06  4.82E-04
1.122E+00 1.736E-02 4.344E-06  5.30E-04
1.059E+00 1.905E-02 5.440E-06  5.83E-04
1.000E+00 2.093E-02 6.811E-06  6.40E-04
9.441E-01 2.298E-02 8.524E-06  7.05E-04
8.913E-01 2.522E-02 1.066E-05  7.77E-04
8.414E-01 2.764E-02 1.333E-05  8.58E-04
7.943E-01 3.027E-02 1.666E-05  9.50E-04
7.499E-01 3.310E-02 2.082E-05  1.05E-03
7.079E-01 3.613E-02 2.602E-05  1.17E-03
6.683E-01 3.938E-02 3.253E-05  1.30E-03
6.310E-01 4.283E-02 4.071E-05  1.45E-03
5.957E-01 4.661E-02 5.101E-05  1.62E-03
5.623E-01 5.083E-02 6.403E-05  1.81E-03
5.309E-01 5.554E-02 8.059E-05  2.02E-03
5.012E-01 6.088E-02 1.017E-04  2.25E-03
4.732E-01 6.708E-02 1.287E-04  2.49E-03
4.467E-01 7.456E-02 1.631E-04  2.75E-03
4.217E-01 8.352E-02 2.070E-04  3.01E-03
3.981E-01 9.331E-02 2.629E-04  3.28E-03
3.758E-01 1.036E-01 3.342E-04  3.55E-03
3.548E-01 1.144E-01 4.284E-04  3.84E-03
3.350E-01 1.277E-01 5.564E-04  4.06E-03
3.162E-01 1.455E-01 7.351E-04  4.07E-03
2.985E-01 1.690E-01 9.844E-04  3.66E-03
2.818E-01 1.983E-01 1.354E-03  2.60E-03
2.661E-01 2.401E-01 1.940E-03  1.09E-03
2.512E-01 3.101E-01 2.958E-03  3.17E-04
2.371E-01 4.536E-01 4.870E-03  6.88E-04
2.239E-01 6.986E-01 7.523E-03  1.83E-03
2.113E-01 8.593E-01 8.279E-03  3.46E-03
1.995E-01 6.957E-01 5.725E-03  5.43E-03
1.884E-01 4.788E-01 3.327E-03  7.66E-03
1.778E-01 3.360E-01 2.085E-03  1.03E-02
1.679E-01 2.502E-01 1.643E-03  1.33E-02
1.585E-01 1.952E-01 1.798E-03  1.63E-02
1.496E-01 1.592E-01 2.544E-03  1.96E-02
1.413E-01 1.419E-01 4.073E-03  2.31E-02
1.334E-01 1.445E-01 6.696E-03  2.72E-02
1.259E-01 1.699E-01 1.123E-02  3.28E-02
1.189E-01 2.318E-01 1.877E-02  3.95E-02
1.122E-01 3.345E-01 3.273E-02  4.19E-02
1.059E-01 5.815E-01 5.905E-02  2.97E-02
1.000E-01 9.038E-01 8.662E-02  2.95E-02
9.441E-02 1.279E+00 1.238E-01  2.73E-02
8.913E-02 1.435E+00 1.387E-01  3.09E-02
8.414E-02 1.635E+00 1.922E-01  2.95E-02
7.943E-02 1.938E+00 2.667E-01  3.16E-02
7.499E-02 2.053E+00 3.003E-01  4.00E-02
7.079E-02 1.868E+00 2.910E-01  5.09E-02
6.683E-02 1.476E+00 2.393E-01  6.35E-02
6.310E-02 1.188E+00 1.912E-01  7.57E-02
5.957E-02 1.036E+00 1.739E-01  8.80E-02
5.623E-02 8.781E-01 1.594E-01  1.01E-01
5.309E-02 7.216E-01 1.383E-01  1.15E-01
5.012E-02 6.151E-01 1.226E-01  1.30E-01
4.732E-02 5.261E-01 1.102E-01  1.47E-01
4.467E-02 4.513E-01 9.745E-02  1.66E-01
4.217E-02 3.863E-01 8.299E-02  1.87E-01
3.981E-02 3.680E-01 7.142E-02  2.11E-01
3.758E-02 3.793E-01 6.643E-02  2.39E-01
3.548E-02 3.864E-01 7.471E-02  2.69E-01
3.350E-02 3.513E-01 7.404E-02  3.00E-01
3.162E-02 3.196E-01 7.173E-02  3.34E-01
2.985E-02 2.903E-01 6.870E-02  3.70E-01
2.818E-02 2.633E-01 6.521E-02  4.09E-01
2.661E-02 2.389E-01 6.155E-02  4.51E-01
2.512E-02 2.163E-01 5.770E-02  4.95E-01
2.371E-02 1.956E-01 5.380E-02  5.39E-01
2.239E-02 1.765E-01 4.993E-02  5.85E-01
2.113E-02 1.591E-01 4.615E-02  6.29E-01
1.995E-02 1.431E-01 4.252E-02  6.71E-01
1.884E-02 1.282E-01 3.901E-02  7.08E-01
1.778E-02 1.148E-01 3.575E-02  7.40E-01
1.679E-02 1.025E-01 3.276E-02  7.65E-01
1.585E-02 9.146E-02 3.001E-02  7.84E-01
1.496E-02 8.143E-02 2.747E-02  7.98E-01
1.413E-02 7.242E-02 2.511E-02  8.10E-01
1.334E-02 6.438E-02 2.287E-02  8.22E-01
1.259E-02 5.717E-02 2.074E-02  8.37E-01
1.189E-02 5.076E-02 1.874E-02  8.54E-01
1.122E-02 4.481E-02 1.681E-02  8.70E-01
1.059E-02 3.956E-02 1.503E-02  8.85E-01
1.000E-02 3.491E-02 1.343E-02  8.94E-01
9.441E-03 3.076E-02 1.197E-02  9.01E-01
8.913E-03 2.705E-02 1.062E-02  9.08E-01
8.414E-03 2.378E-02 9.371E-03  9.17E-01
7.943E-03 2.088E-02 8.215E-03  9.26E-01
7.499E-03 1.829E-02 7.156E-03  9.34E-01
7.079E-03 1.604E-02 6.202E-03  9.39E-01
6.683E-03 1.404E-02 5.319E-03  9.43E-01
6.310E-03 1.227E-02 4.494E-03  9.49E-01
5.957E-03 1.074E-02 3.735E-03  9.54E-01
5.623E-03 9.349E-03 2.993E-03  9.58E-01
5.309E-03 8.144E-03 2.281E-03  9.62E-01
5.012E-03 7.098E-03 1.679E-03  9.66E-01
4.732E-03 6.186E-03 6.363E-04  9.69E-01
4.467E-03 5.395E-03 6.082E-04  9.71E-01
4.217E-03 1.038E-01 3.407E-03  9.74E-01
3.981E-03 9.343E-02 4.243E-03  9.76E-01
3.758E-03 8.372E-02 4.134E-03  9.79E-01
3.548E-03 7.464E-02 4.037E-03  9.81E-01
3.350E-03 6.622E-02 3.857E-03  9.82E-01
3.162E-03 5.853E-02 3.622E-03  9.84E-01
2.985E-03 5.167E-02 3.373E-03  9.86E-01
2.818E-03 4.520E-02 3.114E-03  9.87E-01
2.661E-03 3.935E-02 2.848E-03  9.88E-01
2.512E-03 3.421E-02 2.582E-03  9.89E-01
2.371E-03 2.969E-02 2.331E-03  9.90E-01
2.239E-03 2.572E-02 2.099E-03  9.91E-01
2.113E-03 2.218E-02 1.882E-03  9.92E-01
1.995E-03 1.912E-02 1.685E-03  9.93E-01
1.884E-03 1.644E-02 1.506E-03  9.93E-01
1.778E-03 1.409E-02 1.341E-03  9.94E-01
1.679E-03 1.207E-02 1.192E-03  9.95E-01
1.585E-03 1.032E-02 1.059E-03  9.95E-01
1.496E-03 8.809E-03 9.403E-04  9.96E-01
1.413E-03 7.509E-03 8.340E-04  9.96E-01
1.334E-03 6.394E-03 7.396E-04  9.96E-01
1.259E-03 5.445E-03 6.553E-04  9.97E-01
1.189E-03 4.639E-03 5.815E-04  9.97E-01
1.122E-03 3.923E-03 5.143E-04  9.97E-01
1.059E-03 3.322E-03 4.550E-04  9.98E-01
1.000E-03 2.818E-03 4.029E-04  9.98E-01
