1.000E+03 3.852E-07 4.135E-20  0.00E+00
9.441E+02 4.270E-07 5.205E-20  0.00E+00
8.913E+02 4.736E-07 6.552E-20  0.00E+00
8.414E+02 5.257E-07 8.247E-20  0.00E+00
7.943E+02 5.840E-07 1.038E-19  0.00E+00
7.499E+02 6.492E-07 1.307E-19  0.00E+00
7.079E+02 7.222E-07 1.645E-19  0.00E+00
6.683E+02 8.039E-07 2.071E-19  0.00E+00
6.310E+02 8.955E-07 2.606E-19  0.00E+00
5.957E+02 9.980E-07 3.281E-19  0.00E+00
5.623E+02 1.113E-06 4.130E-19  0.00E+00
5.309E+02 1.242E-06 5.198E-19  0.00E+00
5.012E+02 1.386E-06 6.543E-19  0.00E+00
4.732E+02 1.548E-06 8.236E-19  0.00E+00
4.467E+02 1.729E-06 1.037E-18  0.00E+00
4.217E+02 1.932E-06 1.305E-18  0.00E+00
3.981E+02 2.160E-06 1.642E-18  0.00E+00
3.758E+02 2.416E-06 2.067E-18  0.00E+00
3.548E+02 2.702E-06 2.602E-18  0.00E+00
3.350E+02 3.023E-06 3.275E-18  0.00E+00
3.162E+02 3.382E-06 4.121E-18  0.00E+00
2.985E+02 3.785E-06 5.186E-18  0.00E+00
2.818E+02 4.237E-06 6.527E-18  0.00E+00
2.661E+02 4.742E-06 8.213E-18  0.00E+00
2.512E+02 5.309E-06 1.034E-17  0.00E+00
2.371E+02 5.943E-06 1.300E-17  0.00E+00
2.239E+02 6.653E-06 1.636E-17  0.00E+00
2.113E+02 7.448E-06 2.059E-17  0.00E+00
1.995E+02 8.337E-06 2.590E-17  0.00E+00
1.884E+02 9.332E-06 3.257E-17  0.00E+00
1.778E+02 1.044E-05 4.097E-17  0.00E+00
1.679E+02 1.169E-05 5.153E-17  0.00E+00
1.585E+02 1.308E-05 6.479E-17  0.00E+00
1.496E+02 1.463E-05 8.146E-17  0.00E+00
1.413E+02 1.636E-05 1.024E-16  0.00E+00
1.334E+02 1.829E-05 1.287E-16  0.00E+00
1.259E+02 2.045E-05 1.617E-16  0.00E+00
1.189E+02 2.284E-05 2.032E-16  0.00E+00
1.122E+02 2.551E-05 2.552E-16  0.00E+00
1.059E+02 2.847E-05 3.204E-16  0.00E+00
1.000E+02 3.175E-05 4.021E-16  0.00E+00
9.441E+01 3.537E-05 5.044E-16  0.00E+00
8.913E+01 3.934E-05 6.325E-16  0.00E+00
8.414E+01 4.368E-05 7.926E-16  0.00E+00
7.943E+01 4.843E-05 9.928E-16  0.00E+00
7.499E+01 5.359E-05 1.243E-15  0.00E+00
7.079E+01 5.915E-05 1.555E-15  0.00E+00
6.683E+01 6.511E-05 1.943E-15  0.00E+00
6.310E+01 7.145E-05 2.427E-15  0.00E+00
5.957E+01 7.812E-05 3.029E-15  0.00E+00
5.623E+01 8.507E-05 3.776E-15  0.00E+00
5.309E+01 9.220E-05 4.704E-15  0.00E+00
5.012E+01 9.941E-05 5.855E-15  0.00E+00
4.732E+01 1.066E-04 7.281E-15  0.00E+00
4.467E+01 1.135E-04 9.048E-15  0.00E+00
4.217E+01 1.200E-04 1.124E-14  0.00E+00
3.981E+01 1.259E-04 1.395E-14  0.00E+00
3.758E+01 1.310E-04 1.731E-14  0.00E+00
3.548E+01 1.351E-04 2.148E-14  0.00E+00
3.350E+01 1.381E-04 2.668E-14  0.00E+00
3.162E+01 1.400E-04 3.315E-14  0.00E+00
2.985E+01 1.407E-04 4.124E-14  0.00E+00
2.818E+01 1.405E-04 5.136E-14  0.00E+00
2.661E+01 1.394E-04 6.405E-14  0.00E+00
2.512E+01 1.377E-04 7.999E-14  0.00E+00
2.371E+01 1.353E-04 1.000E-13  0.00E+00
2.239E+01 1.324E-04 1.252E-13  0.00E+00
2.113E+01 1.297E-04 1.570E-13  0.00E+00
1.995E+01 1.271E-04 1.970E-13  0.00E+00
1.884E+01 1.245E-04 2.473E-13  0.00E+00
1.778E+01 1.224E-04 3.109E-13  0.00E+00
1.679E+01 1.209E-04 3.910E-13  0.00E+00
1.585E+01 1.201E-04 4.921E-13  0.00E+00
1.496E+01 1.202E-04 6.196E-13  0.00E+00
1.413E+01 1.215E-04 7.804E-13  0.00E+00
1.334E+01 1.240E-04 9.829E-13  0.00E+00
1.259E+01 1.275E-04 1.238E-12  0.00E+00
1.189E+01 1.314E-04 1.561E-12  0.00E+00
1.122E+01 1.396E-04 1.955E-12  0.00E+00
1.059E+01 1.454E-04 2.469E-12  5.07E-07
1.000E+01 1.543E-04 3.108E-12  5.86E-07
9.441E+00 1.647E-04 3.913E-12  6.69E-07
8.913E+00 1.771E-04 4.925E-12  7.60E-07
8.414E+00 1.914E-04 6.197E-12  8.63E-07
7.943E+00 2.075E-04 7.795E-12  9.84E-07
7.499E+00 2.250E-04 9.802E-12  1.12E-06
7.079E+00 2.450E-04 1.233E-11  1.26E-06
6.683E+00 2.674E-04 1.550E-11  1.42E-06
6.310E+00 2.882E-04 1.948E-11  1.63E-06
5.957E+00 3.202E-04 2.448E-11  1.77E-06
5.623E+00 3.508E-04 3.076E-11  1.98E-06
5.309E+00 3.849E-04 3.864E-11  2.20E-06
5.012E+00 4.220E-04 4.851E-11  2.47E-06
4.732E+00 4.616E-04 6.091E-11  2.75E-06
4.467E+00 5.052E-04 7.646E-11  3.07E-06
4.217E+00 5.532E-04 9.597E-11  3.41E-06
3.981E+00 6.057E-04 1.204E-10  3.80E-06
3.758E+00 6.630E-04 1.511E-10  4.21E-06
3.548E+00 7.258E-04 1.896E-10  4.66E-06
3.350E+00 7.953E-04 2.378E-10  5.16E-06
3.162E+00 8.692E-04 2.982E-10  5.71E-06
2.985E+00 9.530E-04 3.740E-10  6.32E-06
2.818E+00 1.043E-03 4.690E-10  6.98E-06
2.661E+00 1.141E-03 5.878E-10  7.73E-06
2.512E+00 1.247E-03 7.365E-10  8.56E-06
2.371E+00 1.361E-03 9.229E-10  9.48E-06
2.239E+00 1.487E-03 1.157E-09  1.05E-05
2.113E+00 1.626E-03 1.449E-09  1.16E-05
1.995E+00 1.775E-03 1.816E-09  1.28E-05
1.884E+00 1.938E-03 2.275E-09  1.41E-05
1.778E+00 2.119E-03 2.850E-09  1.55E-05
1.679E+00 2.316E-03 3.570E-09  1.71E-05
1.585E+00 2.528E-03 4.471E-09  1.89E-05
1.496E+00 2.759E-03 5.601E-09  2.08E-05
1.413E+00 3.017E-03 7.019E-09  2.29E-05
1.334E+00 3.305E-03 8.792E-09  2.52E-05
1.259E+00 3.618E-03 1.101E-08  2.77E-05
1.189E+00 3.957E-03 1.379E-08  3.05E-05
1.122E+00 4.334E-03 1.727E-08  3.35E-05
1.059E+00 4.755E-03 2.163E-08  3.69E-05
1.000E+00 5.221E-03 2.707E-08  4.05E-05
9.441E-01 5.731E-03 3.387E-08  4.46E-05
8.913E-01 6.286E-03 4.236E-08  4.91E-05
8.414E-01 6.887E-03 5.295E-08  5.43E-05
7.943E-01 7.536E-03 6.616E-08  6.01E-05
7.499E-01 8.235E-03 8.265E-08  6.66E-05
7.079E-01 8.983E-03 1.033E-07  7.40E-05
6.683E-01 9.782E-03 1.290E-07  8.25E-05
6.310E-01 1.063E-02 1.614E-07  9.20E-05
5.957E-01 1.156E-02 2.022E-07  1.03E-04
5.623E-01 1.259E-02 2.537E-07  1.15E-04
5.309E-01 1.374E-02 3.191E-07  1.28E-04
5.012E-01 1.503E-02 4.025E-07  1.42E-04
4.732E-01 1.654E-02 5.088E-07  1.58E-04
4.467E-01 1.835E-02 6.444E-07  1.75E-04
4.217E-01 2.051E-02 8.171E-07  1.92E-04
3.981E-01 2.286E-02 1.037E-06  2.09E-04
3.758E-01 2.531E-02 1.316E-06  2.27E-04
3.548E-01 2.788E-02 1.685E-06  2.45E-04
3.350E-01 3.099E-02 2.184E-06  2.61E-04
3.162E-01 3.519E-02 2.880E-06  2.62E-04
2.985E-01 4.071E-02 3.846E-06  2.39E-04
2.818E-01 4.763E-02 5.271E-06  1.73E-04
2.661E-01 5.761E-02 7.513E-06  7.37E-05
2.512E-01 7.425E-02 1.137E-05  1.95E-05
2.371E-01 1.081E-01 1.859E-05  4.00E-05
2.239E-01 1.676E-01 2.892E-05  1.12E-04
2.113E-01 2.136E-01 3.308E-05  2.14E-04
1.995E-01 1.780E-01 2.360E-05  3.35E-04
1.884E-01 1.229E-01 1.376E-05  4.75E-04
1.778E-01 8.539E-02 8.504E-06  6.44E-04
1.679E-01 6.274E-02 6.595E-06  8.35E-04
1.585E-01 4.829E-02 7.125E-06  1.03E-03
1.496E-01 3.874E-02 9.989E-06  1.24E-03
1.413E-01 3.378E-02 1.587E-05  1.46E-03
1.334E-01 3.349E-02 2.586E-05  1.72E-03
1.259E-01 3.810E-02 4.280E-05  2.07E-03
1.189E-01 4.965E-02 7.036E-05  2.50E-03
1.122E-01 6.681E-02 1.197E-04  2.79E-03
1.059E-01 1.171E-01 2.132E-04  1.97E-03
1.000E-01 1.878E-01 3.192E-04  1.92E-03
9.441E-02 2.852E-01 4.817E-04  1.70E-03
8.913E-02 3.413E-01 5.712E-04  1.88E-03
8.414E-02 3.925E-01 7.945E-04  1.73E-03
7.943E-02 5.066E-01 1.223E-03  1.71E-03
7.499E-02 6.412E-01 1.693E-03  2.07E-03
7.079E-02 6.793E-01 1.955E-03  2.55E-03
6.683E-02 5.745E-01 1.774E-03  3.17E-03
6.310E-02 4.581E-01 1.451E-03  3.83E-03
5.957E-02 3.952E-01 1.347E-03  4.51E-03
5.623E-02 3.321E-01 1.243E-03  5.24E-03
5.309E-02 2.668E-01 1.081E-03  6.05E-03
5.012E-02 2.220E-01 9.619E-04  6.94E-03
4.732E-02 1.859E-01 8.720E-04  7.94E-03
4.467E-02 1.558E-01 7.785E-04  9.06E-03
4.217E-02 1.299E-01 6.697E-04  1.03E-02
3.981E-02 1.213E-01 5.921E-04  1.18E-02
3.758E-02 1.238E-01 5.759E-04  1.33E-02
3.548E-02 1.277E-01 6.938E-04  1.50E-02
3.350E-02 1.151E-01 7.221E-04  1.69E-02
3.162E-02 1.034E-01 7.347E-04  1.91E-02
2.985E-02 9.256E-02 7.401E-04  2.16E-02
2.818E-02 8.267E-02 7.406E-04  2.44E-02
2.661E-02 7.380E-02 7.395E-04  2.75E-02
2.512E-02 6.575E-02 7.354E-04  3.10E-02
2.371E-02 5.849E-02 7.295E-04  3.50E-02
2.239E-02 5.200E-02 7.224E-04  3.94E-02
2.113E-02 4.620E-02 7.138E-04  4.44E-02
1.995E-02 4.102E-02 7.041E-04  5.01E-02
1.884E-02 3.632E-02 6.915E-04  5.64E-02
1.778E-02 3.216E-02 6.778E-04  6.36E-02
1.679E-02 2.845E-02 6.628E-04  7.16E-02
1.585E-02 2.515E-02 6.461E-04  8.07E-02
1.496E-02 2.220E-02 6.279E-04  9.09E-02
1.413E-02 1.959E-02 6.081E-04  1.02E-01
1.334E-02 1.727E-02 5.865E-04  1.15E-01
1.259E-02 1.522E-02 5.636E-04  1.30E-01
1.189E-02 1.342E-02 5.398E-04  1.46E-01
1.122E-02 1.178E-02 5.128E-04  1.65E-01
1.059E-02 1.034E-02 4.845E-04  1.86E-01
1.000E-02 9.082E-03 4.555E-04  2.09E-01
9.441E-03 7.968E-03 4.253E-04  2.35E-01
8.913E-03 6.982E-03 3.938E-04  2.64E-01
8.414E-03 6.115E-03 3.616E-04  2.96E-01
7.943E-03 5.353E-03 3.288E-04  3.32E-01
7.499E-03 4.677E-03 2.957E-04  3.71E-01
7.079E-03 4.092E-03 2.631E-04  4.13E-01
6.683E-03 3.575E-03 2.308E-04  4.58E-01
6.310E-03 3.119E-03 1.989E-04  5.05E-01
5.957E-03 2.725E-03 1.680E-04  5.53E-01
5.623E-03 2.368E-03 1.366E-04  6.01E-01
5.309E-03 2.060E-03 1.055E-04  6.46E-01
5.012E-03 1.793E-03 7.884E-05  6.86E-01
4.732E-03 1.560E-03 3.036E-05  7.20E-01
4.467E-03 1.357E-03 2.954E-05  7.47E-01
4.217E-03 2.736E-02 1.777E-04  7.67E-01
3.981E-03 2.453E-02 2.251E-04  7.82E-01
3.758E-03 2.188E-02 2.230E-04  7.95E-01
3.548E-03 1.942E-02 2.211E-04  8.07E-01
3.350E-03 1.716E-02 2.139E-04  8.21E-01
3.162E-03 1.511E-02 2.028E-04  8.38E-01
2.985E-03 1.330E-02 1.903E-04  8.56E-01
2.818E-03 1.159E-02 1.768E-04  8.72E-01
2.661E-03 1.007E-02 1.629E-04  8.85E-01
2.512E-03 8.730E-03 1.489E-04  8.94E-01
2.371E-03 7.561E-03 1.356E-04  9.01E-01
2.239E-03 6.537E-03 1.230E-04  9.08E-01
2.113E-03 5.628E-03 1.109E-04  9.17E-01
1.995E-03 4.844E-03 9.975E-05  9.27E-01
1.884E-03 4.160E-03 8.956E-05  9.34E-01
1.778E-03 3.563E-03 8.021E-05  9.38E-01
1.679E-03 3.047E-03 7.166E-05  9.43E-01
1.585E-03 2.604E-03 6.390E-05  9.49E-01
1.496E-03 2.221E-03 5.692E-05  9.54E-01
1.413E-03 1.893E-03 5.068E-05  9.58E-01
1.334E-03 1.611E-03 4.510E-05  9.62E-01
1.259E-03 1.371E-03 4.006E-05  9.66E-01
1.189E-03 1.168E-03 3.565E-05  9.69E-01
1.122E-03 9.871E-04 3.162E-05  9.71E-01
1.059E-03 8.356E-04 2.803E-05  9.74E-01
1.000E-03 7.087E-04 2.488E-05  9.76E-01
