1.000E+03 5.262E-07 1.648E-19  0.00E+00
9.441E+02 5.828E-07 2.074E-19  0.00E+00
8.913E+02 6.459E-07 2.610E-19  0.00E+00
8.414E+02 7.161E-07 3.286E-19  0.00E+00
7.943E+02 7.943E-07 4.136E-19  0.00E+00
7.499E+02 8.817E-07 5.206E-19  0.00E+00
7.079E+02 9.792E-07 6.553E-19  0.00E+00
6.683E+02 1.088E-06 8.248E-19  0.00E+00
6.310E+02 1.210E-06 1.038E-18  0.00E+00
5.957E+02 1.346E-06 1.307E-18  0.00E+00
5.623E+02 1.499E-06 1.645E-18  0.00E+00
5.309E+02 1.670E-06 2.071E-18  0.00E+00
5.012E+02 1.861E-06 2.606E-18  0.00E+00
4.732E+02 2.075E-06 3.281E-18  0.00E+00
4.467E+02 2.315E-06 4.130E-18  0.00E+00
4.217E+02 2.584E-06 5.198E-18  0.00E+00
3.981E+02 2.885E-06 6.543E-18  0.00E+00
3.758E+02 3.223E-06 8.235E-18  0.00E+00
3.548E+02 3.602E-06 1.037E-17  0.00E+00
3.350E+02 4.027E-06 1.305E-17  0.00E+00
3.162E+02 4.504E-06 1.642E-17  0.00E+00
2.985E+02 5.038E-06 2.067E-17  0.00E+00
2.818E+02 5.637E-06 2.601E-17  0.00E+00
2.661E+02 6.308E-06 3.274E-17  0.00E+00
2.512E+02 7.061E-06 4.120E-17  0.00E+00
2.371E+02 7.905E-06 5.185E-17  0.00E+00
2.239E+02 8.851E-06 6.524E-17  0.00E+00
2.113E+02 9.911E-06 8.209E-17  0.00E+00
1.995E+02 1.110E-05 1.033E-16  0.00E+00
1.884E+02 1.243E-05 1.300E-16  0.00E+00
1.778E+02 1.392E-05 1.635E-16  0.00E+00
1.679E+02 1.560E-05 2.057E-16  0.00E+00
1.585E+02 1.747E-05 2.587E-16  0.00E+00
1.496E+02 1.957E-05 3.254E-16  0.00E+00
1.413E+02 2.192E-05 4.092E-16  0.00E+00
1.334E+02 2.455E-05 5.145E-16  0.00E+00
1.259E+02 2.750E-05 6.468E-16  0.00E+00
1.189E+02 3.080E-05 8.130E-16  0.00E+00
1.122E+02 3.448E-05 1.022E-15  0.00E+00
1.059E+02 3.860E-05 1.283E-15  0.00E+00
1.000E+02 4.319E-05 1.612E-15  0.00E+00
9.441E+01 4.828E-05 2.023E-15  0.00E+00
8.913E+01 5.391E-05 2.539E-15  0.00E+00
8.414E+01 6.013E-05 3.184E-15  0.00E+00
7.943E+01 6.699E-05 3.991E-15  0.00E+00
7.499E+01 7.451E-05 5.000E-15  0.00E+00
7.079E+01 8.271E-05 6.260E-15  0.00E+00
6.683E+01 9.161E-05 7.830E-15  0.00E+00
6.310E+01 1.012E-04 9.787E-15  0.00E+00
5.957E+01 1.114E-04 1.222E-14  0.00E+00
5.623E+01 1.222E-04 1.525E-14  0.00E+00
5.309E+01 1.334E-04 1.900E-14  0.00E+00
5.012E+01 1.449E-04 2.365E-14  0.00E+00
4.732E+01 1.565E-04 2.940E-14  0.00E+00
4.467E+01 1.678E-04 3.652E-14  0.00E+00
4.217E+01 1.785E-04 4.531E-14  0.00E+00
3.981E+01 1.883E-04 5.618E-14  0.00E+00
3.758E+01 1.967E-04 6.961E-14  0.00E+00
3.548E+01 2.035E-04 8.626E-14  0.00E+00
3.350E+01 2.083E-04 1.069E-13  0.00E+00
3.162E+01 2.110E-04 1.326E-13  0.00E+00
2.985E+01 2.117E-04 1.646E-13  0.00E+00
2.818E+01 2.106E-04 2.047E-13  0.00E+00
2.661E+01 2.080E-04 2.549E-13  0.00E+00
2.512E+01 2.042E-04 3.180E-13  0.00E+00
2.371E+01 1.992E-04 3.972E-13  0.00E+00
2.239E+01 1.936E-04 4.972E-13  0.00E+00
2.113E+01 1.882E-04 6.232E-13  0.00E+00
1.995E+01 1.830E-04 7.820E-13  0.00E+00
1.884E+01 1.782E-04 9.821E-13  0.00E+00
1.778E+01 1.741E-04 1.235E-12  0.00E+00
1.679E+01 1.710E-04 1.554E-12  0.00E+00
1.585E+01 1.693E-04 1.956E-12  0.00E+00
1.496E+01 1.689E-04 2.464E-12  2.33E-07
1.413E+01 1.703E-04 3.104E-12  3.19E-07
1.334E+01 1.735E-04 3.910E-12  4.19E-07
1.259E+01 1.785E-04 4.926E-12  5.40E-07
1.189E+01 1.840E-04 6.214E-12  6.79E-07
1.122E+01 1.956E-04 7.782E-12  8.14E-07
1.059E+01 2.040E-04 9.829E-12  9.58E-07
1.000E+01 2.167E-04 1.237E-11  1.11E-06
9.441E+00 2.315E-04 1.558E-11  1.28E-06
8.913E+00 2.493E-04 1.961E-11  1.46E-06
8.414E+00 2.697E-04 2.468E-11  1.66E-06
7.943E+00 2.928E-04 3.104E-11  1.91E-06
7.499E+00 3.179E-04 3.904E-11  2.18E-06
7.079E+00 3.464E-04 4.909E-11  2.46E-06
6.683E+00 3.783E-04 6.172E-11  2.78E-06
6.310E+00 4.079E-04 7.756E-11  3.21E-06
5.957E+00 4.533E-04 9.750E-11  3.48E-06
5.623E+00 4.968E-04 1.225E-10  3.89E-06
5.309E+00 5.451E-04 1.539E-10  4.35E-06
5.012E+00 5.977E-04 1.931E-10  4.88E-06
4.732E+00 6.538E-04 2.425E-10  5.45E-06
4.467E+00 7.156E-04 3.044E-10  6.08E-06
4.217E+00 7.834E-04 3.821E-10  6.78E-06
3.981E+00 8.576E-04 4.794E-10  7.54E-06
3.758E+00 9.386E-04 6.015E-10  8.37E-06
3.548E+00 1.027E-03 7.548E-10  9.28E-06
3.350E+00 1.125E-03 9.467E-10  1.03E-05
3.162E+00 1.230E-03 1.187E-09  1.14E-05
2.985E+00 1.348E-03 1.489E-09  1.26E-05
2.818E+00 1.476E-03 1.867E-09  1.39E-05
2.661E+00 1.614E-03 2.340E-09  1.54E-05
2.512E+00 1.763E-03 2.932E-09  1.71E-05
2.371E+00 1.925E-03 3.674E-09  1.89E-05
2.239E+00 2.103E-03 4.605E-09  2.09E-05
2.113E+00 2.298E-03 5.770E-09  2.30E-05
1.995E+00 2.509E-03 7.229E-09  2.54E-05
1.884E+00 2.740E-03 9.057E-09  2.81E-05
1.778E+00 2.995E-03 1.135E-08  3.09E-05
1.679E+00 3.274E-03 1.421E-08  3.41E-05
1.585E+00 3.573E-03 1.780E-08  3.77E-05
1.496E+00 3.899E-03 2.230E-08  4.15E-05
1.413E+00 4.264E-03 2.794E-08  4.57E-05
1.334E+00 4.670E-03 3.500E-08  5.02E-05
1.259E+00 5.113E-03 4.383E-08  5.53E-05
1.189E+00 5.592E-03 5.490E-08  6.08E-05
1.122E+00 6.124E-03 6.876E-08  6.69E-05
1.059E+00 6.720E-03 8.611E-08  7.35E-05
1.000E+00 7.379E-03 1.078E-07  8.08E-05
9.441E-01 8.100E-03 1.349E-07  8.89E-05
8.913E-01 8.885E-03 1.687E-07  9.80E-05
8.414E-01 9.733E-03 2.108E-07  1.08E-04
7.943E-01 1.065E-02 2.634E-07  1.20E-04
7.499E-01 1.164E-02 3.291E-07  1.33E-04
7.079E-01 1.270E-02 4.112E-07  1.48E-04
6.683E-01 1.383E-02 5.138E-07  1.65E-04
6.310E-01 1.503E-02 6.428E-07  1.84E-04
5.957E-01 1.634E-02 8.052E-07  2.05E-04
5.623E-01 1.780E-02 1.010E-06  2.29E-04
5.309E-01 1.942E-02 1.271E-06  2.55E-04
5.012E-01 2.126E-02 1.603E-06  2.84E-04
4.732E-01 2.339E-02 2.027E-06  3.15E-04
4.467E-01 2.595E-02 2.567E-06  3.49E-04
4.217E-01 2.902E-02 3.255E-06  3.82E-04
3.981E-01 3.235E-02 4.129E-06  4.16E-04
3.758E-01 3.582E-02 5.245E-06  4.52E-04
3.548E-01 3.947E-02 6.713E-06  4.89E-04
3.350E-01 4.387E-02 8.705E-06  5.19E-04
3.162E-01 4.983E-02 1.148E-05  5.23E-04
2.985E-01 5.767E-02 1.533E-05  4.76E-04
2.818E-01 6.748E-02 2.102E-05  3.44E-04
2.661E-01 8.163E-02 2.997E-05  1.46E-04
2.512E-01 1.052E-01 4.538E-05  3.88E-05
2.371E-01 1.533E-01 7.422E-05  8.01E-05
2.239E-01 2.375E-01 1.155E-04  2.23E-04
2.113E-01 3.022E-01 1.318E-04  4.27E-04
1.995E-01 2.513E-01 9.380E-05  6.70E-04
1.884E-01 1.735E-01 5.465E-05  9.49E-04
1.778E-01 1.206E-01 3.381E-05  1.29E-03
1.679E-01 8.866E-02 2.625E-05  1.67E-03
1.585E-01 6.830E-02 2.838E-05  2.06E-03
1.496E-01 5.485E-02 3.981E-05  2.47E-03
1.413E-01 4.790E-02 6.327E-05  2.92E-03
1.334E-01 4.758E-02 1.032E-04  3.43E-03
1.259E-01 5.426E-02 1.709E-04  4.13E-03
1.189E-01 7.094E-02 2.814E-04  4.98E-03
1.122E-01 9.596E-02 4.795E-04  5.55E-03
1.059E-01 1.684E-01 8.562E-04  3.91E-03
1.000E-01 2.698E-01 1.282E-03  3.81E-03
9.441E-02 4.086E-01 1.932E-03  3.38E-03
8.913E-02 4.872E-01 2.284E-03  3.75E-03
8.414E-02 5.611E-01 3.184E-03  3.45E-03
7.943E-02 7.232E-01 4.891E-03  3.43E-03
7.499E-02 9.060E-01 6.692E-03  4.16E-03
7.079E-02 9.467E-01 7.613E-03  5.16E-03
6.683E-02 7.923E-01 6.824E-03  6.42E-03
6.310E-02 6.300E-01 5.553E-03  7.76E-03
5.957E-02 5.426E-01 5.135E-03  9.13E-03
5.623E-02 4.555E-01 4.730E-03  1.06E-02
5.309E-02 3.660E-01 4.104E-03  1.22E-02
5.012E-02 3.048E-01 3.649E-03  1.40E-02
4.732E-02 2.554E-01 3.303E-03  1.61E-02
4.467E-02 2.143E-01 2.945E-03  1.83E-02
4.217E-02 1.790E-01 2.530E-03  2.09E-02
3.981E-02 1.673E-01 2.232E-03  2.38E-02
3.758E-02 1.708E-01 2.164E-03  2.70E-02
3.548E-02 1.758E-01 2.590E-03  3.04E-02
3.350E-02 1.583E-01 2.680E-03  3.43E-02
3.162E-02 1.422E-01 2.712E-03  3.88E-02
2.985E-02 1.272E-01 2.716E-03  4.38E-02
2.818E-02 1.137E-01 2.700E-03  4.94E-02
2.661E-02 1.015E-01 2.676E-03  5.58E-02
2.512E-02 9.047E-02 2.641E-03  6.30E-02
2.371E-02 8.054E-02 2.597E-03  7.11E-02
2.239E-02 7.165E-02 2.548E-03  8.02E-02
2.113E-02 6.372E-02 2.491E-03  9.04E-02
1.995E-02 5.663E-02 2.429E-03  1.02E-01
1.884E-02 5.019E-02 2.355E-03  1.15E-01
1.778E-02 4.450E-02 2.276E-03  1.30E-01
1.679E-02 3.941E-02 2.191E-03  1.46E-01
1.585E-02 3.489E-02 2.100E-03  1.64E-01
1.496E-02 3.085E-02 2.002E-03  1.85E-01
1.413E-02 2.726E-02 1.900E-03  2.08E-01
1.334E-02 2.407E-02 1.792E-03  2.34E-01
1.259E-02 2.125E-02 1.680E-03  2.63E-01
1.189E-02 1.876E-02 1.568E-03  2.95E-01
1.122E-02 1.648E-02 1.449E-03  3.31E-01
1.059E-02 1.449E-02 1.330E-03  3.70E-01
1.000E-02 1.274E-02 1.214E-03  4.12E-01
9.441E-03 1.119E-02 1.099E-03  4.57E-01
8.913E-03 9.814E-03 9.882E-04  5.04E-01
8.414E-03 8.602E-03 8.820E-04  5.52E-01
7.943E-03 7.533E-03 7.818E-04  5.99E-01
7.499E-03 6.584E-03 6.881E-04  6.44E-01
7.079E-03 5.762E-03 6.023E-04  6.85E-01
6.683E-03 5.035E-03 5.229E-04  7.19E-01
6.310E-03 4.393E-03 4.486E-04  7.46E-01
5.957E-03 3.839E-03 3.795E-04  7.67E-01
5.623E-03 3.338E-03 3.099E-04  7.82E-01
5.309E-03 2.904E-03 2.407E-04  7.94E-01
5.012E-03 2.529E-03 1.804E-04  8.07E-01
4.732E-03 2.202E-03 6.940E-05  8.21E-01
4.467E-03 1.917E-03 6.711E-05  8.38E-01
4.217E-03 3.837E-02 3.957E-04  8.56E-01
3.981E-03 3.442E-02 4.949E-04  8.72E-01
3.758E-03 3.072E-02 4.845E-04  8.85E-01
3.548E-03 2.728E-02 4.759E-04  8.94E-01
3.350E-03 2.412E-02 4.574E-04  9.01E-01
3.162E-03 2.125E-02 4.319E-04  9.08E-01
2.985E-03 1.871E-02 4.036E-04  9.18E-01
2.818E-03 1.632E-02 3.736E-04  9.27E-01
2.661E-03 1.418E-02 3.428E-04  9.34E-01
2.512E-03 1.230E-02 3.120E-04  9.38E-01
2.371E-03 1.066E-02 2.827E-04  9.43E-01
2.239E-03 9.217E-03 2.551E-04  9.49E-01
2.113E-03 7.937E-03 2.294E-04  9.54E-01
1.995E-03 6.833E-03 2.059E-04  9.58E-01
1.884E-03 5.869E-03 1.844E-04  9.62E-01
1.778E-03 5.028E-03 1.646E-04  9.66E-01
1.679E-03 4.301E-03 1.466E-04  9.69E-01
1.585E-03 3.675E-03 1.305E-04  9.71E-01
1.496E-03 3.136E-03 1.160E-04  9.74E-01
1.413E-03 2.672E-03 1.031E-04  9.76E-01
1.334E-03 2.274E-03 9.157E-05  9.79E-01
1.259E-03 1.936E-03 8.125E-05  9.81E-01
1.189E-03 1.649E-03 7.220E-05  9.82E-01
1.122E-03 1.394E-03 6.393E-05  9.84E-01
1.059E-03 1.180E-03 5.662E-05  9.86E-01
1.000E-03 1.001E-03 5.019E-05  9.87E-01
