1.000E+03 9.502E-06 6.587E-14  0.00E+00
9.441E+02 1.066E-05 8.293E-14  0.00E+00
8.913E+02 1.196E-05 1.044E-13  0.00E+00
8.414E+02 1.343E-05 1.314E-13  0.00E+00
7.943E+02 1.507E-05 1.655E-13  0.00E+00
7.499E+02 1.691E-05 2.083E-13  0.00E+00
7.079E+02 1.898E-05 2.622E-13  0.00E+00
6.683E+02 2.130E-05 3.301E-13  0.00E+00
6.310E+02 2.390E-05 4.156E-13  0.00E+00
5.957E+02 2.683E-05 5.233E-13  0.00E+00
5.623E+02 3.011E-05 6.587E-13  0.00E+00
5.309E+02 3.380E-05 8.293E-13  0.00E+00
5.012E+02 3.794E-05 1.044E-12  0.00E+00
4.732E+02 4.260E-05 1.314E-12  0.00E+00
4.467E+02 4.783E-05 1.655E-12  0.00E+00
4.217E+02 5.370E-05 2.083E-12  0.00E+00
3.981E+02 6.031E-05 2.623E-12  0.00E+00
3.758E+02 6.773E-05 3.302E-12 -3.02E-05
3.548E+02 7.609E-05 4.157E-12 -3.20E-05
3.350E+02 8.549E-05 5.233E-12 -3.36E-05
3.162E+02 9.607E-05 6.588E-12 -3.51E-05
2.985E+02 1.080E-04 8.294E-12 -3.63E-05
2.818E+02 1.214E-04 1.044E-11 -3.72E-05
2.661E+02 1.366E-04 1.315E-11 -3.77E-05
2.512E+02 1.537E-04 1.655E-11 -3.77E-05
2.371E+02 1.731E-04 2.083E-11 -3.70E-05
2.239E+02 1.951E-04 2.623E-11 -3.56E-05
2.113E+02 2.201E-04 3.302E-11 -3.32E-05
1.995E+02 2.485E-04 4.156E-11 -2.97E-05
1.884E+02 2.809E-04 5.231E-11 -2.48E-05
1.778E+02 3.179E-04 6.583E-11 -1.83E-05
1.679E+02 3.599E-04 8.282E-11 -9.96E-06
1.585E+02 4.069E-04 1.041E-10  7.38E-07
1.496E+02 4.582E-04 1.309E-10  1.42E-05
1.413E+02 5.122E-04 1.645E-10  3.11E-05
1.334E+02 5.689E-04 2.067E-10  5.21E-05
1.259E+02 6.307E-04 2.599E-10  7.74E-05
1.189E+02 7.010E-04 3.270E-10  1.07E-04
1.122E+02 7.822E-04 4.115E-10  1.41E-04
1.059E+02 8.760E-04 5.178E-10  1.76E-04
1.000E+02 9.837E-04 6.514E-10  2.09E-04
9.441E+01 1.106E-03 8.192E-10  2.38E-04
8.913E+01 1.245E-03 1.030E-09  2.68E-04
8.414E+01 1.401E-03 1.295E-09  2.95E-04
7.943E+01 1.578E-03 1.627E-09  3.11E-04
7.499E+01 1.776E-03 2.043E-09  3.14E-04
7.079E+01 1.999E-03 2.564E-09  3.08E-04
6.683E+01 2.248E-03 3.215E-09  2.89E-04
6.310E+01 2.525E-03 4.029E-09  2.56E-04
5.957E+01 2.831E-03 5.044E-09  2.07E-04
5.623E+01 3.165E-03 6.307E-09  1.41E-04
5.309E+01 3.526E-03 7.876E-09  6.18E-05
5.012E+01 3.911E-03 9.819E-09 -3.05E-05
4.732E+01 4.313E-03 1.222E-08 -1.23E-04
4.467E+01 4.722E-03 1.517E-08 -2.03E-04
4.217E+01 5.124E-03 1.880E-08 -2.60E-04
3.981E+01 5.500E-03 2.325E-08 -3.07E-04
3.758E+01 5.830E-03 2.870E-08 -3.51E-04
3.548E+01 6.095E-03 3.539E-08 -3.91E-04
3.350E+01 6.275E-03 4.360E-08 -4.26E-04
3.162E+01 6.359E-03 5.374E-08 -4.51E-04
2.985E+01 6.347E-03 6.633E-08 -4.65E-04
2.818E+01 6.252E-03 8.202E-08 -4.70E-04
2.661E+01 6.087E-03 1.017E-07 -4.64E-04
2.512E+01 5.874E-03 1.265E-07 -4.44E-04
2.371E+01 5.631E-03 1.576E-07 -4.02E-04
2.239E+01 5.374E-03 1.971E-07 -3.73E-04
2.113E+01 5.134E-03 2.469E-07 -3.39E-04
1.995E+01 4.920E-03 3.100E-07 -2.92E-04
1.884E+01 4.735E-03 3.895E-07 -2.31E-04
1.778E+01 4.585E-03 4.901E-07 -1.80E-04
1.679E+01 4.481E-03 6.172E-07 -1.27E-04
1.585E+01 4.425E-03 7.776E-07 -7.05E-05
1.496E+01 4.417E-03 9.801E-07 -1.60E-05
1.413E+01 4.465E-03 1.236E-06  4.26E-05
1.334E+01 4.572E-03 1.557E-06  1.09E-04
1.259E+01 4.730E-03 1.963E-06  1.90E-04
1.189E+01 4.914E-03 2.477E-06  2.81E-04
1.122E+01 5.246E-03 3.103E-06  3.68E-04
1.059E+01 5.514E-03 3.920E-06  4.63E-04
1.000E+01 5.895E-03 4.936E-06  5.63E-04
9.441E+00 6.335E-03 6.218E-06  6.69E-04
8.913E+00 6.854E-03 7.828E-06  7.84E-04
8.414E+00 7.449E-03 9.852E-06  9.14E-04
7.943E+00 8.119E-03 1.239E-05  1.07E-03
7.499E+00 8.848E-03 1.559E-05  1.24E-03
7.079E+00 9.676E-03 1.961E-05  1.41E-03
6.683E+00 1.060E-02 2.467E-05  1.61E-03
6.310E+00 1.149E-02 3.101E-05  1.87E-03
5.957E+00 1.278E-02 3.900E-05  2.03E-03
5.623E+00 1.406E-02 4.902E-05  2.29E-03
5.309E+00 1.547E-02 6.160E-05  2.56E-03
5.012E+00 1.702E-02 7.739E-05  2.88E-03
4.732E+00 1.870E-02 9.724E-05  3.22E-03
4.467E+00 2.056E-02 1.222E-04  3.60E-03
4.217E+00 2.261E-02 1.535E-04  4.01E-03
3.981E+00 2.488E-02 1.928E-04  4.46E-03
3.758E+00 2.739E-02 2.422E-04  4.95E-03
3.548E+00 3.016E-02 3.043E-04  5.47E-03
3.350E+00 3.326E-02 3.823E-04  6.04E-03
3.162E+00 3.660E-02 4.803E-04  6.68E-03
2.985E+00 4.042E-02 6.035E-04  7.37E-03
2.818E+00 4.460E-02 7.583E-04  8.13E-03
2.661E+00 4.921E-02 9.527E-04  8.97E-03
2.512E+00 5.427E-02 1.197E-03  9.92E-03
2.371E+00 5.989E-02 1.504E-03  1.09E-02
2.239E+00 6.617E-02 1.891E-03  1.20E-02
2.113E+00 7.318E-02 2.379E-03  1.32E-02
1.995E+00 8.095E-02 2.992E-03  1.45E-02
1.884E+00 8.965E-02 3.766E-03  1.59E-02
1.778E+00 9.945E-02 4.742E-03  1.74E-02
1.679E+00 1.104E-01 5.972E-03  1.91E-02
1.585E+00 1.226E-01 7.523E-03  2.09E-02
1.496E+00 1.364E-01 9.489E-03  2.29E-02
1.413E+00 1.521E-01 1.198E-02  2.49E-02
1.334E+00 1.699E-01 1.513E-02  2.71E-02
1.259E+00 1.899E-01 1.911E-02  2.96E-02
1.189E+00 2.126E-01 2.417E-02  3.21E-02
1.122E+00 2.384E-01 3.059E-02  3.49E-02
1.059E+00 2.680E-01 3.874E-02  3.79E-02
1.000E+00 3.016E-01 4.907E-02  4.11E-02
9.441E-01 3.396E-01 6.216E-02  4.47E-02
8.913E-01 3.826E-01 7.874E-02  4.87E-02
8.414E-01 4.310E-01 9.971E-02  5.33E-02
7.943E-01 4.855E-01 1.262E-01  5.85E-02
7.499E-01 5.467E-01 1.596E-01  6.43E-02
7.079E-01 6.152E-01 2.016E-01  7.09E-02
6.683E-01 6.917E-01 2.543E-01  7.84E-02
6.310E-01 7.768E-01 3.202E-01  8.69E-02
5.957E-01 8.716E-01 4.017E-01  9.64E-02
5.623E-01 9.762E-01 5.013E-01  1.07E-01
5.309E-01 1.090E+00 6.211E-01  1.19E-01
5.012E-01 1.211E+00 7.608E-01  1.32E-01
4.732E-01 1.338E+00 9.160E-01  1.47E-01
4.467E-01 1.463E+00 1.076E+00  1.62E-01
4.217E-01 1.566E+00 1.223E+00  1.76E-01
3.981E-01 1.627E+00 1.342E+00  1.90E-01
3.758E-01 1.644E+00 1.429E+00  2.08E-01
3.548E-01 1.634E+00 1.490E+00  2.28E-01
3.350E-01 1.602E+00 1.521E+00  2.49E-01
3.162E-01 1.551E+00 1.524E+00  2.71E-01
2.985E-01 1.499E+00 1.519E+00  2.99E-01
2.818E-01 1.449E+00 1.534E+00  3.33E-01
2.661E-01 1.425E+00 1.580E+00  3.77E-01
2.512E-01 1.452E+00 1.661E+00  4.34E-01
2.371E-01 1.503E+00 1.725E+00  4.86E-01
2.239E-01 1.508E+00 1.647E+00  5.23E-01
2.113E-01 1.465E+00 1.474E+00  5.61E-01
1.995E-01 1.362E+00 1.334E+00  5.98E-01
1.884E-01 1.290E+00 1.221E+00  6.40E-01
1.778E-01 1.271E+00 1.097E+00  6.88E-01
1.679E-01 1.249E+00 1.017E+00  7.20E-01
1.585E-01 1.220E+00 1.060E+00  7.18E-01
1.496E-01 1.262E+00 1.134E+00  7.16E-01
1.413E-01 1.335E+00 1.316E+00  7.55E-01
1.334E-01 1.404E+00 1.522E+00  7.65E-01
1.259E-01 1.472E+00 1.534E+00  7.70E-01
1.189E-01 1.454E+00 1.356E+00  7.52E-01
1.122E-01 1.375E+00 1.363E+00  7.41E-01
1.059E-01 1.291E+00 1.487E+00  7.24E-01
1.000E-01 1.257E+00 1.526E+00  7.23E-01
9.441E-02 1.232E+00 1.558E+00  7.26E-01
8.913E-02 1.215E+00 1.520E+00  7.41E-01
8.414E-02 1.173E+00 1.550E+00  7.39E-01
7.943E-02 1.138E+00 1.579E+00  7.39E-01
7.499E-02 1.079E+00 1.584E+00  7.40E-01
7.079E-02 9.965E-01 1.573E+00  7.40E-01
6.683E-02 9.200E-01 1.523E+00  7.50E-01
6.310E-02 9.004E-01 1.438E+00  7.72E-01
5.957E-02 8.838E-01 1.400E+00  7.85E-01
5.623E-02 8.426E-01 1.390E+00  7.94E-01
5.309E-02 8.145E-01 1.356E+00  8.11E-01
5.012E-02 8.010E-01 1.321E+00  8.30E-01
4.732E-02 7.856E-01 1.294E+00  8.49E-01
4.467E-02 7.740E-01 1.266E+00  8.69E-01
4.217E-02 7.654E-01 1.243E+00  8.92E-01
3.981E-02 7.900E-01 1.196E+00  9.15E-01
3.758E-02 8.264E-01 1.131E+00  9.30E-01
3.548E-02 8.283E-01 1.138E+00  9.32E-01
3.350E-02 8.109E-01 1.154E+00  9.38E-01
3.162E-02 7.967E-01 1.170E+00  9.44E-01
2.985E-02 7.827E-01 1.189E+00  9.51E-01
2.818E-02 7.685E-01 1.214E+00  9.57E-01
2.661E-02 7.534E-01 1.243E+00  9.63E-01
2.512E-02 7.367E-01 1.275E+00  9.69E-01
2.371E-02 7.180E-01 1.309E+00  9.73E-01
2.239E-02 6.971E-01 1.342E+00  9.77E-01
2.113E-02 6.740E-01 1.370E+00  9.81E-01
1.995E-02 6.484E-01 1.392E+00  9.84E-01
1.884E-02 6.199E-01 1.405E+00  9.86E-01
1.778E-02 5.896E-01 1.406E+00  9.88E-01
1.679E-02 5.575E-01 1.395E+00  9.90E-01
1.585E-02 5.241E-01 1.373E+00  9.91E-01
1.496E-02 4.897E-01 1.338E+00  9.92E-01
1.413E-02 4.550E-01 1.293E+00  9.93E-01
1.334E-02 4.206E-01 1.238E+00  9.94E-01
1.259E-02 3.868E-01 1.176E+00  9.95E-01
1.189E-02 3.543E-01 1.109E+00  9.96E-01
1.122E-02 3.220E-01 1.036E+00  9.96E-01
1.059E-02 2.916E-01 9.600E-01  9.97E-01
1.000E-02 2.634E-01 8.838E-01  9.97E-01
9.441E-03 2.368E-01 8.081E-01  9.97E-01
8.913E-03 2.121E-01 7.333E-01  9.98E-01
8.414E-03 1.894E-01 6.605E-01  9.98E-01
7.943E-03 1.686E-01 5.903E-01  9.98E-01
7.499E-03 1.496E-01 5.229E-01  9.98E-01
7.079E-03 1.326E-01 4.593E-01  9.98E-01
6.683E-03 1.172E-01 3.987E-01  9.99E-01
6.310E-03 1.033E-01 3.407E-01  9.99E-01
5.957E-03 9.106E-02 2.860E-01  9.99E-01
5.623E-03 7.980E-02 2.313E-01  9.99E-01
5.309E-03 6.992E-02 1.777E-01  9.99E-01
5.012E-03 6.124E-02 1.317E-01  9.99E-01
4.732E-03 5.361E-02 5.044E-02  9.99E-01
4.467E-03 4.696E-02 4.826E-02  9.99E-01
4.217E-03 6.003E-01 1.704E-01  9.99E-01
3.981E-03 5.619E-01 2.190E-01  9.99E-01
3.758E-03 5.232E-01 2.219E-01  9.99E-01
3.548E-03 4.837E-01 2.250E-01  1.00E+00
3.350E-03 4.441E-01 2.229E-01  1.00E+00
3.162E-03 4.052E-01 2.166E-01  1.00E+00
2.985E-03 3.681E-01 2.080E-01  1.00E+00
2.818E-03 3.309E-01 1.979E-01  1.00E+00
2.661E-03 2.953E-01 1.860E-01  1.00E+00
2.512E-03 2.625E-01 1.729E-01  1.00E+00
2.371E-03 2.323E-01 1.595E-01  1.00E+00
2.239E-03 2.047E-01 1.464E-01  1.00E+00
2.113E-03 1.793E-01 1.336E-01  1.00E+00
1.995E-03 1.566E-01 1.215E-01  1.00E+00
1.884E-03 1.362E-01 1.100E-01  1.00E+00
1.778E-03 1.180E-01 9.912E-02  1.00E+00
1.679E-03 1.019E-01 8.903E-02  1.00E+00
1.585E-03 8.784E-02 7.980E-02  1.00E+00
1.496E-03 7.550E-02 7.138E-02  1.00E+00
1.413E-03 6.473E-02 6.373E-02  1.00E+00
1.334E-03 5.539E-02 5.684E-02  1.00E+00
1.259E-03 4.737E-02 5.061E-02  1.00E+00
1.189E-03 4.050E-02 4.509E-02  1.00E+00
1.122E-03 3.436E-02 4.003E-02  1.00E+00
1.059E-03 2.917E-02 3.553E-02  1.00E+00
1.000E-03 2.480E-02 3.154E-02  1.00E+00
