1.000E+03 2.729E-04 1.656E-09 -1.94E-02
9.441E+02 2.895E-04 2.085E-09 -1.97E-02
8.913E+02 3.076E-04 2.624E-09 -1.99E-02
8.414E+02 3.274E-04 3.304E-09 -2.01E-02
7.943E+02 3.493E-04 4.159E-09 -2.03E-02
7.499E+02 3.735E-04 5.237E-09 -2.04E-02
7.079E+02 4.003E-04 6.593E-09 -2.06E-02
6.683E+02 4.300E-04 8.300E-09 -2.07E-02
6.310E+02 4.631E-04 1.045E-08 -2.07E-02
5.957E+02 5.000E-04 1.315E-08 -2.08E-02
5.623E+02 5.411E-04 1.656E-08 -2.08E-02
5.309E+02 5.871E-04 2.085E-08 -2.08E-02
5.012E+02 6.385E-04 2.625E-08 -2.07E-02
4.732E+02 6.961E-04 3.305E-08 -2.07E-02
4.467E+02 7.607E-04 4.161E-08 -2.06E-02
4.217E+02 8.330E-04 5.238E-08 -2.05E-02
3.981E+02 9.141E-04 6.595E-08 -2.03E-02
3.758E+02 1.005E-03 8.303E-08 -2.01E-02
3.548E+02 1.107E-03 1.045E-07 -1.99E-02
3.350E+02 1.222E-03 1.316E-07 -1.96E-02
3.162E+02 1.351E-03 1.657E-07 -1.93E-02
2.985E+02 1.497E-03 2.086E-07 -1.89E-02
2.818E+02 1.660E-03 2.627E-07 -1.85E-02
2.661E+02 1.844E-03 3.307E-07 -1.79E-02
2.512E+02 2.051E-03 4.164E-07 -1.73E-02
2.371E+02 2.285E-03 5.244E-07 -1.67E-02
2.239E+02 2.550E-03 6.604E-07 -1.59E-02
2.113E+02 2.850E-03 8.317E-07 -1.49E-02
1.995E+02 3.191E-03 1.048E-06 -1.38E-02
1.884E+02 3.582E-03 1.320E-06 -1.26E-02
1.778E+02 4.035E-03 1.663E-06 -1.10E-02
1.679E+02 4.575E-03 2.097E-06 -9.26E-03
1.585E+02 5.265E-03 2.648E-06 -7.12E-03
1.496E+02 6.323E-03 3.347E-06 -4.55E-03
1.413E+02 8.306E-03 4.195E-06 -1.39E-03
1.334E+02 8.971E-03 5.165E-06  2.43E-03
1.259E+02 9.306E-03 6.499E-06  7.01E-03
1.189E+02 1.049E-02 8.203E-06  1.24E-02
1.122E+02 1.233E-02 1.035E-05  1.86E-02
1.059E+02 1.494E-02 1.304E-05  2.48E-02
1.000E+02 1.841E-02 1.645E-05  3.01E-02
9.441E+01 2.264E-02 2.073E-05  3.37E-02
8.913E+01 2.784E-02 2.613E-05  3.59E-02
8.414E+01 3.430E-02 3.297E-05  3.48E-02
7.943E+01 4.155E-02 4.158E-05  2.84E-02
7.499E+01 4.901E-02 5.242E-05  1.78E-02
7.079E+01 5.643E-02 6.603E-05  4.25E-03
6.683E+01 6.348E-02 8.310E-05 -1.09E-02
6.310E+01 7.003E-02 1.044E-04 -2.66E-02
5.957E+01 7.596E-02 1.310E-04 -4.13E-02
5.623E+01 8.143E-02 1.642E-04 -5.45E-02
5.309E+01 8.658E-02 2.053E-04 -6.54E-02
5.012E+01 9.152E-02 2.561E-04 -7.45E-02
4.732E+01 9.632E-02 3.189E-04 -8.02E-02
4.467E+01 1.016E-01 3.963E-04 -8.46E-02
4.217E+01 1.076E-01 4.916E-04 -8.77E-02
3.981E+01 1.136E-01 6.088E-04 -9.08E-02
3.758E+01 1.193E-01 7.530E-04 -9.40E-02
3.548E+01 1.245E-01 9.303E-04 -9.72E-02
3.350E+01 1.287E-01 1.149E-03 -1.00E-01
3.162E+01 1.322E-01 1.420E-03 -1.02E-01
2.985E+01 1.349E-01 1.758E-03 -1.04E-01
2.818E+01 1.371E-01 2.183E-03 -1.06E-01
2.661E+01 1.391E-01 2.719E-03 -1.07E-01
2.512E+01 1.414E-01 3.398E-03 -1.08E-01
2.371E+01 1.451E-01 4.263E-03 -1.09E-01
2.239E+01 1.489E-01 5.367E-03 -1.11E-01
2.113E+01 1.535E-01 6.777E-03 -1.12E-01
1.995E+01 1.598E-01 8.581E-03 -1.13E-01
1.884E+01 1.682E-01 1.089E-02 -1.15E-01
1.778E+01 1.773E-01 1.385E-02 -1.18E-01
1.679E+01 1.877E-01 1.764E-02 -1.21E-01
1.585E+01 1.995E-01 2.251E-02 -1.24E-01
1.496E+01 2.122E-01 2.874E-02 -1.27E-01
1.413E+01 2.264E-01 3.674E-02 -1.30E-01
1.334E+01 2.424E-01 4.700E-02 -1.32E-01
1.259E+01 2.605E-01 6.017E-02 -1.33E-01
1.189E+01 2.800E-01 7.716E-02 -1.34E-01
1.122E+01 3.017E-01 9.828E-02 -1.36E-01
1.059E+01 3.238E-01 1.261E-01 -1.35E-01
1.000E+01 3.489E-01 1.613E-01 -1.34E-01
9.441E+00 3.766E-01 2.060E-01 -1.31E-01
8.913E+00 4.078E-01 2.624E-01 -1.27E-01
8.414E+00 4.430E-01 3.330E-01 -1.20E-01
7.943E+00 4.825E-01 4.201E-01 -1.12E-01
7.499E+00 5.247E-01 5.256E-01 -1.03E-01
7.079E+00 5.691E-01 6.508E-01 -9.11E-02
6.683E+00 6.144E-01 7.945E-01 -7.69E-02
6.310E+00 6.552E-01 9.521E-01 -6.08E-02
5.957E+00 6.960E-01 1.120E+00 -3.97E-02
5.623E+00 7.265E-01 1.287E+00 -1.55E-02
5.309E+00 7.471E-01 1.445E+00  1.39E-02
5.012E+00 7.575E-01 1.588E+00  4.99E-02
4.732E+00 7.583E-01 1.720E+00  9.48E-02
4.467E+00 7.557E-01 1.852E+00  1.52E-01
4.217E+00 7.558E-01 2.016E+00  2.23E-01
3.981E+00 7.638E-01 2.263E+00  2.99E-01
3.758E+00 7.730E-01 2.573E+00  3.46E-01
3.548E+00 7.648E-01 2.712E+00  3.48E-01
3.350E+00 7.501E-01 2.622E+00  3.42E-01
3.162E+00 7.456E-01 2.500E+00  3.54E-01
2.985E+00 7.613E-01 2.431E+00  3.81E-01
2.818E+00 7.932E-01 2.471E+00  4.15E-01
2.661E+00 8.616E-01 2.748E+00  4.59E-01
2.512E+00 8.706E-01 2.879E+00  4.97E-01
2.371E+00 8.185E-01 2.590E+00  4.79E-01
2.239E+00 7.990E-01 2.375E+00  4.48E-01
2.113E+00 8.222E-01 2.200E+00  4.26E-01
1.995E+00 9.465E-01 2.239E+00  4.48E-01
1.884E+00 8.665E-01 1.905E+00  4.89E-01
1.778E+00 8.825E-01 1.836E+00  4.63E-01
1.679E+00 9.120E-01 1.688E+00  4.46E-01
1.585E+00 8.950E-01 1.554E+00  5.05E-01
1.496E+00 9.295E-01 1.562E+00  5.32E-01
1.413E+00 9.662E-01 1.631E+00  5.84E-01
1.334E+00 8.949E-01 1.648E+00  6.20E-01
1.259E+00 1.007E+00 1.775E+00  6.61E-01
1.189E+00 9.438E-01 1.828E+00  6.96E-01
1.122E+00 9.766E-01 1.807E+00  6.89E-01
1.059E+00 9.722E-01 1.774E+00  7.08E-01
1.000E+00 9.972E-01 1.641E+00  6.87E-01
9.441E-01 9.970E-01 1.555E+00  6.91E-01
8.913E-01 1.025E+00 1.489E+00  6.95E-01
8.414E-01 1.027E+00 1.488E+00  7.15E-01
7.943E-01 1.035E+00 1.515E+00  7.37E-01
7.499E-01 1.034E+00 1.519E+00  7.52E-01
7.079E-01 1.033E+00 1.493E+00  7.56E-01
6.683E-01 1.026E+00 1.461E+00  7.58E-01
6.310E-01 1.019E+00 1.452E+00  7.62E-01
5.957E-01 1.010E+00 1.452E+00  7.67E-01
5.623E-01 1.001E+00 1.448E+00  7.71E-01
5.309E-01 9.905E-01 1.442E+00  7.73E-01
5.012E-01 9.797E-01 1.439E+00  7.75E-01
4.732E-01 9.687E-01 1.438E+00  7.77E-01
4.467E-01 9.581E-01 1.437E+00  7.78E-01
4.217E-01 9.478E-01 1.436E+00  7.79E-01
3.981E-01 9.378E-01 1.436E+00  7.80E-01
3.758E-01 9.277E-01 1.436E+00  7.80E-01
3.548E-01 9.155E-01 1.439E+00  7.79E-01
3.350E-01 9.000E-01 1.447E+00  7.76E-01
3.162E-01 8.808E-01 1.461E+00  7.71E-01
2.985E-01 8.599E-01 1.481E+00  7.64E-01
2.818E-01 8.335E-01 1.511E+00  7.55E-01
2.661E-01 8.071E-01 1.548E+00  7.47E-01
2.512E-01 7.862E-01 1.577E+00  7.43E-01
2.371E-01 7.697E-01 1.581E+00  7.45E-01
2.239E-01 7.665E-01 1.546E+00  7.56E-01
2.113E-01 7.797E-01 1.488E+00  7.78E-01
1.995E-01 8.138E-01 1.418E+00  8.10E-01
1.884E-01 8.622E-01 1.338E+00  8.50E-01
1.778E-01 9.198E-01 1.253E+00  8.94E-01
1.679E-01 9.717E-01 1.182E+00  9.26E-01
1.585E-01 1.004E+00 1.150E+00  9.38E-01
1.496E-01 1.011E+00 1.154E+00  9.36E-01
1.413E-01 9.969E-01 1.174E+00  9.25E-01
1.334E-01 9.723E-01 1.197E+00  9.11E-01
1.259E-01 9.411E-01 1.224E+00  8.91E-01
1.189E-01 9.051E-01 1.257E+00  8.67E-01
1.122E-01 8.554E-01 1.308E+00  8.33E-01
1.059E-01 8.018E-01 1.370E+00  8.01E-01
1.000E-01 7.738E-01 1.397E+00  7.90E-01
9.441E-02 7.449E-01 1.422E+00  7.82E-01
8.913E-02 7.468E-01 1.408E+00  7.92E-01
8.414E-02 7.222E-01 1.428E+00  7.83E-01
7.943E-02 6.955E-01 1.446E+00  7.76E-01
7.499E-02 6.710E-01 1.459E+00  7.72E-01
7.079E-02 6.494E-01 1.469E+00  7.70E-01
6.683E-02 6.477E-01 1.458E+00  7.80E-01
6.310E-02 6.787E-01 1.416E+00  8.04E-01
5.957E-02 6.921E-01 1.396E+00  8.16E-01
5.623E-02 6.890E-01 1.392E+00  8.22E-01
5.309E-02 7.002E-01 1.374E+00  8.37E-01
5.012E-02 7.172E-01 1.351E+00  8.55E-01
4.732E-02 7.315E-01 1.330E+00  8.72E-01
4.467E-02 7.494E-01 1.307E+00  8.90E-01
4.217E-02 7.727E-01 1.278E+00  9.10E-01
3.981E-02 8.114E-01 1.234E+00  9.31E-01
3.758E-02 8.446E-01 1.197E+00  9.46E-01
3.548E-02 8.451E-01 1.195E+00  9.47E-01
3.350E-02 8.462E-01 1.191E+00  9.50E-01
3.162E-02 8.503E-01 1.184E+00  9.55E-01
2.985E-02 8.553E-01 1.176E+00  9.60E-01
2.818E-02 8.609E-01 1.167E+00  9.64E-01
2.661E-02 8.667E-01 1.159E+00  9.68E-01
2.512E-02 8.727E-01 1.150E+00  9.72E-01
2.371E-02 8.787E-01 1.141E+00  9.76E-01
2.239E-02 8.847E-01 1.133E+00  9.79E-01
2.113E-02 8.905E-01 1.125E+00  9.82E-01
1.995E-02 8.962E-01 1.117E+00  9.84E-01
1.884E-02 9.016E-01 1.110E+00  9.87E-01
1.778E-02 9.068E-01 1.102E+00  9.89E-01
1.679E-02 9.116E-01 1.095E+00  9.90E-01
1.585E-02 9.160E-01 1.089E+00  9.92E-01
1.496E-02 9.198E-01 1.085E+00  9.93E-01
1.413E-02 9.230E-01 1.082E+00  9.94E-01
1.334E-02 9.253E-01 1.078E+00  9.95E-01
1.259E-02 9.265E-01 1.075E+00  9.96E-01
1.189E-02 9.263E-01 1.072E+00  9.97E-01
1.122E-02 9.241E-01 1.067E+00  9.97E-01
1.059E-02 9.198E-01 1.062E+00  9.98E-01
1.000E-02 9.127E-01 1.064E+00  9.98E-01
9.441E-03 9.022E-01 1.082E+00  9.98E-01
8.913E-03 8.879E-01 1.109E+00  9.99E-01
8.414E-03 8.692E-01 1.122E+00  9.99E-01
7.943E-03 8.461E-01 1.115E+00  9.99E-01
7.499E-03 8.179E-01 1.122E+00  9.99E-01
7.079E-03 7.858E-01 1.187E+00  9.99E-01
6.683E-03 7.494E-01 1.308E+00  1.00E+00
6.310E-03 7.093E-01 1.421E+00  1.00E+00
5.957E-03 6.671E-01 1.432E+00  1.00E+00
5.623E-03 6.216E-01 1.319E+00  1.00E+00
5.309E-03 5.755E-01 1.235E+00  1.00E+00
5.012E-03 5.297E-01 1.435E+00  1.00E+00
4.732E-03 4.848E-01 1.465E+00  1.00E+00
4.467E-03 4.424E-01 1.502E+00  1.00E+00
4.217E-03 9.933E-01 1.006E+00  1.00E+00
3.981E-03 9.898E-01 1.009E+00  1.00E+00
3.758E-03 9.873E-01 1.012E+00  1.00E+00
3.548E-03 9.844E-01 1.015E+00  1.00E+00
3.350E-03 9.809E-01 1.018E+00  1.00E+00
3.162E-03 9.765E-01 1.022E+00  1.00E+00
2.985E-03 9.710E-01 1.027E+00  1.00E+00
2.818E-03 9.634E-01 1.035E+00  1.00E+00
2.661E-03 9.533E-01 1.044E+00  1.00E+00
2.512E-03 9.400E-01 1.057E+00  1.00E+00
2.371E-03 9.229E-01 1.074E+00  1.00E+00
2.239E-03 9.010E-01 1.095E+00  1.00E+00
2.113E-03 8.735E-01 1.121E+00  1.00E+00
1.995E-03 8.406E-01 1.152E+00  1.00E+00
1.884E-03 8.020E-01 1.189E+00  1.00E+00
1.778E-03 7.579E-01 1.231E+00  1.00E+00
1.679E-03 7.095E-01 1.276E+00  1.00E+00
1.585E-03 6.579E-01 1.324E+00  1.00E+00
1.496E-03 6.043E-01 1.372E+00  1.00E+00
1.413E-03 5.500E-01 1.420E+00  1.00E+00
1.334E-03 4.963E-01 1.465E+00  1.00E+00
1.259E-03 4.447E-01 1.507E+00  1.00E+00
1.189E-03 3.960E-01 1.542E+00  1.00E+00
1.122E-03 3.486E-01 1.573E+00  1.00E+00
1.059E-03 3.054E-01 1.596E+00  1.00E+00
1.000E-03 2.667E-01 1.609E+00  1.00E+00
