1.000E+03 3.289E-05 6.587E-12 -5.28E-04
9.441E+02 3.674E-05 8.293E-12 -5.67E-04
8.913E+02 4.102E-05 1.044E-11 -6.07E-04
8.414E+02 4.581E-05 1.314E-11 -6.48E-04
7.943E+02 5.114E-05 1.655E-11 -6.89E-04
7.499E+02 5.709E-05 2.083E-11 -7.30E-04
7.079E+02 6.374E-05 2.623E-11 -7.71E-04
6.683E+02 7.116E-05 3.302E-11 -8.11E-04
6.310E+02 7.944E-05 4.157E-11 -8.49E-04
5.957E+02 8.870E-05 5.233E-11 -8.86E-04
5.623E+02 9.905E-05 6.588E-11 -9.21E-04
5.309E+02 1.106E-04 8.294E-11 -9.54E-04
5.012E+02 1.236E-04 1.044E-10 -9.85E-04
4.732E+02 1.381E-04 1.315E-10 -1.01E-03
4.467E+02 1.543E-04 1.655E-10 -1.04E-03
4.217E+02 1.725E-04 2.084E-10 -1.06E-03
3.981E+02 1.929E-04 2.623E-10 -1.07E-03
3.758E+02 2.158E-04 3.302E-10 -1.09E-03
3.548E+02 2.415E-04 4.158E-10 -1.09E-03
3.350E+02 2.703E-04 5.235E-10 -1.10E-03
3.162E+02 3.027E-04 6.591E-10 -1.09E-03
2.985E+02 3.391E-04 8.298E-10 -1.09E-03
2.818E+02 3.801E-04 1.045E-09 -1.07E-03
2.661E+02 4.262E-04 1.315E-09 -1.05E-03
2.512E+02 4.782E-04 1.656E-09 -1.03E-03
2.371E+02 5.369E-04 2.085E-09 -9.90E-04
2.239E+02 6.033E-04 2.626E-09 -9.45E-04
2.113E+02 6.787E-04 3.307E-09 -8.91E-04
1.995E+02 7.646E-04 4.165E-09 -8.24E-04
1.884E+02 8.635E-04 5.246E-09 -7.44E-04
1.778E+02 9.789E-04 6.609E-09 -6.48E-04
1.679E+02 1.117E-03 8.327E-09 -5.33E-04
1.585E+02 1.291E-03 1.049E-08 -3.96E-04
1.496E+02 1.520E-03 1.320E-08 -2.31E-04
1.413E+02 1.779E-03 1.652E-08 -3.24E-05
1.334E+02 1.945E-03 2.064E-08  2.04E-04
1.259E+02 2.075E-03 2.592E-08  4.83E-04
1.189E+02 2.265E-03 3.264E-08  8.05E-04
1.122E+02 2.515E-03 4.110E-08  1.17E-03
1.059E+02 2.821E-03 5.175E-08  1.54E-03
1.000E+02 3.181E-03 6.513E-08  1.89E-03
9.441E+01 3.594E-03 8.193E-08  2.20E-03
8.913E+01 4.064E-03 1.030E-07  2.51E-03
8.414E+01 4.602E-03 1.295E-07  2.78E-03
7.943E+01 5.217E-03 1.628E-07  2.94E-03
7.499E+01 5.910E-03 2.044E-07  2.96E-03
7.079E+01 6.689E-03 2.566E-07  2.87E-03
6.683E+01 7.561E-03 3.219E-07  2.64E-03
6.310E+01 8.529E-03 4.035E-07  2.26E-03
5.957E+01 9.595E-03 5.053E-07  1.72E-03
5.623E+01 1.076E-02 6.319E-07  1.01E-03
5.309E+01 1.200E-02 7.892E-07  1.71E-04
5.012E+01 1.331E-02 9.840E-07 -7.82E-04
4.732E+01 1.466E-02 1.225E-06 -1.71E-03
4.467E+01 1.602E-02 1.521E-06 -2.49E-03
4.217E+01 1.736E-02 1.885E-06 -3.05E-03
3.981E+01 1.862E-02 2.331E-06 -3.50E-03
3.758E+01 1.975E-02 2.878E-06 -3.94E-03
3.548E+01 2.066E-02 3.548E-06 -4.34E-03
3.350E+01 2.132E-02 4.371E-06 -4.68E-03
3.162E+01 2.166E-02 5.388E-06 -4.93E-03
2.985E+01 2.171E-02 6.649E-06 -5.08E-03
2.818E+01 2.150E-02 8.223E-06 -5.14E-03
2.661E+01 2.108E-02 1.020E-05 -5.10E-03
2.512E+01 2.052E-02 1.268E-05 -4.92E-03
2.371E+01 1.992E-02 1.581E-05 -4.55E-03
2.239E+01 1.930E-02 1.977E-05 -4.32E-03
2.113E+01 1.875E-02 2.478E-05 -4.04E-03
1.995E+01 1.832E-02 3.113E-05 -3.63E-03
1.884E+01 1.805E-02 3.913E-05 -3.11E-03
1.778E+01 1.795E-02 4.927E-05 -2.70E-03
1.679E+01 1.804E-02 6.208E-05 -2.29E-03
1.585E+01 1.834E-02 7.827E-05 -1.86E-03
1.496E+01 1.887E-02 9.873E-05 -1.46E-03
1.413E+01 1.963E-02 1.246E-04 -1.04E-03
1.334E+01 2.066E-02 1.572E-04 -5.53E-04
1.259E+01 2.195E-02 1.984E-04  4.23E-05
1.189E+01 2.348E-02 2.506E-04  7.05E-04
1.122E+01 2.561E-02 3.144E-04  1.27E-03
1.059E+01 2.768E-02 3.979E-04  1.88E-03
1.000E+01 3.028E-02 5.019E-04  2.50E-03
9.441E+00 3.328E-02 6.334E-04  3.12E-03
8.913E+00 3.672E-02 7.993E-04  3.78E-03
8.414E+00 4.066E-02 1.009E-03  4.53E-03
7.943E+00 4.514E-02 1.272E-03  5.43E-03
7.499E+00 5.023E-02 1.606E-03  6.37E-03
7.079E+00 5.604E-02 2.027E-03  7.23E-03
6.683E+00 6.262E-02 2.559E-03  8.14E-03
6.310E+00 7.010E-02 3.232E-03  9.36E-03
5.957E+00 7.855E-02 4.085E-03  9.91E-03
5.623E+00 8.813E-02 5.163E-03  1.09E-02
5.309E+00 9.897E-02 6.529E-03  1.19E-02
5.012E+00 1.112E-01 8.259E-03  1.30E-02
4.732E+00 1.252E-01 1.046E-02  1.39E-02
4.467E+00 1.411E-01 1.326E-02  1.48E-02
4.217E+00 1.590E-01 1.681E-02  1.56E-02
3.981E+00 1.794E-01 2.134E-02  1.62E-02
3.758E+00 2.025E-01 2.713E-02  1.66E-02
3.548E+00 2.286E-01 3.453E-02  1.66E-02
3.350E+00 2.581E-01 4.399E-02  1.65E-02
3.162E+00 2.911E-01 5.610E-02  1.62E-02
2.985E+00 3.285E-01 7.164E-02  1.55E-02
2.818E+00 3.699E-01 9.157E-02  1.47E-02
2.661E+00 4.160E-01 1.171E-01  1.37E-02
2.512E+00 4.668E-01 1.498E-01  1.27E-02
2.371E+00 5.223E-01 1.915E-01  1.17E-02
2.239E+00 5.820E-01 2.447E-01  1.10E-02
2.113E+00 6.457E-01 3.116E-01  1.11E-02
1.995E+00 7.129E-01 3.948E-01  1.24E-02
1.884E+00 7.823E-01 4.965E-01  1.56E-02
1.778E+00 8.521E-01 6.177E-01  2.11E-02
1.679E+00 9.201E-01 7.568E-01  2.97E-02
1.585E+00 9.825E-01 9.097E-01  4.18E-02
1.496E+00 1.034E+00 1.069E+00  5.78E-02
1.413E+00 1.072E+00 1.226E+00  7.89E-02
1.334E+00 1.095E+00 1.373E+00  1.06E-01
1.259E+00 1.106E+00 1.506E+00  1.42E-01
1.189E+00 1.110E+00 1.633E+00  1.88E-01
1.122E+00 1.119E+00 1.773E+00  2.47E-01
1.059E+00 1.149E+00 1.962E+00  3.15E-01
1.000E+00 1.194E+00 2.205E+00  3.66E-01
9.441E-01 1.208E+00 2.363E+00  3.76E-01
8.913E-01 1.181E+00 2.328E+00  3.69E-01
8.414E-01 1.166E+00 2.217E+00  3.78E-01
7.943E-01 1.192E+00 2.120E+00  4.08E-01
7.499E-01 1.274E+00 2.062E+00  4.53E-01
7.079E-01 1.412E+00 2.055E+00  5.09E-01
6.683E-01 1.456E+00 2.009E+00  5.47E-01
6.310E-01 1.412E+00 1.896E+00  5.47E-01
5.957E-01 1.393E+00 1.756E+00  5.44E-01
5.623E-01 1.410E+00 1.600E+00  5.60E-01
5.309E-01 1.421E+00 1.492E+00  5.93E-01
5.012E-01 1.417E+00 1.458E+00  6.24E-01
4.732E-01 1.400E+00 1.462E+00  6.46E-01
4.467E-01 1.367E+00 1.473E+00  6.60E-01
4.217E-01 1.334E+00 1.484E+00  6.71E-01
3.981E-01 1.308E+00 1.490E+00  6.81E-01
3.758E-01 1.288E+00 1.494E+00  6.92E-01
3.548E-01 1.264E+00 1.504E+00  7.00E-01
3.350E-01 1.232E+00 1.519E+00  7.04E-01
3.162E-01 1.195E+00 1.540E+00  7.04E-01
2.985E-01 1.161E+00 1.567E+00  7.04E-01
2.818E-01 1.124E+00 1.611E+00  7.02E-01
2.661E-01 1.088E+00 1.668E+00  7.00E-01
2.512E-01 1.076E+00 1.720E+00  7.03E-01
2.371E-01 1.082E+00 1.745E+00  7.14E-01
2.239E-01 1.094E+00 1.693E+00  7.30E-01
2.113E-01 1.084E+00 1.587E+00  7.51E-01
1.995E-01 1.082E+00 1.458E+00  7.79E-01
1.884E-01 1.093E+00 1.333E+00  8.20E-01
1.778E-01 1.122E+00 1.212E+00  8.65E-01
1.679E-01 1.158E+00 1.106E+00  8.97E-01
1.585E-01 1.192E+00 1.081E+00  9.09E-01
1.496E-01 1.216E+00 1.157E+00  9.10E-01
1.413E-01 1.223E+00 1.183E+00  9.02E-01
1.334E-01 1.193E+00 1.223E+00  8.92E-01
1.259E-01 1.145E+00 1.251E+00  8.73E-01
1.189E-01 1.094E+00 1.290E+00  8.51E-01
1.122E-01 1.029E+00 1.351E+00  8.19E-01
1.059E-01 9.734E-01 1.433E+00  7.91E-01
1.000E-01 9.452E-01 1.468E+00  7.83E-01
9.441E-02 9.138E-01 1.498E+00  7.78E-01
8.913E-02 9.061E-01 1.479E+00  7.88E-01
8.414E-02 8.753E-01 1.503E+00  7.81E-01
7.943E-02 8.396E-01 1.524E+00  7.75E-01
7.499E-02 7.970E-01 1.535E+00  7.72E-01
7.079E-02 7.532E-01 1.540E+00  7.70E-01
6.683E-02 7.294E-01 1.518E+00  7.79E-01
6.310E-02 7.474E-01 1.463E+00  8.02E-01
5.957E-02 7.527E-01 1.437E+00  8.13E-01
5.623E-02 7.386E-01 1.430E+00  8.20E-01
5.309E-02 7.388E-01 1.406E+00  8.35E-01
5.012E-02 7.475E-01 1.378E+00  8.53E-01
4.732E-02 7.536E-01 1.354E+00  8.69E-01
4.467E-02 7.635E-01 1.327E+00  8.87E-01
4.217E-02 7.786E-01 1.294E+00  9.07E-01
3.981E-02 8.145E-01 1.242E+00  9.28E-01
3.758E-02 8.494E-01 1.197E+00  9.42E-01
3.548E-02 8.495E-01 1.197E+00  9.43E-01
3.350E-02 8.455E-01 1.193E+00  9.47E-01
3.162E-02 8.449E-01 1.186E+00  9.52E-01
2.985E-02 8.453E-01 1.178E+00  9.57E-01
2.818E-02 8.465E-01 1.170E+00  9.62E-01
2.661E-02 8.480E-01 1.161E+00  9.66E-01
2.512E-02 8.495E-01 1.152E+00  9.70E-01
2.371E-02 8.508E-01 1.144E+00  9.74E-01
2.239E-02 8.517E-01 1.135E+00  9.77E-01
2.113E-02 8.518E-01 1.126E+00  9.80E-01
1.995E-02 8.506E-01 1.117E+00  9.82E-01
1.884E-02 8.476E-01 1.106E+00  9.85E-01
1.778E-02 8.424E-01 1.094E+00  9.87E-01
1.679E-02 8.343E-01 1.085E+00  9.89E-01
1.585E-02 8.229E-01 1.082E+00  9.90E-01
1.496E-02 8.076E-01 1.093E+00  9.92E-01
1.413E-02 7.882E-01 1.126E+00  9.93E-01
1.334E-02 7.648E-01 1.186E+00  9.95E-01
1.259E-02 7.373E-01 1.277E+00  9.96E-01
1.189E-02 7.065E-01 1.397E+00  9.97E-01
1.122E-02 6.711E-01 1.545E+00  9.98E-01
1.059E-02 6.335E-01 1.707E+00  9.98E-01
1.000E-02 5.943E-01 1.868E+00  9.99E-01
9.441E-03 5.536E-01 2.018E+00  9.99E-01
8.913E-03 5.123E-01 2.144E+00  9.99E-01
8.414E-03 4.714E-01 2.236E+00  9.99E-01
7.943E-03 4.312E-01 2.287E+00  9.99E-01
7.499E-03 3.921E-01 2.291E+00  1.00E+00
7.079E-03 3.552E-01 2.249E+00  1.00E+00
6.683E-03 3.202E-01 2.160E+00  1.00E+00
6.310E-03 2.873E-01 2.025E+00  1.00E+00
5.957E-03 2.572E-01 1.848E+00  1.00E+00
5.623E-03 2.287E-01 1.618E+00  1.00E+00
5.309E-03 2.028E-01 1.339E+00  1.00E+00
5.012E-03 1.796E-01 1.057E+00  1.00E+00
4.732E-03 1.587E-01 4.462E-01  1.00E+00
4.467E-03 1.403E-01 4.318E-01  1.00E+00
4.217E-03 9.115E-01 6.311E-01  1.00E+00
3.981E-03 8.907E-01 7.968E-01  1.00E+00
3.758E-03 8.683E-01 8.454E-01  1.00E+00
3.548E-03 8.417E-01 8.993E-01  1.00E+00
3.350E-03 8.110E-01 9.421E-01  1.00E+00
3.162E-03 7.761E-01 9.736E-01  1.00E+00
2.985E-03 7.381E-01 9.953E-01  1.00E+00
2.818E-03 6.948E-01 1.010E+00  1.00E+00
2.661E-03 6.482E-01 1.013E+00  1.00E+00
2.512E-03 6.001E-01 1.001E+00  1.00E+00
2.371E-03 5.514E-01 9.794E-01  1.00E+00
2.239E-03 5.029E-01 9.487E-01  1.00E+00
2.113E-03 4.546E-01 9.103E-01  1.00E+00
1.995E-03 4.084E-01 8.656E-01  1.00E+00
1.884E-03 3.644E-01 8.164E-01  1.00E+00
1.778E-03 3.229E-01 7.635E-01  1.00E+00
1.679E-03 2.845E-01 7.087E-01  1.00E+00
1.585E-03 2.494E-01 6.539E-01  1.00E+00
1.496E-03 2.177E-01 6.001E-01  1.00E+00
1.413E-03 1.891E-01 5.481E-01  1.00E+00
1.334E-03 1.637E-01 4.985E-01  1.00E+00
1.259E-03 1.414E-01 4.516E-01  1.00E+00
1.189E-03 1.219E-01 4.493E-01  1.00E+00
1.122E-03 1.042E-01 4.006E-01  1.00E+00
1.059E-03 8.903E-02 3.566E-01  1.00E+00
1.000E-03 7.610E-02 3.171E-01  1.00E+00
