1.000E+03 1.958E-03 1.749E-06 -1.83E-01
9.441E+02 2.061E-03 2.202E-06 -1.83E-01
8.913E+02 2.177E-03 2.772E-06 -1.83E-01
8.414E+02 2.307E-03 3.490E-06 -1.82E-01
7.943E+02 2.452E-03 4.394E-06 -1.82E-01
7.499E+02 2.616E-03 5.532E-06 -1.82E-01
7.079E+02 2.799E-03 6.965E-06 -1.82E-01
6.683E+02 3.005E-03 8.769E-06 -1.82E-01
6.310E+02 3.236E-03 1.104E-05 -1.82E-01
5.957E+02 3.495E-03 1.390E-05 -1.81E-01
5.623E+02 3.786E-03 1.750E-05 -1.81E-01
5.309E+02 4.114E-03 2.204E-05 -1.81E-01
5.012E+02 4.482E-03 2.775E-05 -1.80E-01
4.732E+02 4.896E-03 3.494E-05 -1.80E-01
4.467E+02 5.362E-03 4.399E-05 -1.79E-01
4.217E+02 5.886E-03 5.539E-05 -1.79E-01
3.981E+02 6.476E-03 6.975E-05 -1.78E-01
3.758E+02 7.140E-03 8.783E-05 -1.77E-01
3.548E+02 7.889E-03 1.106E-04 -1.77E-01
3.350E+02 8.734E-03 1.393E-04 -1.76E-01
3.162E+02 9.688E-03 1.754E-04 -1.74E-01
2.985E+02 1.077E-02 2.209E-04 -1.73E-01
2.818E+02 1.199E-02 2.782E-04 -1.72E-01
2.661E+02 1.337E-02 3.503E-04 -1.70E-01
2.512E+02 1.495E-02 4.412E-04 -1.68E-01
2.371E+02 1.675E-02 5.557E-04 -1.65E-01
2.239E+02 1.883E-02 6.999E-04 -1.62E-01
2.113E+02 2.122E-02 8.815E-04 -1.58E-01
1.995E+02 2.404E-02 1.110E-03 -1.54E-01
1.884E+02 2.739E-02 1.398E-03 -1.48E-01
1.778E+02 3.155E-02 1.761E-03 -1.40E-01
1.679E+02 3.702E-02 2.219E-03 -1.29E-01
1.585E+02 4.513E-02 2.798E-03 -1.14E-01
1.496E+02 6.003E-02 3.537E-03 -9.06E-02
1.413E+02 9.906E-02 4.454E-03 -5.12E-02
1.334E+02 1.901E-01 5.598E-03 -5.61E-03
1.259E+02 3.157E-01 7.979E-03 -1.40E-01
1.189E+02 2.311E-01 9.827E-03 -2.12E-01
1.122E+02 2.218E-01 1.209E-02 -2.00E-01
1.059E+02 2.342E-01 1.546E-02 -2.13E-01
1.000E+02 2.308E-01 1.959E-02 -2.22E-01
9.441E+01 2.340E-01 2.470E-02 -2.22E-01
8.913E+01 2.429E-01 3.120E-02 -2.22E-01
8.414E+01 2.543E-01 3.943E-02 -2.22E-01
7.943E+01 2.687E-01 4.983E-02 -2.20E-01
7.499E+01 2.868E-01 6.297E-02 -2.18E-01
7.079E+01 3.085E-01 7.955E-02 -2.15E-01
6.683E+01 3.338E-01 1.004E-01 -2.12E-01
6.310E+01 3.626E-01 1.266E-01 -2.08E-01
5.957E+01 3.951E-01 1.594E-01 -2.04E-01
5.623E+01 4.307E-01 2.003E-01 -2.00E-01
5.309E+01 4.691E-01 2.508E-01 -1.95E-01
5.012E+01 5.088E-01 3.128E-01 -1.90E-01
4.732E+01 5.497E-01 3.882E-01 -1.84E-01
4.467E+01 5.895E-01 4.789E-01 -1.79E-01
4.217E+01 6.269E-01 5.860E-01 -1.72E-01
3.981E+01 6.594E-01 7.105E-01 -1.65E-01
3.758E+01 6.851E-01 8.518E-01 -1.57E-01
3.548E+01 7.041E-01 1.007E+00 -1.47E-01
3.350E+01 7.168E-01 1.171E+00 -1.35E-01
3.162E+01 7.240E-01 1.333E+00 -1.20E-01
2.985E+01 7.269E-01 1.482E+00 -1.02E-01
2.818E+01 7.260E-01 1.606E+00 -8.06E-02
2.661E+01 7.226E-01 1.695E+00 -5.40E-02
2.512E+01 7.184E-01 1.749E+00 -2.18E-02
2.371E+01 7.152E-01 1.771E+00  1.73E-02
2.239E+01 7.111E-01 1.776E+00  6.41E-02
2.113E+01 7.109E-01 1.778E+00  1.20E-01
1.995E+01 7.156E-01 1.791E+00  1.84E-01
1.884E+01 7.205E-01 1.828E+00  2.51E-01
1.778E+01 7.184E-01 1.895E+00  3.13E-01
1.679E+01 7.089E-01 1.983E+00  3.63E-01
1.585E+01 7.005E-01 2.075E+00  4.01E-01
1.496E+01 7.092E-01 2.168E+00  4.32E-01
1.413E+01 7.451E-01 2.275E+00  4.65E-01
1.334E+01 7.730E-01 2.395E+00  4.95E-01
1.259E+01 7.325E-01 2.426E+00  5.01E-01
1.189E+01 6.791E-01 2.332E+00  4.82E-01
1.122E+01 6.786E-01 2.263E+00  4.82E-01
1.059E+01 7.557E-01 2.234E+00  4.91E-01
1.000E+01 7.045E-01 2.136E+00  5.04E-01
9.441E+00 6.740E-01 1.983E+00  4.77E-01
8.913E+00 7.075E-01 1.846E+00  4.42E-01
8.414E+00 6.509E-01 1.725E+00  4.65E-01
7.943E+00 6.835E-01 1.739E+00  4.80E-01
7.499E+00 7.127E-01 1.754E+00  5.17E-01
7.079E+00 6.130E-01 1.768E+00  5.45E-01
6.683E+00 6.729E-01 1.928E+00  6.00E-01
6.310E+00 5.985E-01 1.998E+00  6.29E-01
5.957E+00 6.765E-01 2.079E+00  6.28E-01
5.623E+00 6.053E-01 2.049E+00  6.53E-01
5.309E+00 6.604E-01 1.969E+00  6.12E-01
5.012E+00 6.166E-01 1.812E+00  6.11E-01
4.732E+00 6.501E-01 1.776E+00  5.86E-01
4.467E+00 6.510E-01 1.659E+00  5.86E-01
4.217E+00 6.415E-01 1.785E+00  6.15E-01
3.981E+00 6.706E-01 1.858E+00  6.61E-01
3.758E+00 6.704E-01 1.859E+00  6.63E-01
3.548E+00 6.920E-01 1.785E+00  6.64E-01
3.350E+00 6.747E-01 1.672E+00  6.56E-01
3.162E+00 6.591E-01 1.645E+00  6.52E-01
2.985E+00 6.769E-01 1.703E+00  6.77E-01
2.818E+00 6.918E-01 1.756E+00  6.96E-01
2.661E+00 7.065E-01 1.695E+00  6.93E-01
2.512E+00 7.223E-01 1.589E+00  6.83E-01
2.371E+00 7.326E-01 1.589E+00  6.94E-01
2.239E+00 7.334E-01 1.653E+00  7.15E-01
2.113E+00 7.396E-01 1.595E+00  7.14E-01
1.995E+00 7.572E-01 1.529E+00  7.12E-01
1.884E+00 7.649E-01 1.567E+00  7.29E-01
1.778E+00 7.702E-01 1.542E+00  7.33E-01
1.679E+00 7.799E-01 1.496E+00  7.31E-01
1.585E+00 7.853E-01 1.516E+00  7.43E-01
1.496E+00 7.905E-01 1.478E+00  7.43E-01
1.413E+00 7.946E-01 1.479E+00  7.50E-01
1.334E+00 7.969E-01 1.462E+00  7.52E-01
1.259E+00 7.986E-01 1.457E+00  7.56E-01
1.189E+00 7.991E-01 1.444E+00  7.59E-01
1.122E+00 7.988E-01 1.442E+00  7.62E-01
1.059E+00 7.982E-01 1.431E+00  7.64E-01
1.000E+00 7.974E-01 1.426E+00  7.67E-01
9.441E-01 7.964E-01 1.421E+00  7.70E-01
8.913E-01 7.955E-01 1.414E+00  7.73E-01
8.414E-01 7.947E-01 1.408E+00  7.75E-01
7.943E-01 7.939E-01 1.402E+00  7.78E-01
7.499E-01 7.930E-01 1.396E+00  7.80E-01
7.079E-01 7.920E-01 1.390E+00  7.83E-01
6.683E-01 7.908E-01 1.385E+00  7.85E-01
6.310E-01 7.892E-01 1.380E+00  7.86E-01
5.957E-01 7.873E-01 1.376E+00  7.88E-01
5.623E-01 7.851E-01 1.373E+00  7.89E-01
5.309E-01 7.822E-01 1.370E+00  7.90E-01
5.012E-01 7.788E-01 1.368E+00  7.90E-01
4.732E-01 7.750E-01 1.367E+00  7.90E-01
4.467E-01 7.710E-01 1.367E+00  7.89E-01
4.217E-01 7.668E-01 1.367E+00  7.89E-01
3.981E-01 7.627E-01 1.367E+00  7.88E-01
3.758E-01 7.583E-01 1.367E+00  7.87E-01
3.548E-01 7.519E-01 1.370E+00  7.85E-01
3.350E-01 7.421E-01 1.377E+00  7.81E-01
3.162E-01 7.281E-01 1.388E+00  7.74E-01
2.985E-01 7.112E-01 1.404E+00  7.66E-01
2.818E-01 6.878E-01 1.427E+00  7.55E-01
2.661E-01 6.610E-01 1.453E+00  7.44E-01
2.512E-01 6.379E-01 1.472E+00  7.38E-01
2.371E-01 6.259E-01 1.474E+00  7.38E-01
2.239E-01 6.388E-01 1.451E+00  7.51E-01
2.113E-01 6.706E-01 1.411E+00  7.75E-01
1.995E-01 7.177E-01 1.356E+00  8.09E-01
1.884E-01 7.755E-01 1.292E+00  8.52E-01
1.778E-01 8.386E-01 1.223E+00  8.97E-01
1.679E-01 8.907E-01 1.167E+00  9.30E-01
1.585E-01 9.175E-01 1.138E+00  9.42E-01
1.496E-01 9.200E-01 1.137E+00  9.40E-01
1.413E-01 9.070E-01 1.149E+00  9.29E-01
1.334E-01 8.870E-01 1.168E+00  9.13E-01
1.259E-01 8.609E-01 1.193E+00  8.93E-01
1.189E-01 8.293E-01 1.224E+00  8.68E-01
1.122E-01 7.824E-01 1.270E+00  8.32E-01
1.059E-01 7.286E-01 1.325E+00  7.98E-01
1.000E-01 7.032E-01 1.349E+00  7.86E-01
9.441E-02 6.797E-01 1.370E+00  7.78E-01
8.913E-02 6.877E-01 1.359E+00  7.88E-01
8.414E-02 6.675E-01 1.378E+00  7.79E-01
7.943E-02 6.475E-01 1.395E+00  7.71E-01
7.499E-02 6.311E-01 1.409E+00  7.67E-01
7.079E-02 6.171E-01 1.420E+00  7.65E-01
6.683E-02 6.221E-01 1.412E+00  7.75E-01
6.310E-02 6.565E-01 1.376E+00  8.00E-01
5.957E-02 6.721E-01 1.358E+00  8.12E-01
5.623E-02 6.725E-01 1.356E+00  8.19E-01
5.309E-02 6.870E-01 1.340E+00  8.34E-01
5.012E-02 7.064E-01 1.319E+00  8.53E-01
4.732E-02 7.232E-01 1.300E+00  8.70E-01
4.467E-02 7.435E-01 1.279E+00  8.88E-01
4.217E-02 7.690E-01 1.252E+00  9.09E-01
3.981E-02 8.083E-01 1.211E+00  9.31E-01
3.758E-02 8.406E-01 1.177E+00  9.46E-01
3.548E-02 8.414E-01 1.176E+00  9.46E-01
3.350E-02 8.441E-01 1.172E+00  9.50E-01
3.162E-02 8.496E-01 1.166E+00  9.55E-01
2.985E-02 8.560E-01 1.159E+00  9.60E-01
2.818E-02 8.628E-01 1.151E+00  9.64E-01
2.661E-02 8.703E-01 1.130E+00  9.68E-01
2.512E-02 8.777E-01 1.122E+00  9.72E-01
2.371E-02 8.851E-01 1.115E+00  9.76E-01
2.239E-02 8.923E-01 1.108E+00  9.79E-01
2.113E-02 8.994E-01 1.101E+00  9.82E-01
1.995E-02 9.063E-01 1.094E+00  9.84E-01
1.884E-02 9.129E-01 1.087E+00  9.87E-01
1.778E-02 9.194E-01 1.081E+00  9.89E-01
1.679E-02 9.258E-01 1.074E+00  9.91E-01
1.585E-02 9.315E-01 1.068E+00  9.92E-01
1.496E-02 9.365E-01 1.064E+00  9.93E-01
1.413E-02 9.411E-01 1.059E+00  9.94E-01
1.334E-02 9.462E-01 1.054E+00  9.95E-01
1.259E-02 9.516E-01 1.048E+00  9.96E-01
1.189E-02 9.562E-01 1.044E+00  9.97E-01
1.122E-02 9.593E-01 1.041E+00  9.97E-01
1.059E-02 9.612E-01 1.039E+00  9.98E-01
1.000E-02 9.627E-01 1.037E+00  9.98E-01
9.441E-03 9.641E-01 1.036E+00  9.98E-01
8.913E-03 9.661E-01 1.034E+00  9.98E-01
8.414E-03 9.699E-01 1.030E+00  9.99E-01
7.943E-03 9.742E-01 1.026E+00  9.99E-01
7.499E-03 9.763E-01 1.024E+00  9.99E-01
7.079E-03 9.766E-01 1.023E+00  9.99E-01
6.683E-03 9.756E-01 1.024E+00  9.99E-01
6.310E-03 9.735E-01 1.026E+00  9.99E-01
5.957E-03 9.702E-01 1.030E+00  9.99E-01
5.623E-03 9.653E-01 1.035E+00  9.99E-01
5.309E-03 9.585E-01 1.041E+00  9.99E-01
5.012E-03 9.494E-01 1.051E+00  9.99E-01
4.732E-03 9.399E-01 1.060E+00  1.00E+00
4.467E-03 9.287E-01 1.071E+00  1.00E+00
4.217E-03 9.983E-01 1.002E+00  1.00E+00
3.981E-03 9.972E-01 1.003E+00  1.00E+00
3.758E-03 9.970E-01 1.003E+00  1.00E+00
3.548E-03 9.968E-01 1.003E+00  1.00E+00
3.350E-03 9.966E-01 1.003E+00  1.00E+00
3.162E-03 9.964E-01 1.004E+00  1.00E+00
2.985E-03 9.962E-01 1.004E+00  1.00E+00
2.818E-03 9.960E-01 1.004E+00  1.00E+00
2.661E-03 9.958E-01 1.004E+00  1.00E+00
2.512E-03 9.956E-01 1.004E+00  1.00E+00
2.371E-03 9.953E-01 1.005E+00  1.00E+00
2.239E-03 9.947E-01 1.005E+00  1.00E+00
2.113E-03 9.938E-01 1.006E+00  1.00E+00
1.995E-03 9.924E-01 1.008E+00  1.00E+00
1.884E-03 9.904E-01 1.010E+00  1.00E+00
1.778E-03 9.876E-01 1.012E+00  1.00E+00
1.679E-03 9.837E-01 1.016E+00  1.00E+00
1.585E-03 9.782E-01 1.022E+00  1.00E+00
1.496E-03 9.706E-01 1.029E+00  1.00E+00
1.413E-03 9.602E-01 1.040E+00  1.00E+00
1.334E-03 9.460E-01 1.054E+00  1.00E+00
1.259E-03 9.272E-01 1.073E+00  1.00E+00
1.189E-03 9.031E-01 1.097E+00  1.00E+00
1.122E-03 8.717E-01 1.128E+00  1.00E+00
1.059E-03 8.340E-01 1.166E+00  1.00E+00
1.000E-03 7.906E-01 1.209E+00  1.00E+00
