1.000E+03 2.856E-05 4.156E-12 -3.61E-04
9.441E+02 3.195E-05 5.233E-12 -3.90E-04
8.913E+02 3.573E-05 6.587E-12 -4.20E-04
8.414E+02 3.995E-05 8.293E-12 -4.51E-04
7.943E+02 4.468E-05 1.044E-11 -4.82E-04
7.499E+02 4.995E-05 1.314E-11 -5.14E-04
7.079E+02 5.584E-05 1.655E-11 -5.46E-04
6.683E+02 6.243E-05 2.083E-11 -5.77E-04
6.310E+02 6.980E-05 2.623E-11 -6.09E-04
5.957E+02 7.804E-05 3.302E-11 -6.39E-04
5.623E+02 8.726E-05 4.157E-11 -6.68E-04
5.309E+02 9.757E-05 5.233E-11 -6.96E-04
5.012E+02 1.091E-04 6.588E-11 -7.22E-04
4.732E+02 1.220E-04 8.294E-11 -7.46E-04
4.467E+02 1.365E-04 1.044E-10 -7.68E-04
4.217E+02 1.528E-04 1.315E-10 -7.87E-04
3.981E+02 1.710E-04 1.655E-10 -8.03E-04
3.758E+02 1.914E-04 2.084E-10 -8.16E-04
3.548E+02 2.144E-04 2.623E-10 -8.25E-04
3.350E+02 2.401E-04 3.303E-10 -8.30E-04
3.162E+02 2.690E-04 4.158E-10 -8.32E-04
2.985E+02 3.016E-04 5.235E-10 -8.28E-04
2.818E+02 3.382E-04 6.592E-10 -8.20E-04
2.661E+02 3.794E-04 8.299E-10 -8.07E-04
2.512E+02 4.259E-04 1.045E-09 -7.87E-04
2.371E+02 4.783E-04 1.316E-09 -7.61E-04
2.239E+02 5.377E-04 1.657E-09 -7.28E-04
2.113E+02 6.052E-04 2.086E-09 -6.87E-04
1.995E+02 6.822E-04 2.628E-09 -6.36E-04
1.884E+02 7.708E-04 3.309E-09 -5.74E-04
1.778E+02 8.743E-04 4.169E-09 -4.99E-04
1.679E+02 9.982E-04 5.252E-09 -4.09E-04
1.585E+02 1.153E-03 6.615E-09 -3.02E-04
1.496E+02 1.351E-03 8.320E-09 -1.72E-04
1.413E+02 1.568E-03 1.042E-08 -1.52E-05
1.334E+02 1.717E-03 1.303E-08  1.72E-04
1.259E+02 1.842E-03 1.636E-08  3.92E-04
1.189E+02 2.013E-03 2.060E-08  6.47E-04
1.122E+02 2.235E-03 2.593E-08  9.33E-04
1.059E+02 2.504E-03 3.265E-08  1.23E-03
1.000E+02 2.820E-03 4.109E-08  1.51E-03
9.441E+01 3.183E-03 5.169E-08  1.75E-03
8.913E+01 3.595E-03 6.501E-08  2.00E-03
8.414E+01 4.066E-03 8.172E-08  2.22E-03
7.943E+01 4.601E-03 1.027E-07  2.34E-03
7.499E+01 5.206E-03 1.290E-07  2.36E-03
7.079E+01 5.885E-03 1.619E-07  2.30E-03
6.683E+01 6.645E-03 2.031E-07  2.13E-03
6.310E+01 7.490E-03 2.546E-07  1.84E-03
5.957E+01 8.420E-03 3.187E-07  1.42E-03
5.623E+01 9.434E-03 3.986E-07  8.65E-04
5.309E+01 1.052E-02 4.978E-07  2.06E-04
5.012E+01 1.168E-02 6.207E-07 -5.45E-04
4.732E+01 1.286E-02 7.725E-07 -1.28E-03
4.467E+01 1.406E-02 9.594E-07 -1.90E-03
4.217E+01 1.525E-02 1.189E-06 -2.35E-03
3.981E+01 1.636E-02 1.470E-06 -2.71E-03
3.758E+01 1.735E-02 1.815E-06 -3.06E-03
3.548E+01 1.816E-02 2.238E-06 -3.38E-03
3.350E+01 1.872E-02 2.757E-06 -3.65E-03
3.162E+01 1.901E-02 3.398E-06 -3.85E-03
2.985E+01 1.904E-02 4.193E-06 -3.96E-03
2.818E+01 1.883E-02 5.185E-06 -4.01E-03
2.661E+01 1.844E-02 6.430E-06 -3.97E-03
2.512E+01 1.791E-02 7.996E-06 -3.83E-03
2.371E+01 1.734E-02 9.968E-06 -3.52E-03
2.239E+01 1.675E-02 1.246E-05 -3.33E-03
2.113E+01 1.622E-02 1.562E-05 -3.10E-03
1.995E+01 1.578E-02 1.962E-05 -2.76E-03
1.884E+01 1.548E-02 2.466E-05 -2.33E-03
1.778E+01 1.531E-02 3.105E-05 -1.99E-03
1.679E+01 1.530E-02 3.911E-05 -1.64E-03
1.585E+01 1.547E-02 4.931E-05 -1.27E-03
1.496E+01 1.583E-02 6.219E-05 -9.31E-04
1.413E+01 1.639E-02 7.845E-05 -5.65E-04
1.334E+01 1.716E-02 9.897E-05 -1.45E-04
1.259E+01 1.815E-02 1.249E-04  3.66E-04
1.189E+01 1.932E-02 1.577E-04  9.39E-04
1.122E+01 2.099E-02 1.978E-04  1.44E-03
1.059E+01 2.259E-02 2.502E-04  1.99E-03
1.000E+01 2.462E-02 3.154E-04  2.56E-03
9.441E+00 2.695E-02 3.979E-04  3.13E-03
8.913E+00 2.965E-02 5.018E-04  3.75E-03
8.414E+00 3.273E-02 6.328E-04  4.44E-03
7.943E+00 3.623E-02 7.978E-04  5.28E-03
7.499E+00 4.019E-02 1.006E-03  6.17E-03
7.079E+00 4.470E-02 1.269E-03  7.02E-03
6.683E+00 4.981E-02 1.601E-03  7.94E-03
6.310E+00 5.549E-02 2.019E-03  9.19E-03
5.957E+00 6.213E-02 2.549E-03  9.82E-03
5.623E+00 6.951E-02 3.218E-03  1.09E-02
5.309E+00 7.785E-02 4.063E-03  1.20E-02
5.012E+00 8.727E-02 5.131E-03  1.33E-02
4.732E+00 9.794E-02 6.486E-03  1.45E-02
4.467E+00 1.100E-01 8.203E-03  1.57E-02
4.217E+00 1.238E-01 1.038E-02  1.70E-02
3.981E+00 1.393E-01 1.315E-02  1.82E-02
3.758E+00 1.571E-01 1.667E-02  1.93E-02
3.548E+00 1.772E-01 2.115E-02  2.03E-02
3.350E+00 2.000E-01 2.687E-02  2.11E-02
3.162E+00 2.257E-01 3.416E-02  2.19E-02
2.985E+00 2.552E-01 4.350E-02  2.25E-02
2.818E+00 2.883E-01 5.544E-02  2.29E-02
2.661E+00 3.255E-01 7.074E-02  2.31E-02
2.512E+00 3.675E-01 9.032E-02  2.32E-02
2.371E+00 4.142E-01 1.154E-01  2.30E-02
2.239E+00 4.660E-01 1.476E-01  2.25E-02
2.113E+00 5.229E-01 1.887E-01  2.21E-02
1.995E+00 5.847E-01 2.410E-01  2.19E-02
1.884E+00 6.509E-01 3.068E-01  2.24E-02
1.778E+00 7.208E-01 3.888E-01  2.39E-02
1.679E+00 7.933E-01 4.890E-01  2.72E-02
1.585E+00 8.665E-01 6.086E-01  3.26E-02
1.496E+00 9.371E-01 7.469E-01  4.05E-02
1.413E+00 1.001E+00 8.994E-01  5.19E-02
1.334E+00 1.056E+00 1.059E+00  6.77E-02
1.259E+00 1.097E+00 1.216E+00  8.88E-02
1.189E+00 1.123E+00 1.365E+00  1.16E-01
1.122E+00 1.137E+00 1.501E+00  1.51E-01
1.059E+00 1.146E+00 1.630E+00  1.98E-01
1.000E+00 1.165E+00 1.773E+00  2.57E-01
9.441E-01 1.205E+00 1.962E+00  3.22E-01
8.913E-01 1.257E+00 2.185E+00  3.67E-01
8.414E-01 1.266E+00 2.300E+00  3.73E-01
7.943E-01 1.237E+00 2.246E+00  3.69E-01
7.499E-01 1.226E+00 2.139E+00  3.84E-01
7.079E-01 1.262E+00 2.043E+00  4.18E-01
6.683E-01 1.360E+00 1.978E+00  4.68E-01
6.310E-01 1.483E+00 1.943E+00  5.23E-01
5.957E-01 1.500E+00 1.878E+00  5.53E-01
5.623E-01 1.465E+00 1.780E+00  5.55E-01
5.309E-01 1.444E+00 1.657E+00  5.59E-01
5.012E-01 1.439E+00 1.541E+00  5.77E-01
4.732E-01 1.430E+00 1.482E+00  6.06E-01
4.467E-01 1.417E+00 1.476E+00  6.32E-01
4.217E-01 1.394E+00 1.488E+00  6.50E-01
3.981E-01 1.363E+00 1.498E+00  6.62E-01
3.758E-01 1.331E+00 1.502E+00  6.71E-01
3.548E-01 1.301E+00 1.507E+00  6.79E-01
3.350E-01 1.272E+00 1.520E+00  6.86E-01
3.162E-01 1.238E+00 1.544E+00  6.90E-01
2.985E-01 1.200E+00 1.576E+00  6.92E-01
2.818E-01 1.155E+00 1.619E+00  6.89E-01
2.661E-01 1.123E+00 1.676E+00  6.88E-01
2.512E-01 1.112E+00 1.736E+00  6.94E-01
2.371E-01 1.118E+00 1.760E+00  7.04E-01
2.239E-01 1.134E+00 1.712E+00  7.23E-01
2.113E-01 1.123E+00 1.602E+00  7.44E-01
1.995E-01 1.117E+00 1.462E+00  7.72E-01
1.884E-01 1.124E+00 1.316E+00  8.11E-01
1.778E-01 1.149E+00 1.190E+00  8.57E-01
1.679E-01 1.181E+00 1.086E+00  8.91E-01
1.585E-01 1.212E+00 1.078E+00  9.05E-01
1.496E-01 1.236E+00 1.153E+00  9.04E-01
1.413E-01 1.249E+00 1.195E+00  8.96E-01
1.334E-01 1.224E+00 1.219E+00  8.87E-01
1.259E-01 1.174E+00 1.253E+00  8.70E-01
1.189E-01 1.120E+00 1.293E+00  8.48E-01
1.122E-01 1.053E+00 1.355E+00  8.16E-01
1.059E-01 9.959E-01 1.439E+00  7.89E-01
1.000E-01 9.677E-01 1.475E+00  7.81E-01
9.441E-02 9.365E-01 1.506E+00  7.76E-01
8.913E-02 9.279E-01 1.485E+00  7.86E-01
8.414E-02 8.964E-01 1.510E+00  7.80E-01
7.943E-02 8.601E-01 1.532E+00  7.74E-01
7.499E-02 8.157E-01 1.542E+00  7.71E-01
7.079E-02 7.689E-01 1.546E+00  7.69E-01
6.683E-02 7.417E-01 1.523E+00  7.78E-01
6.310E-02 7.575E-01 1.466E+00  8.01E-01
5.957E-02 7.616E-01 1.438E+00  8.12E-01
5.623E-02 7.458E-01 1.432E+00  8.19E-01
5.309E-02 7.443E-01 1.407E+00  8.34E-01
5.012E-02 7.516E-01 1.378E+00  8.52E-01
4.732E-02 7.565E-01 1.354E+00  8.68E-01
4.467E-02 7.651E-01 1.326E+00  8.86E-01
4.217E-02 7.789E-01 1.293E+00  9.06E-01
3.981E-02 8.142E-01 1.240E+00  9.27E-01
3.758E-02 8.493E-01 1.193E+00  9.42E-01
3.548E-02 8.494E-01 1.194E+00  9.43E-01
3.350E-02 8.447E-01 1.191E+00  9.47E-01
3.162E-02 8.433E-01 1.184E+00  9.52E-01
2.985E-02 8.430E-01 1.176E+00  9.56E-01
2.818E-02 8.434E-01 1.167E+00  9.61E-01
2.661E-02 8.441E-01 1.159E+00  9.66E-01
2.512E-02 8.448E-01 1.149E+00  9.70E-01
2.371E-02 8.451E-01 1.139E+00  9.73E-01
2.239E-02 8.448E-01 1.128E+00  9.76E-01
2.113E-02 8.435E-01 1.115E+00  9.79E-01
1.995E-02 8.407E-01 1.103E+00  9.82E-01
1.884E-02 8.356E-01 1.092E+00  9.84E-01
1.778E-02 8.280E-01 1.086E+00  9.86E-01
1.679E-02 8.172E-01 1.092E+00  9.88E-01
1.585E-02 8.028E-01 1.116E+00  9.90E-01
1.496E-02 7.844E-01 1.163E+00  9.92E-01
1.413E-02 7.618E-01 1.238E+00  9.94E-01
1.334E-02 7.354E-01 1.341E+00  9.95E-01
1.259E-02 7.053E-01 1.467E+00  9.96E-01
1.189E-02 6.722E-01 1.608E+00  9.97E-01
1.122E-02 6.351E-01 1.759E+00  9.98E-01
1.059E-02 5.963E-01 1.903E+00  9.98E-01
1.000E-02 5.566E-01 2.030E+00  9.99E-01
9.441E-03 5.161E-01 2.131E+00  9.99E-01
8.913E-03 4.754E-01 2.199E+00  9.99E-01
8.414E-03 4.356E-01 2.228E+00  9.99E-01
7.943E-03 3.969E-01 2.217E+00  9.99E-01
7.499E-03 3.596E-01 2.166E+00  1.00E+00
7.079E-03 3.248E-01 2.077E+00  1.00E+00
6.683E-03 2.919E-01 1.952E+00  1.00E+00
6.310E-03 2.612E-01 1.794E+00  1.00E+00
5.957E-03 2.333E-01 1.608E+00  1.00E+00
5.623E-03 2.069E-01 1.385E+00  1.00E+00
5.309E-03 1.832E-01 1.128E+00  1.00E+00
5.012E-03 1.620E-01 8.782E-01  1.00E+00
4.732E-03 1.429E-01 3.627E-01  1.00E+00
4.467E-03 1.262E-01 3.503E-01  1.00E+00
4.217E-03 8.922E-01 5.771E-01  1.00E+00
3.981E-03 8.686E-01 7.355E-01  1.00E+00
3.758E-03 8.430E-01 7.783E-01  1.00E+00
3.548E-03 8.134E-01 8.250E-01  1.00E+00
3.350E-03 7.796E-01 8.597E-01  1.00E+00
3.162E-03 7.421E-01 8.822E-01  1.00E+00
2.985E-03 7.019E-01 8.947E-01  1.00E+00
2.818E-03 6.570E-01 8.999E-01  1.00E+00
2.661E-03 6.094E-01 8.939E-01  1.00E+00
2.512E-03 5.611E-01 8.754E-01  1.00E+00
2.371E-03 5.130E-01 8.483E-01  1.00E+00
2.239E-03 4.656E-01 8.145E-01  1.00E+00
2.113E-03 4.189E-01 7.750E-01  1.00E+00
1.995E-03 3.749E-01 7.313E-01  1.00E+00
1.884E-03 3.332E-01 6.849E-01  1.00E+00
1.778E-03 2.943E-01 6.363E-01  1.00E+00
1.679E-03 2.585E-01 5.872E-01  1.00E+00
1.585E-03 2.261E-01 5.391E-01  1.00E+00
1.496E-03 1.968E-01 4.925E-01  1.00E+00
1.413E-03 1.707E-01 4.479E-01  1.00E+00
1.334E-03 1.474E-01 4.060E-01  1.00E+00
1.259E-03 1.271E-01 3.666E-01  1.00E+00
1.189E-03 1.095E-01 3.306E-01  1.00E+00
1.122E-03 9.348E-02 2.967E-01  1.00E+00
1.059E-03 7.980E-02 2.861E-01  1.00E+00
1.000E-03 6.815E-02 2.538E-01  1.00E+00
