1.000E+03 3.224E-06 6.586E-16  0.00E+00
9.441E+02 3.617E-06 8.291E-16  0.00E+00
8.913E+02 4.058E-06 1.044E-15  0.00E+00
8.414E+02 4.553E-06 1.314E-15  0.00E+00
7.943E+02 5.109E-06 1.654E-15  0.00E+00
7.499E+02 5.732E-06 2.082E-15  0.00E+00
7.079E+02 6.431E-06 2.621E-15  0.00E+00
6.683E+02 7.215E-06 3.300E-15  0.00E+00
6.310E+02 8.095E-06 4.154E-15  0.00E+00
5.957E+02 9.082E-06 5.230E-15  0.00E+00
5.623E+02 1.019E-05 6.583E-15  0.00E+00
5.309E+02 1.143E-05 8.287E-15  0.00E+00
5.012E+02 1.282E-05 1.043E-14  0.00E+00
4.732E+02 1.439E-05 1.313E-14  0.00E+00
4.467E+02 1.614E-05 1.653E-14  0.00E+00
4.217E+02 1.810E-05 2.081E-14  0.00E+00
3.981E+02 2.030E-05 2.619E-14  0.00E+00
3.758E+02 2.277E-05 3.297E-14  0.00E+00
3.548E+02 2.554E-05 4.150E-14  0.00E+00
3.350E+02 2.864E-05 5.223E-14  0.00E+00
3.162E+02 3.211E-05 6.574E-14  0.00E+00
2.985E+02 3.600E-05 8.275E-14  0.00E+00
2.818E+02 4.036E-05 1.041E-13  0.00E+00
2.661E+02 4.523E-05 1.311E-13  0.00E+00
2.512E+02 5.067E-05 1.650E-13  0.00E+00
2.371E+02 5.676E-05 2.076E-13  0.00E+00
2.239E+02 6.357E-05 2.612E-13  0.00E+00
2.113E+02 7.116E-05 3.287E-13  0.00E+00
1.995E+02 7.964E-05 4.136E-13  0.00E+00
1.884E+02 8.910E-05 5.205E-13  0.00E+00
1.778E+02 9.966E-05 6.549E-13  0.00E+00
1.679E+02 1.115E-04 8.241E-13  0.00E+00
1.585E+02 1.246E-04 1.037E-12  0.00E+00
1.496E+02 1.394E-04 1.305E-12  0.00E+00
1.413E+02 1.560E-04 1.642E-12  0.00E+00
1.334E+02 1.746E-04 2.065E-12  0.00E+00
1.259E+02 1.957E-04 2.599E-12  0.00E+00
1.189E+02 2.195E-04 3.270E-12  1.88E-05
1.122E+02 2.464E-04 4.114E-12  2.21E-05
1.059E+02 2.769E-04 5.175E-12  2.54E-05
1.000E+02 3.115E-04 6.508E-12  2.86E-05
9.441E+01 3.505E-04 8.182E-12  3.13E-05
8.913E+01 3.943E-04 1.028E-11  3.40E-05
8.414E+01 4.436E-04 1.292E-11  3.65E-05
7.943E+01 4.991E-04 1.623E-11  3.78E-05
7.499E+01 5.613E-04 2.038E-11  3.79E-05
7.079E+01 6.309E-04 2.557E-11  3.70E-05
6.683E+01 7.083E-04 3.206E-11  3.49E-05
6.310E+01 7.941E-04 4.016E-11  3.13E-05
5.957E+01 8.886E-04 5.026E-11  2.61E-05
5.623E+01 9.916E-04 6.283E-11  1.93E-05
5.309E+01 1.103E-03 7.843E-11  1.11E-05
5.012E+01 1.220E-03 9.775E-11  1.60E-06
4.732E+01 1.343E-03 1.216E-10 -7.99E-06
4.467E+01 1.468E-03 1.510E-10 -1.62E-05
4.217E+01 1.590E-03 1.871E-10 -2.22E-05
3.981E+01 1.703E-03 2.314E-10 -2.71E-05
3.758E+01 1.802E-03 2.858E-10 -3.18E-05
3.548E+01 1.881E-03 3.525E-10 -3.60E-05
3.350E+01 1.935E-03 4.347E-10 -3.97E-05
3.162E+01 1.960E-03 5.361E-10 -4.23E-05
2.985E+01 1.956E-03 6.621E-10 -4.39E-05
2.818E+01 1.928E-03 8.192E-10 -4.45E-05
2.661E+01 1.878E-03 1.016E-09 -4.40E-05
2.512E+01 1.813E-03 1.264E-09 -4.21E-05
2.371E+01 1.739E-03 1.576E-09 -3.80E-05
2.239E+01 1.659E-03 1.971E-09 -3.53E-05
2.113E+01 1.585E-03 2.469E-09 -3.20E-05
1.995E+01 1.517E-03 3.100E-09 -2.72E-05
1.884E+01 1.457E-03 3.895E-09 -2.12E-05
1.778E+01 1.408E-03 4.901E-09 -1.61E-05
1.679E+01 1.372E-03 6.170E-09 -1.08E-05
1.585E+01 1.350E-03 7.773E-09 -5.11E-06
1.496E+01 1.343E-03 9.796E-09  4.11E-07
1.413E+01 1.352E-03 1.235E-08  6.36E-06
1.334E+01 1.379E-03 1.556E-08  1.32E-05
1.259E+01 1.422E-03 1.962E-08  2.13E-05
1.189E+01 1.471E-03 2.475E-08  3.07E-05
1.122E+01 1.565E-03 3.100E-08  3.96E-05
1.059E+01 1.638E-03 3.916E-08  4.93E-05
1.000E+01 1.745E-03 4.929E-08  5.97E-05
9.441E+00 1.869E-03 6.208E-08  7.07E-05
8.913E+00 2.016E-03 7.814E-08  8.26E-05
8.414E+00 2.184E-03 9.832E-08  9.61E-05
7.943E+00 2.374E-03 1.237E-07  1.12E-04
7.499E+00 2.579E-03 1.555E-07  1.30E-04
7.079E+00 2.811E-03 1.955E-07  1.48E-04
6.683E+00 3.070E-03 2.458E-07  1.68E-04
6.310E+00 3.310E-03 3.089E-07  1.96E-04
5.957E+00 3.677E-03 3.883E-07  2.13E-04
5.623E+00 4.029E-03 4.878E-07  2.40E-04
5.309E+00 4.420E-03 6.128E-07  2.69E-04
5.012E+00 4.845E-03 7.693E-07  3.02E-04
4.732E+00 5.298E-03 9.660E-07  3.38E-04
4.467E+00 5.797E-03 1.213E-06  3.78E-04
4.217E+00 6.346E-03 1.522E-06  4.22E-04
3.981E+00 6.947E-03 1.910E-06  4.70E-04
3.758E+00 7.603E-03 2.397E-06  5.23E-04
3.548E+00 8.323E-03 3.008E-06  5.80E-04
3.350E+00 9.121E-03 3.773E-06  6.42E-04
3.162E+00 9.970E-03 4.733E-06  7.11E-04
2.985E+00 1.093E-02 5.936E-06  7.87E-04
2.818E+00 1.197E-02 7.445E-06  8.70E-04
2.661E+00 1.311E-02 9.334E-06  9.63E-04
2.512E+00 1.433E-02 1.170E-05  1.07E-03
2.371E+00 1.566E-02 1.466E-05  1.18E-03
2.239E+00 1.712E-02 1.838E-05  1.30E-03
2.113E+00 1.873E-02 2.305E-05  1.44E-03
1.995E+00 2.048E-02 2.888E-05  1.59E-03
1.884E+00 2.240E-02 3.620E-05  1.75E-03
1.778E+00 2.452E-02 4.539E-05  1.93E-03
1.679E+00 2.685E-02 5.688E-05  2.13E-03
1.585E+00 2.936E-02 7.127E-05  2.35E-03
1.496E+00 3.211E-02 8.935E-05  2.59E-03
1.413E+00 3.519E-02 1.121E-04  2.84E-03
1.334E+00 3.863E-02 1.405E-04  3.12E-03
1.259E+00 4.240E-02 1.761E-04  3.44E-03
1.189E+00 4.650E-02 2.208E-04  3.78E-03
1.122E+00 5.108E-02 2.769E-04  4.15E-03
1.059E+00 5.623E-02 3.472E-04  4.56E-03
1.000E+00 6.194E-02 4.352E-04  5.00E-03
9.441E-01 6.824E-02 5.454E-04  5.50E-03
8.913E-01 7.514E-02 6.832E-04  6.05E-03
8.414E-01 8.267E-02 8.556E-04  6.68E-03
7.943E-01 9.089E-02 1.071E-03  7.39E-03
7.499E-01 9.983E-02 1.341E-03  8.18E-03
7.079E-01 1.095E-01 1.680E-03  9.08E-03
6.683E-01 1.200E-01 2.105E-03  1.01E-02
6.310E-01 1.314E-01 2.642E-03  1.13E-02
5.957E-01 1.441E-01 3.320E-03  1.26E-02
5.623E-01 1.584E-01 4.182E-03  1.40E-02
5.309E-01 1.747E-01 5.283E-03  1.55E-02
5.012E-01 1.934E-01 6.696E-03  1.73E-02
4.732E-01 2.155E-01 8.510E-03  1.91E-02
4.467E-01 2.425E-01 1.084E-02  2.10E-02
4.217E-01 2.751E-01 1.384E-02  2.28E-02
3.981E-01 3.115E-01 1.768E-02  2.46E-02
3.758E-01 3.509E-01 2.263E-02  2.64E-02
3.548E-01 3.948E-01 2.924E-02  2.80E-02
3.350E-01 4.491E-01 3.833E-02  2.90E-02
3.162E-01 5.214E-01 5.120E-02  2.79E-02
2.985E-01 6.123E-01 6.941E-02  2.38E-02
2.818E-01 7.213E-01 9.700E-02  1.60E-02
2.661E-01 8.671E-01 1.416E-01  7.87E-03
2.512E-01 1.109E+00 2.185E-01  6.07E-03
2.371E-01 1.553E+00 3.445E-01  1.08E-02
2.239E-01 1.983E+00 4.330E-01  2.06E-02
2.113E-01 1.863E+00 3.539E-01  3.57E-02
1.995E-01 1.414E+00 2.261E-01  5.36E-02
1.884E-01 1.040E+00 1.426E-01  7.15E-02
1.778E-01 8.086E-01 1.023E-01  9.15E-02
1.679E-01 6.632E-01 9.063E-02  1.14E-01
1.585E-01 5.647E-01 1.067E-01  1.38E-01
1.496E-01 5.088E-01 1.573E-01  1.67E-01
1.413E-01 5.178E-01 2.549E-01  2.03E-01
1.334E-01 6.128E-01 4.188E-01  2.48E-01
1.259E-01 8.690E-01 6.953E-01  3.04E-01
1.189E-01 1.233E+00 1.016E+00  3.02E-01
1.122E-01 1.480E+00 1.280E+00  2.92E-01
1.059E-01 1.670E+00 1.488E+00  2.88E-01
1.000E-01 1.683E+00 1.396E+00  2.95E-01
9.441E-02 1.700E+00 1.339E+00  3.35E-01
8.913E-02 1.691E+00 1.233E+00  3.87E-01
8.414E-02 1.673E+00 1.268E+00  4.29E-01
7.943E-02 1.680E+00 1.310E+00  4.75E-01
7.499E-02 1.620E+00 1.293E+00  5.05E-01
7.079E-02 1.473E+00 1.235E+00  5.23E-01
6.683E-02 1.273E+00 1.112E+00  5.38E-01
6.310E-02 1.147E+00 9.746E-01  5.62E-01
5.957E-02 1.074E+00 9.248E-01  5.86E-01
5.623E-02 9.728E-01 8.969E-01  6.07E-01
5.309E-02 8.750E-01 8.362E-01  6.33E-01
5.012E-02 8.077E-01 7.819E-01  6.63E-01
4.732E-02 7.441E-01 7.370E-01  6.93E-01
4.467E-02 6.867E-01 6.837E-01  7.27E-01
4.217E-02 6.319E-01 6.119E-01  7.62E-01
3.981E-02 6.283E-01 5.271E-01  7.93E-01
3.758E-02 6.561E-01 4.742E-01  8.15E-01
3.548E-02 6.635E-01 5.068E-01  8.28E-01
3.350E-02 6.229E-01 5.059E-01  8.42E-01
3.162E-02 5.853E-01 4.961E-01  8.56E-01
2.985E-02 5.491E-01 4.823E-01  8.70E-01
2.818E-02 5.143E-01 4.654E-01  8.83E-01
2.661E-02 4.809E-01 4.471E-01  8.96E-01
2.512E-02 4.478E-01 4.273E-01  9.06E-01
2.371E-02 4.156E-01 4.065E-01  9.13E-01
2.239E-02 3.848E-01 3.850E-01  9.21E-01
2.113E-02 3.555E-01 3.627E-01  9.30E-01
1.995E-02 3.274E-01 3.401E-01  9.37E-01
1.884E-02 2.998E-01 3.172E-01  9.42E-01
1.778E-02 2.740E-01 2.945E-01  9.47E-01
1.679E-02 2.496E-01 2.722E-01  9.53E-01
1.585E-02 2.266E-01 2.504E-01  9.58E-01
1.496E-02 2.050E-01 2.294E-01  9.61E-01
1.413E-02 1.849E-01 2.094E-01  9.65E-01
1.334E-02 1.664E-01 1.902E-01  9.69E-01
1.259E-02 1.493E-01 1.723E-01  9.71E-01
1.189E-02 1.338E-01 1.557E-01  9.74E-01
1.122E-02 1.191E-01 1.397E-01  9.76E-01
1.059E-02 1.059E-01 1.250E-01  9.79E-01
1.000E-02 9.411E-02 1.115E-01  9.81E-01
9.441E-03 8.340E-02 9.914E-02  9.82E-01
8.913E-03 7.373E-02 8.770E-02  9.84E-01
8.414E-03 6.508E-02 7.723E-02  9.86E-01
7.943E-03 5.736E-02 6.764E-02  9.87E-01
7.499E-03 5.042E-02 5.884E-02  9.88E-01
7.079E-03 4.435E-02 5.086E-02  9.89E-01
6.683E-03 3.892E-02 4.352E-02  9.90E-01
6.310E-03 3.409E-02 3.672E-02  9.91E-01
5.957E-03 2.989E-02 3.047E-02  9.92E-01
5.623E-03 2.607E-02 2.438E-02  9.93E-01
5.309E-03 2.274E-02 1.854E-02  9.93E-01
5.012E-03 1.985E-02 1.363E-02  9.94E-01
4.732E-03 1.732E-02 5.161E-03  9.95E-01
4.467E-03 1.513E-02 4.924E-03  9.95E-01
4.217E-03 2.624E-01 2.463E-02  9.96E-01
3.981E-03 2.388E-01 3.094E-02  9.96E-01
3.758E-03 2.162E-01 3.042E-02  9.96E-01
3.548E-03 1.946E-01 2.995E-02  9.97E-01
3.350E-03 1.742E-01 2.884E-02  9.97E-01
3.162E-03 1.552E-01 2.729E-02  9.97E-01
2.985E-03 1.380E-01 2.557E-02  9.98E-01
2.818E-03 1.215E-01 2.376E-02  9.98E-01
2.661E-03 1.065E-01 2.185E-02  9.98E-01
2.512E-03 9.305E-02 1.991E-02  9.98E-01
2.371E-03 8.115E-02 1.805E-02  9.98E-01
2.239E-03 7.058E-02 1.631E-02  9.99E-01
2.113E-03 6.109E-02 1.468E-02  9.99E-01
1.995E-03 5.282E-02 1.318E-02  9.99E-01
1.884E-03 4.555E-02 1.180E-02  9.99E-01
1.778E-03 3.915E-02 1.053E-02  9.99E-01
1.679E-03 3.359E-02 9.383E-03  9.99E-01
1.585E-03 2.877E-02 8.349E-03  9.99E-01
1.496E-03 2.460E-02 7.421E-03  9.99E-01
1.413E-03 2.100E-02 6.590E-03  9.99E-01
1.334E-03 1.790E-02 5.849E-03  9.99E-01
1.259E-03 1.526E-02 5.187E-03  9.99E-01
1.189E-03 1.301E-02 4.606E-03  1.00E+00
1.122E-03 1.101E-02 4.076E-03  1.00E+00
1.059E-03 9.330E-03 3.608E-03  1.00E+00
1.000E-03 7.919E-03 3.196E-03  1.00E+00
