1.000E+03 2.251E-04 1.044E-09 -1.53E-02
9.441E+02 2.399E-04 1.315E-09 -1.55E-02
8.913E+02 2.561E-04 1.655E-09 -1.57E-02
8.414E+02 2.738E-04 2.084E-09 -1.59E-02
7.943E+02 2.934E-04 2.624E-09 -1.61E-02
7.499E+02 3.150E-04 3.303E-09 -1.62E-02
7.079E+02 3.388E-04 4.159E-09 -1.64E-02
6.683E+02 3.654E-04 5.235E-09 -1.65E-02
6.310E+02 3.949E-04 6.591E-09 -1.66E-02
5.957E+02 4.277E-04 8.298E-09 -1.66E-02
5.623E+02 4.644E-04 1.045E-08 -1.66E-02
5.309E+02 5.053E-04 1.315E-08 -1.67E-02
5.012E+02 5.511E-04 1.656E-08 -1.66E-02
4.732E+02 6.023E-04 2.085E-08 -1.66E-02
4.467E+02 6.597E-04 2.624E-08 -1.65E-02
4.217E+02 7.240E-04 3.304E-08 -1.65E-02
3.981E+02 7.961E-04 4.160E-08 -1.63E-02
3.758E+02 8.771E-04 5.237E-08 -1.62E-02
3.548E+02 9.679E-04 6.594E-08 -1.60E-02
3.350E+02 1.070E-03 8.302E-08 -1.58E-02
3.162E+02 1.185E-03 1.045E-07 -1.55E-02
2.985E+02 1.314E-03 1.316E-07 -1.52E-02
2.818E+02 1.459E-03 1.657E-07 -1.49E-02
2.661E+02 1.622E-03 2.086E-07 -1.44E-02
2.512E+02 1.806E-03 2.627E-07 -1.40E-02
2.371E+02 2.014E-03 3.308E-07 -1.34E-02
2.239E+02 2.248E-03 4.166E-07 -1.27E-02
2.113E+02 2.514E-03 5.246E-07 -1.20E-02
1.995E+02 2.816E-03 6.608E-07 -1.11E-02
1.884E+02 3.162E-03 8.325E-07 -1.01E-02
1.778E+02 3.563E-03 1.049E-06 -8.84E-03
1.679E+02 4.040E-03 1.323E-06 -7.40E-03
1.585E+02 4.650E-03 1.670E-06 -5.68E-03
1.496E+02 5.582E-03 2.110E-06 -3.61E-03
1.413E+02 7.273E-03 2.644E-06 -1.08E-03
1.334E+02 7.842E-03 3.259E-06  1.95E-03
1.259E+02 8.102E-03 4.100E-06  5.57E-03
1.189E+02 9.050E-03 5.173E-06  9.83E-03
1.122E+02 1.049E-02 6.523E-06  1.47E-02
1.059E+02 1.249E-02 8.221E-06  1.96E-02
1.000E+02 1.509E-02 1.036E-05  2.39E-02
9.441E+01 1.823E-02 1.305E-05  2.72E-02
8.913E+01 2.204E-02 1.644E-05  2.96E-02
8.414E+01 2.679E-02 2.070E-05  3.01E-02
7.943E+01 3.225E-02 2.608E-05  2.71E-02
7.499E+01 3.812E-02 3.284E-05  2.08E-02
7.079E+01 4.426E-02 4.133E-05  1.20E-02
6.683E+01 5.046E-02 5.198E-05  1.11E-03
6.310E+01 5.654E-02 6.530E-05 -1.11E-02
5.957E+01 6.230E-02 8.192E-05 -2.34E-02
5.623E+01 6.775E-02 1.026E-04 -3.53E-02
5.309E+01 7.288E-02 1.283E-04 -4.59E-02
5.012E+01 7.776E-02 1.602E-04 -5.51E-02
4.732E+01 8.233E-02 1.994E-04 -6.12E-02
4.467E+01 8.723E-02 2.478E-04 -6.60E-02
4.217E+01 9.254E-02 3.074E-04 -6.93E-02
3.981E+01 9.794E-02 3.806E-04 -7.23E-02
3.758E+01 1.030E-01 4.705E-04 -7.55E-02
3.548E+01 1.075E-01 5.811E-04 -7.85E-02
3.350E+01 1.112E-01 7.174E-04 -8.12E-02
3.162E+01 1.141E-01 8.863E-04 -8.34E-02
2.985E+01 1.164E-01 1.097E-03 -8.52E-02
2.818E+01 1.182E-01 1.360E-03 -8.66E-02
2.661E+01 1.196E-01 1.693E-03 -8.75E-02
2.512E+01 1.213E-01 2.113E-03 -8.78E-02
2.371E+01 1.243E-01 2.648E-03 -8.82E-02
2.239E+01 1.274E-01 3.329E-03 -8.97E-02
2.113E+01 1.312E-01 4.199E-03 -9.09E-02
1.995E+01 1.365E-01 5.308E-03 -9.15E-02
1.884E+01 1.438E-01 6.726E-03 -9.31E-02
1.778E+01 1.520E-01 8.540E-03 -9.57E-02
1.679E+01 1.615E-01 1.086E-02 -9.85E-02
1.585E+01 1.724E-01 1.383E-02 -1.02E-01
1.496E+01 1.844E-01 1.764E-02 -1.05E-01
1.413E+01 1.978E-01 2.252E-02 -1.09E-01
1.334E+01 2.128E-01 2.877E-02 -1.12E-01
1.259E+01 2.298E-01 3.679E-02 -1.14E-01
1.189E+01 2.482E-01 4.714E-02 -1.17E-01
1.122E+01 2.685E-01 6.003E-02 -1.21E-01
1.059E+01 2.888E-01 7.708E-02 -1.23E-01
1.000E+01 3.114E-01 9.868E-02 -1.25E-01
9.441E+00 3.357E-01 1.264E-01 -1.25E-01
8.913E+00 3.627E-01 1.616E-01 -1.24E-01
8.414E+00 3.929E-01 2.064E-01 -1.21E-01
7.943E+00 4.269E-01 2.629E-01 -1.17E-01
7.499E+00 4.640E-01 3.335E-01 -1.12E-01
7.079E+00 5.044E-01 4.207E-01 -1.05E-01
6.683E+00 5.484E-01 5.264E-01 -9.53E-02
6.310E+00 5.927E-01 6.507E-01 -8.48E-02
5.957E+00 6.416E-01 7.946E-01 -6.97E-02
5.623E+00 6.866E-01 9.522E-01 -5.28E-02
5.309E+00 7.265E-01 1.118E+00 -3.24E-02
5.012E+00 7.578E-01 1.282E+00 -8.14E-03
4.732E+00 7.770E-01 1.438E+00  2.12E-02
4.467E+00 7.854E-01 1.580E+00  5.72E-02
4.217E+00 7.856E-01 1.710E+00  1.02E-01
3.981E+00 7.821E-01 1.843E+00  1.60E-01
3.758E+00 7.810E-01 2.010E+00  2.31E-01
3.548E+00 7.882E-01 2.264E+00  3.06E-01
3.350E+00 7.974E-01 2.576E+00  3.51E-01
3.162E+00 7.857E-01 2.711E+00  3.51E-01
2.985E+00 7.746E-01 2.608E+00  3.44E-01
2.818E+00 7.733E-01 2.482E+00  3.57E-01
2.661E+00 7.876E-01 2.418E+00  3.85E-01
2.512E+00 8.214E-01 2.459E+00  4.19E-01
2.371E+00 8.933E-01 2.736E+00  4.63E-01
2.239E+00 8.990E-01 2.843E+00  5.00E-01
2.113E+00 8.459E-01 2.558E+00  4.81E-01
1.995E+00 8.273E-01 2.347E+00  4.50E-01
1.884E+00 8.553E-01 2.172E+00  4.29E-01
1.778E+00 9.809E-01 2.189E+00  4.58E-01
1.679E+00 9.004E-01 1.868E+00  4.94E-01
1.585E+00 9.203E-01 1.804E+00  4.70E-01
1.496E+00 9.568E-01 1.659E+00  4.57E-01
1.413E+00 9.265E-01 1.524E+00  5.17E-01
1.334E+00 9.774E-01 1.551E+00  5.48E-01
1.259E+00 1.010E+00 1.613E+00  5.99E-01
1.189E+00 9.358E-01 1.634E+00  6.32E-01
1.122E+00 1.042E+00 1.751E+00  6.77E-01
1.059E+00 9.796E-01 1.787E+00  7.00E-01
1.000E+00 1.023E+00 1.766E+00  6.99E-01
9.441E-01 1.011E+00 1.708E+00  7.12E-01
8.913E-01 1.038E+00 1.597E+00  6.96E-01
8.414E-01 1.038E+00 1.511E+00  7.02E-01
7.943E-01 1.056E+00 1.474E+00  7.11E-01
7.499E-01 1.057E+00 1.479E+00  7.31E-01
7.079E-01 1.059E+00 1.498E+00  7.47E-01
6.683E-01 1.052E+00 1.492E+00  7.57E-01
6.310E-01 1.045E+00 1.470E+00  7.60E-01
5.957E-01 1.036E+00 1.454E+00  7.62E-01
5.623E-01 1.026E+00 1.450E+00  7.66E-01
5.309E-01 1.015E+00 1.449E+00  7.70E-01
5.012E-01 1.003E+00 1.446E+00  7.72E-01
4.732E-01 9.912E-01 1.443E+00  7.74E-01
4.467E-01 9.797E-01 1.442E+00  7.75E-01
4.217E-01 9.686E-01 1.442E+00  7.76E-01
3.981E-01 9.579E-01 1.442E+00  7.77E-01
3.758E-01 9.471E-01 1.442E+00  7.78E-01
3.548E-01 9.342E-01 1.445E+00  7.77E-01
3.350E-01 9.180E-01 1.453E+00  7.74E-01
3.162E-01 8.982E-01 1.468E+00  7.69E-01
2.985E-01 8.767E-01 1.487E+00  7.63E-01
2.818E-01 8.498E-01 1.518E+00  7.54E-01
2.661E-01 8.233E-01 1.557E+00  7.46E-01
2.512E-01 8.030E-01 1.587E+00  7.43E-01
2.371E-01 7.875E-01 1.592E+00  7.44E-01
2.239E-01 7.836E-01 1.555E+00  7.56E-01
2.113E-01 7.945E-01 1.495E+00  7.77E-01
1.995E-01 8.267E-01 1.423E+00  8.09E-01
1.884E-01 8.736E-01 1.341E+00  8.50E-01
1.778E-01 9.302E-01 1.254E+00  8.93E-01
1.679E-01 9.819E-01 1.181E+00  9.25E-01
1.585E-01 1.014E+00 1.149E+00  9.37E-01
1.496E-01 1.022E+00 1.154E+00  9.35E-01
1.413E-01 1.008E+00 1.176E+00  9.25E-01
1.334E-01 9.832E-01 1.199E+00  9.10E-01
1.259E-01 9.513E-01 1.227E+00  8.90E-01
1.189E-01 9.146E-01 1.260E+00  8.67E-01
1.122E-01 8.644E-01 1.311E+00  8.33E-01
1.059E-01 8.109E-01 1.374E+00  8.01E-01
1.000E-01 7.827E-01 1.402E+00  7.90E-01
9.441E-02 7.534E-01 1.427E+00  7.82E-01
8.913E-02 7.546E-01 1.413E+00  7.92E-01
8.414E-02 7.296E-01 1.433E+00  7.84E-01
7.943E-02 7.021E-01 1.451E+00  7.76E-01
7.499E-02 6.767E-01 1.464E+00  7.72E-01
7.079E-02 6.540E-01 1.474E+00  7.71E-01
6.683E-02 6.513E-01 1.462E+00  7.80E-01
6.310E-02 6.818E-01 1.420E+00  8.04E-01
5.957E-02 6.948E-01 1.399E+00  8.16E-01
5.623E-02 6.913E-01 1.396E+00  8.22E-01
5.309E-02 7.020E-01 1.377E+00  8.38E-01
5.012E-02 7.186E-01 1.353E+00  8.55E-01
4.732E-02 7.326E-01 1.333E+00  8.72E-01
4.467E-02 7.502E-01 1.309E+00  8.90E-01
4.217E-02 7.731E-01 1.280E+00  9.10E-01
3.981E-02 8.117E-01 1.235E+00  9.31E-01
3.758E-02 8.450E-01 1.198E+00  9.46E-01
3.548E-02 8.455E-01 1.196E+00  9.47E-01
3.350E-02 8.464E-01 1.192E+00  9.50E-01
3.162E-02 8.502E-01 1.185E+00  9.55E-01
2.985E-02 8.551E-01 1.177E+00  9.60E-01
2.818E-02 8.605E-01 1.168E+00  9.64E-01
2.661E-02 8.662E-01 1.160E+00  9.68E-01
2.512E-02 8.720E-01 1.151E+00  9.72E-01
2.371E-02 8.778E-01 1.142E+00  9.76E-01
2.239E-02 8.836E-01 1.134E+00  9.79E-01
2.113E-02 8.893E-01 1.126E+00  9.82E-01
1.995E-02 8.948E-01 1.118E+00  9.84E-01
1.884E-02 9.000E-01 1.110E+00  9.87E-01
1.778E-02 9.050E-01 1.103E+00  9.89E-01
1.679E-02 9.096E-01 1.097E+00  9.90E-01
1.585E-02 9.137E-01 1.092E+00  9.92E-01
1.496E-02 9.171E-01 1.088E+00  9.93E-01
1.413E-02 9.197E-01 1.084E+00  9.94E-01
1.334E-02 9.214E-01 1.080E+00  9.95E-01
1.259E-02 9.216E-01 1.075E+00  9.96E-01
1.189E-02 9.202E-01 1.068E+00  9.96E-01
1.122E-02 9.164E-01 1.065E+00  9.97E-01
1.059E-02 9.100E-01 1.072E+00  9.98E-01
1.000E-02 9.004E-01 1.089E+00  9.98E-01
9.441E-03 8.871E-01 1.102E+00  9.98E-01
8.913E-03 8.694E-01 1.100E+00  9.99E-01
8.414E-03 8.473E-01 1.099E+00  9.99E-01
7.943E-03 8.205E-01 1.131E+00  9.99E-01
7.499E-03 7.889E-01 1.216E+00  9.99E-01
7.079E-03 7.537E-01 1.329E+00  9.99E-01
6.683E-03 7.147E-01 1.409E+00  1.00E+00
6.310E-03 6.725E-01 1.400E+00  1.00E+00
5.957E-03 6.290E-01 1.309E+00  1.00E+00
5.623E-03 5.829E-01 1.231E+00  1.00E+00
5.309E-03 5.369E-01 1.353E+00  1.00E+00
5.012E-03 4.917E-01 1.738E+00  1.00E+00
4.732E-03 4.481E-01 2.228E+00  1.00E+00
4.467E-03 4.073E-01 2.292E+00  1.00E+00
4.217E-03 9.918E-01 1.006E+00  1.00E+00
3.981E-03 9.878E-01 1.011E+00  1.00E+00
3.758E-03 9.849E-01 1.014E+00  1.00E+00
3.548E-03 9.813E-01 1.017E+00  1.00E+00
3.350E-03 9.770E-01 1.021E+00  1.00E+00
3.162E-03 9.715E-01 1.026E+00  1.00E+00
2.985E-03 9.646E-01 1.033E+00  1.00E+00
2.818E-03 9.552E-01 1.042E+00  1.00E+00
2.661E-03 9.426E-01 1.054E+00  1.00E+00
2.512E-03 9.264E-01 1.069E+00  1.00E+00
2.371E-03 9.058E-01 1.089E+00  1.00E+00
2.239E-03 8.802E-01 1.113E+00  1.00E+00
2.113E-03 8.486E-01 1.143E+00  1.00E+00
1.995E-03 8.118E-01 1.177E+00  1.00E+00
1.884E-03 7.696E-01 1.217E+00  1.00E+00
1.778E-03 7.225E-01 1.260E+00  1.00E+00
1.679E-03 6.720E-01 1.306E+00  1.00E+00
1.585E-03 6.191E-01 1.352E+00  1.00E+00
1.496E-03 5.653E-01 1.399E+00  1.00E+00
1.413E-03 5.116E-01 1.442E+00  1.00E+00
1.334E-03 4.592E-01 1.482E+00  1.00E+00
1.259E-03 4.095E-01 1.516E+00  1.00E+00
1.189E-03 3.631E-01 1.543E+00  1.00E+00
1.122E-03 3.183E-01 1.563E+00  1.00E+00
1.059E-03 2.780E-01 1.574E+00  1.00E+00
1.000E-03 2.421E-01 1.573E+00  1.00E+00
