1.000E+03 5.847E-07 2.612E-19  0.00E+00
9.441E+02 6.478E-07 3.288E-19  0.00E+00
8.913E+02 7.180E-07 4.138E-19  0.00E+00
8.414E+02 7.961E-07 5.209E-19  0.00E+00
7.943E+02 8.831E-07 6.557E-19  0.00E+00
7.499E+02 9.800E-07 8.253E-19  0.00E+00
7.079E+02 1.088E-06 1.039E-18  0.00E+00
6.683E+02 1.209E-06 1.308E-18  0.00E+00
6.310E+02 1.344E-06 1.646E-18  0.00E+00
5.957E+02 1.494E-06 2.072E-18  0.00E+00
5.623E+02 1.663E-06 2.608E-18  0.00E+00
5.309E+02 1.851E-06 3.283E-18  0.00E+00
5.012E+02 2.062E-06 4.132E-18  0.00E+00
4.732E+02 2.299E-06 5.201E-18  0.00E+00
4.467E+02 2.564E-06 6.546E-18  0.00E+00
4.217E+02 2.860E-06 8.240E-18  0.00E+00
3.981E+02 3.193E-06 1.037E-17  0.00E+00
3.758E+02 3.565E-06 1.306E-17  0.00E+00
3.548E+02 3.983E-06 1.643E-17  0.00E+00
3.350E+02 4.451E-06 2.068E-17  0.00E+00
3.162E+02 4.976E-06 2.603E-17  0.00E+00
2.985E+02 5.565E-06 3.276E-17  0.00E+00
2.818E+02 6.226E-06 4.124E-17  0.00E+00
2.661E+02 6.966E-06 5.190E-17  0.00E+00
2.512E+02 7.796E-06 6.532E-17  0.00E+00
2.371E+02 8.728E-06 8.220E-17  0.00E+00
2.239E+02 9.772E-06 1.034E-16  0.00E+00
2.113E+02 1.094E-05 1.302E-16  0.00E+00
1.995E+02 1.226E-05 1.638E-16  0.00E+00
1.884E+02 1.373E-05 2.061E-16  0.00E+00
1.778E+02 1.538E-05 2.593E-16  0.00E+00
1.679E+02 1.723E-05 3.262E-16  0.00E+00
1.585E+02 1.930E-05 4.103E-16  0.00E+00
1.496E+02 2.163E-05 5.161E-16  0.00E+00
1.413E+02 2.423E-05 6.491E-16  0.00E+00
1.334E+02 2.716E-05 8.163E-16  0.00E+00
1.259E+02 3.043E-05 1.026E-15  0.00E+00
1.189E+02 3.410E-05 1.290E-15  0.00E+00
1.122E+02 3.821E-05 1.621E-15  0.00E+00
1.059E+02 4.280E-05 2.037E-15  0.00E+00
1.000E+02 4.793E-05 2.559E-15  0.00E+00
9.441E+01 5.363E-05 3.213E-15  0.00E+00
8.913E+01 5.994E-05 4.032E-15  0.00E+00
8.414E+01 6.694E-05 5.058E-15  0.00E+00
7.943E+01 7.467E-05 6.342E-15  0.00E+00
7.499E+01 8.317E-05 7.947E-15  0.00E+00
7.079E+01 9.247E-05 9.951E-15  0.00E+00
6.683E+01 1.026E-04 1.245E-14  0.00E+00
6.310E+01 1.135E-04 1.557E-14  0.00E+00
5.957E+01 1.252E-04 1.944E-14  0.00E+00
5.623E+01 1.376E-04 2.426E-14  0.00E+00
5.309E+01 1.505E-04 3.023E-14  0.00E+00
5.012E+01 1.638E-04 3.763E-14  0.00E+00
4.732E+01 1.773E-04 4.679E-14  0.00E+00
4.467E+01 1.905E-04 5.811E-14  0.00E+00
4.217E+01 2.031E-04 7.209E-14  0.00E+00
3.981E+01 2.146E-04 8.934E-14  0.00E+00
3.758E+01 2.244E-04 1.107E-13  0.00E+00
3.548E+01 2.324E-04 1.371E-13  0.00E+00
3.350E+01 2.380E-04 1.698E-13  0.00E+00
3.162E+01 2.411E-04 2.104E-13  0.00E+00
2.985E+01 2.417E-04 2.612E-13  0.00E+00
2.818E+01 2.402E-04 3.246E-13  0.00E+00
2.661E+01 2.369E-04 4.040E-13  0.00E+00
2.512E+01 2.321E-04 5.039E-13  0.00E+00
2.371E+01 2.260E-04 6.292E-13  0.00E+00
2.239E+01 2.192E-04 7.874E-13  0.00E+00
2.113E+01 2.126E-04 9.869E-13  0.00E+00
1.995E+01 2.063E-04 1.239E-12  0.00E+00
1.884E+01 2.005E-04 1.556E-12  0.00E+00
1.778E+01 1.956E-04 1.956E-12  0.00E+00
1.679E+01 1.896E-04 2.635E-12  9.19E-08
1.585E+01 1.897E-04 3.099E-12  1.71E-07
1.496E+01 1.892E-04 3.903E-12  2.71E-07
1.413E+01 1.906E-04 4.918E-12  3.79E-07
1.334E+01 1.942E-04 6.196E-12  5.04E-07
1.259E+01 1.998E-04 7.807E-12  6.56E-07
1.189E+01 2.061E-04 9.849E-12  8.31E-07
1.122E+01 2.190E-04 1.233E-11  1.00E-06
1.059E+01 2.285E-04 1.558E-11  1.18E-06
1.000E+01 2.429E-04 1.961E-11  1.38E-06
9.441E+00 2.596E-04 2.470E-11  1.59E-06
8.913E+00 2.796E-04 3.109E-11  1.81E-06
8.414E+00 3.027E-04 3.912E-11  2.07E-06
7.943E+00 3.287E-04 4.921E-11  2.38E-06
7.499E+00 3.569E-04 6.188E-11  2.73E-06
7.079E+00 3.890E-04 7.782E-11  3.08E-06
6.683E+00 4.248E-04 9.783E-11  3.48E-06
6.310E+00 4.581E-04 1.229E-10  4.02E-06
5.957E+00 5.091E-04 1.545E-10  4.36E-06
5.623E+00 5.580E-04 1.941E-10  4.89E-06
5.309E+00 6.123E-04 2.438E-10  5.46E-06
5.012E+00 6.713E-04 3.061E-10  6.12E-06
4.732E+00 7.343E-04 3.844E-10  6.85E-06
4.467E+00 8.036E-04 4.825E-10  7.64E-06
4.217E+00 8.797E-04 6.056E-10  8.52E-06
3.981E+00 9.629E-04 7.598E-10  9.48E-06
3.758E+00 1.054E-03 9.534E-10  1.05E-05
3.548E+00 1.153E-03 1.196E-09  1.17E-05
3.350E+00 1.263E-03 1.500E-09  1.29E-05
3.162E+00 1.381E-03 1.882E-09  1.43E-05
2.985E+00 1.513E-03 2.360E-09  1.58E-05
2.818E+00 1.656E-03 2.959E-09  1.75E-05
2.661E+00 1.812E-03 3.709E-09  1.94E-05
2.512E+00 1.979E-03 4.647E-09  2.15E-05
2.371E+00 2.161E-03 5.823E-09  2.38E-05
2.239E+00 2.360E-03 7.298E-09  2.63E-05
2.113E+00 2.579E-03 9.145E-09  2.90E-05
1.995E+00 2.815E-03 1.146E-08  3.20E-05
1.884E+00 3.075E-03 1.435E-08  3.53E-05
1.778E+00 3.361E-03 1.798E-08  3.90E-05
1.679E+00 3.674E-03 2.253E-08  4.29E-05
1.585E+00 4.010E-03 2.821E-08  4.74E-05
1.496E+00 4.376E-03 3.534E-08  5.23E-05
1.413E+00 4.786E-03 4.429E-08  5.75E-05
1.334E+00 5.241E-03 5.548E-08  6.32E-05
1.259E+00 5.738E-03 6.946E-08  6.96E-05
1.189E+00 6.276E-03 8.701E-08  7.66E-05
1.122E+00 6.873E-03 1.090E-07  8.42E-05
1.059E+00 7.542E-03 1.365E-07  9.25E-05
1.000E+00 8.281E-03 1.708E-07  1.02E-04
9.441E-01 9.090E-03 2.138E-07  1.12E-04
8.913E-01 9.972E-03 2.673E-07  1.23E-04
8.414E-01 1.092E-02 3.342E-07  1.36E-04
7.943E-01 1.196E-02 4.175E-07  1.51E-04
7.499E-01 1.306E-02 5.216E-07  1.67E-04
7.079E-01 1.425E-02 6.517E-07  1.86E-04
6.683E-01 1.552E-02 8.145E-07  2.07E-04
6.310E-01 1.687E-02 1.019E-06  2.31E-04
5.957E-01 1.834E-02 1.276E-06  2.58E-04
5.623E-01 1.998E-02 1.601E-06  2.88E-04
5.309E-01 2.181E-02 2.015E-06  3.21E-04
5.012E-01 2.387E-02 2.541E-06  3.57E-04
4.732E-01 2.626E-02 3.213E-06  3.97E-04
4.467E-01 2.914E-02 4.069E-06  4.39E-04
4.217E-01 3.258E-02 5.160E-06  4.81E-04
3.981E-01 3.633E-02 6.546E-06  5.24E-04
3.758E-01 4.022E-02 8.316E-06  5.69E-04
3.548E-01 4.433E-02 1.064E-05  6.15E-04
3.350E-01 4.929E-02 1.380E-05  6.53E-04
3.162E-01 5.599E-02 1.820E-05  6.58E-04
2.985E-01 6.480E-02 2.432E-05  5.98E-04
2.818E-01 7.584E-02 3.334E-05  4.32E-04
2.661E-01 9.174E-02 4.754E-05  1.84E-04
2.512E-01 1.183E-01 7.201E-05  4.88E-05
2.371E-01 1.724E-01 1.178E-04  1.01E-04
2.239E-01 2.670E-01 1.832E-04  2.81E-04
2.113E-01 3.393E-01 2.089E-04  5.37E-04
1.995E-01 2.819E-01 1.485E-04  8.44E-04
1.884E-01 1.945E-01 8.651E-05  1.20E-03
1.778E-01 1.352E-01 5.354E-05  1.62E-03
1.679E-01 9.949E-02 4.159E-05  2.10E-03
1.585E-01 7.668E-02 4.499E-05  2.59E-03
1.496E-01 6.161E-02 6.313E-05  3.11E-03
1.413E-01 5.385E-02 1.004E-04  3.67E-03
1.334E-01 5.355E-02 1.637E-04  4.32E-03
1.259E-01 6.113E-02 2.714E-04  5.20E-03
1.189E-01 8.006E-02 4.470E-04  6.27E-03
1.122E-01 1.086E-01 7.624E-04  6.97E-03
1.059E-01 1.907E-01 1.363E-03  4.90E-03
1.000E-01 3.053E-01 2.040E-03  4.79E-03
9.441E-02 4.616E-01 3.072E-03  4.25E-03
8.913E-02 5.493E-01 3.626E-03  4.72E-03
8.414E-02 6.330E-01 5.060E-03  4.35E-03
7.943E-02 8.150E-01 7.762E-03  4.33E-03
7.499E-02 1.015E+00 1.055E-02  5.26E-03
7.079E-02 1.053E+00 1.191E-02  6.54E-03
6.683E-02 8.770E-01 1.061E-02  8.15E-03
6.310E-02 6.965E-01 8.615E-03  9.85E-03
5.957E-02 5.997E-01 7.953E-03  1.16E-02
5.623E-02 5.032E-01 7.318E-03  1.35E-02
5.309E-02 4.045E-01 6.347E-03  1.55E-02
5.012E-02 3.370E-01 5.640E-03  1.78E-02
4.732E-02 2.825E-01 5.102E-03  2.04E-02
4.467E-02 2.371E-01 4.545E-03  2.32E-02
4.217E-02 1.982E-01 3.903E-03  2.65E-02
3.981E-02 1.854E-01 3.439E-03  3.01E-02
3.758E-02 1.893E-01 3.328E-03  3.42E-02
3.548E-02 1.946E-01 3.970E-03  3.86E-02
3.350E-02 1.752E-01 4.098E-03  4.35E-02
3.162E-02 1.574E-01 4.134E-03  4.92E-02
2.985E-02 1.409E-01 4.128E-03  5.56E-02
2.818E-02 1.259E-01 4.091E-03  6.27E-02
2.661E-02 1.124E-01 4.041E-03  7.08E-02
2.512E-02 1.003E-01 3.973E-03  8.00E-02
2.371E-02 8.930E-02 3.891E-03  9.02E-02
2.239E-02 7.949E-02 3.800E-03  1.02E-01
2.113E-02 7.074E-02 3.697E-03  1.15E-01
1.995E-02 6.291E-02 3.584E-03  1.29E-01
1.884E-02 5.580E-02 3.455E-03  1.46E-01
1.778E-02 4.951E-02 3.317E-03  1.64E-01
1.679E-02 4.389E-02 3.170E-03  1.85E-01
1.585E-02 3.888E-02 3.015E-03  2.08E-01
1.496E-02 3.440E-02 2.851E-03  2.34E-01
1.413E-02 3.042E-02 2.681E-03  2.63E-01
1.334E-02 2.689E-02 2.505E-03  2.95E-01
1.259E-02 2.375E-02 2.326E-03  3.31E-01
1.189E-02 2.098E-02 2.149E-03  3.69E-01
1.122E-02 1.844E-02 1.966E-03  4.11E-01
1.059E-02 1.622E-02 1.787E-03  4.56E-01
1.000E-02 1.427E-02 1.616E-03  5.03E-01
9.441E-03 1.253E-02 1.453E-03  5.51E-01
8.913E-03 1.099E-02 1.298E-03  5.98E-01
8.414E-03 9.635E-03 1.154E-03  6.43E-01
7.943E-03 8.439E-03 1.022E-03  6.84E-01
7.499E-03 7.376E-03 9.001E-04  7.19E-01
7.079E-03 6.455E-03 7.901E-04  7.46E-01
6.683E-03 5.641E-03 6.883E-04  7.67E-01
6.310E-03 4.923E-03 5.922E-04  7.82E-01
5.957E-03 4.303E-03 5.014E-04  7.94E-01
5.623E-03 3.742E-03 4.085E-04  8.07E-01
5.309E-03 3.257E-03 3.157E-04  8.21E-01
5.012E-03 2.837E-03 2.350E-04  8.37E-01
4.732E-03 2.470E-03 8.982E-05  8.55E-01
4.467E-03 2.151E-03 8.650E-05  8.72E-01
4.217E-03 4.293E-02 5.081E-04  8.85E-01
3.981E-03 3.851E-02 6.359E-04  8.94E-01
3.758E-03 3.438E-02 6.230E-04  9.01E-01
3.548E-03 3.055E-02 6.111E-04  9.09E-01
3.350E-03 2.702E-02 5.854E-04  9.18E-01
3.162E-03 2.381E-02 5.510E-04  9.27E-01
2.985E-03 2.096E-02 5.144E-04  9.34E-01
2.818E-03 1.829E-02 4.765E-04  9.38E-01
2.661E-03 1.589E-02 4.371E-04  9.43E-01
2.512E-03 1.379E-02 3.969E-04  9.49E-01
2.371E-03 1.195E-02 3.591E-04  9.54E-01
2.239E-03 1.033E-02 3.241E-04  9.58E-01
2.113E-03 8.900E-03 2.912E-04  9.62E-01
1.995E-03 7.663E-03 2.611E-04  9.66E-01
1.884E-03 6.583E-03 2.337E-04  9.69E-01
1.778E-03 5.639E-03 2.085E-04  9.71E-01
1.679E-03 4.824E-03 1.856E-04  9.74E-01
1.585E-03 4.122E-03 1.652E-04  9.76E-01
1.496E-03 3.518E-03 1.468E-04  9.79E-01
1.413E-03 2.997E-03 1.304E-04  9.81E-01
1.334E-03 2.551E-03 1.157E-04  9.82E-01
1.259E-03 2.172E-03 1.027E-04  9.84E-01
1.189E-03 1.850E-03 9.118E-05  9.86E-01
1.122E-03 1.564E-03 8.073E-05  9.87E-01
1.059E-03 1.324E-03 7.148E-05  9.88E-01
1.000E-03 1.123E-03 6.334E-05  9.89E-01
