1.000E+03 6.712E-04 1.663E-08 -5.60E-02
9.441E+02 6.997E-04 2.094E-08 -5.62E-02
8.913E+02 7.312E-04 2.636E-08 -5.64E-02
8.414E+02 7.659E-04 3.319E-08 -5.65E-02
7.943E+02 8.045E-04 4.178E-08 -5.66E-02
7.499E+02 8.474E-04 5.260E-08 -5.67E-02
7.079E+02 8.953E-04 6.622E-08 -5.67E-02
6.683E+02 9.486E-04 8.337E-08 -5.67E-02
6.310E+02 1.008E-03 1.050E-07 -5.67E-02
5.957E+02 1.075E-03 1.321E-07 -5.66E-02
5.623E+02 1.149E-03 1.663E-07 -5.65E-02
5.309E+02 1.233E-03 2.094E-07 -5.63E-02
5.012E+02 1.327E-03 2.637E-07 -5.61E-02
4.732E+02 1.432E-03 3.319E-07 -5.59E-02
4.467E+02 1.550E-03 4.179E-07 -5.55E-02
4.217E+02 1.682E-03 5.261E-07 -5.52E-02
3.981E+02 1.831E-03 6.623E-07 -5.47E-02
3.758E+02 1.998E-03 8.338E-07 -5.42E-02
3.548E+02 2.186E-03 1.050E-06 -5.36E-02
3.350E+02 2.398E-03 1.322E-06 -5.29E-02
3.162E+02 2.636E-03 1.664E-06 -5.21E-02
2.985E+02 2.905E-03 2.095E-06 -5.12E-02
2.818E+02 3.207E-03 2.638E-06 -5.02E-02
2.661E+02 3.549E-03 3.321E-06 -4.89E-02
2.512E+02 3.935E-03 4.181E-06 -4.75E-02
2.371E+02 4.373E-03 5.264E-06 -4.59E-02
2.239E+02 4.870E-03 6.629E-06 -4.39E-02
2.113E+02 5.438E-03 8.348E-06 -4.16E-02
1.995E+02 6.087E-03 1.051E-05 -3.89E-02
1.884E+02 6.838E-03 1.324E-05 -3.57E-02
1.778E+02 7.720E-03 1.669E-05 -3.18E-02
1.679E+02 8.788E-03 2.105E-05 -2.71E-02
1.585E+02 1.018E-02 2.657E-05 -2.13E-02
1.496E+02 1.233E-02 3.362E-05 -1.41E-02
1.413E+02 1.681E-02 4.223E-05 -4.71E-03
1.334E+02 1.881E-02 5.175E-05  7.18E-03
1.259E+02 2.098E-02 6.528E-05  2.22E-02
1.189E+02 2.661E-02 8.270E-05  4.08E-02
1.122E+02 3.675E-02 1.050E-04  6.10E-02
1.059E+02 5.398E-02 1.341E-04  7.46E-02
1.000E+02 7.803E-02 1.723E-04  6.67E-02
9.441E+01 1.024E-01 2.214E-04  3.40E-02
8.913E+01 1.223E-01 2.836E-04 -1.48E-02
8.414E+01 1.323E-01 3.602E-04 -6.79E-02
7.943E+01 1.337E-01 4.528E-04 -1.07E-01
7.499E+01 1.332E-01 5.671E-04 -1.30E-01
7.079E+01 1.337E-01 7.099E-04 -1.45E-01
6.683E+01 1.356E-01 8.887E-04 -1.54E-01
6.310E+01 1.389E-01 1.113E-03 -1.61E-01
5.957E+01 1.437E-01 1.392E-03 -1.66E-01
5.623E+01 1.495E-01 1.741E-03 -1.70E-01
5.309E+01 1.564E-01 2.176E-03 -1.72E-01
5.012E+01 1.641E-01 2.715E-03 -1.75E-01
4.732E+01 1.731E-01 3.383E-03 -1.75E-01
4.467E+01 1.832E-01 4.209E-03 -1.77E-01
4.217E+01 1.944E-01 5.232E-03 -1.78E-01
3.981E+01 2.057E-01 6.495E-03 -1.80E-01
3.758E+01 2.162E-01 8.054E-03 -1.82E-01
3.548E+01 2.256E-01 9.983E-03 -1.85E-01
3.350E+01 2.335E-01 1.238E-02 -1.87E-01
3.162E+01 2.399E-01 1.536E-02 -1.89E-01
2.985E+01 2.451E-01 1.912E-02 -1.91E-01
2.818E+01 2.493E-01 2.386E-02 -1.92E-01
2.661E+01 2.532E-01 2.990E-02 -1.93E-01
2.512E+01 2.576E-01 3.761E-02 -1.92E-01
2.371E+01 2.637E-01 4.750E-02 -1.92E-01
2.239E+01 2.694E-01 6.018E-02 -1.91E-01
2.113E+01 2.768E-01 7.647E-02 -1.89E-01
1.995E+01 2.870E-01 9.739E-02 -1.86E-01
1.884E+01 3.000E-01 1.242E-01 -1.83E-01
1.778E+01 3.142E-01 1.584E-01 -1.79E-01
1.679E+01 3.312E-01 2.020E-01 -1.74E-01
1.585E+01 3.513E-01 2.572E-01 -1.68E-01
1.496E+01 3.743E-01 3.265E-01 -1.60E-01
1.413E+01 4.013E-01 4.126E-01 -1.51E-01
1.334E+01 4.323E-01 5.178E-01 -1.40E-01
1.259E+01 4.670E-01 6.434E-01 -1.28E-01
1.189E+01 5.025E-01 7.898E-01 -1.13E-01
1.122E+01 5.388E-01 9.454E-01 -9.79E-02
1.059E+01 5.700E-01 1.121E+00 -7.69E-02
1.000E+01 5.971E-01 1.293E+00 -5.36E-02
9.441E+00 6.167E-01 1.458E+00 -2.55E-02
8.913E+00 6.290E-01 1.606E+00  8.74E-03
8.414E+00 6.352E-01 1.737E+00  5.12E-02
7.943E+00 6.386E-01 1.858E+00  1.05E-01
7.499E+00 6.435E-01 1.994E+00  1.73E-01
7.079E+00 6.554E-01 2.191E+00  2.51E-01
6.683E+00 6.706E-01 2.468E+00  3.15E-01
6.310E+00 6.655E-01 2.669E+00  3.36E-01
5.957E+00 6.480E-01 2.648E+00  3.34E-01
5.623E+00 6.389E-01 2.541E+00  3.43E-01
5.309E+00 6.475E-01 2.474E+00  3.68E-01
5.012E+00 6.750E-01 2.499E+00  4.01E-01
4.732E+00 7.344E-01 2.731E+00  4.43E-01
4.467E+00 7.614E-01 2.973E+00  4.86E-01
4.217E+00 7.084E-01 2.711E+00  4.75E-01
3.981E+00 6.838E-01 2.481E+00  4.41E-01
3.758E+00 6.936E-01 2.302E+00  4.16E-01
3.548E+00 8.021E-01 2.365E+00  4.18E-01
3.350E+00 7.393E-01 2.055E+00  4.71E-01
3.162E+00 7.356E-01 1.953E+00  4.44E-01
2.985E+00 7.515E-01 1.799E+00  4.18E-01
2.818E+00 7.761E-01 1.697E+00  4.63E-01
2.661E+00 7.534E-01 1.609E+00  4.82E-01
2.512E+00 7.955E-01 1.707E+00  5.31E-01
2.371E+00 7.511E-01 1.720E+00  5.79E-01
2.239E+00 8.192E-01 1.842E+00  5.96E-01
2.113E+00 8.277E-01 1.974E+00  6.69E-01
1.995E+00 7.682E-01 1.932E+00  6.54E-01
1.884E+00 8.295E-01 2.018E+00  6.82E-01
1.778E+00 7.923E-01 1.832E+00  6.62E-01
1.679E+00 8.233E-01 1.799E+00  6.50E-01
1.585E+00 8.416E-01 1.589E+00  6.35E-01
1.496E+00 8.364E-01 1.600E+00  6.38E-01
1.413E+00 8.818E-01 1.591E+00  6.71E-01
1.334E+00 8.802E-01 1.646E+00  6.92E-01
1.259E+00 8.922E-01 1.671E+00  7.22E-01
1.189E+00 8.958E-01 1.625E+00  7.30E-01
1.122E+00 9.095E-01 1.542E+00  7.24E-01
1.059E+00 9.234E-01 1.493E+00  7.28E-01
1.000E+00 9.286E-01 1.508E+00  7.40E-01
9.441E-01 9.313E-01 1.520E+00  7.52E-01
8.913E-01 9.332E-01 1.487E+00  7.56E-01
8.414E-01 9.332E-01 1.455E+00  7.59E-01
7.943E-01 9.313E-01 1.457E+00  7.66E-01
7.499E-01 9.280E-01 1.453E+00  7.70E-01
7.079E-01 9.237E-01 1.439E+00  7.73E-01
6.683E-01 9.187E-01 1.434E+00  7.77E-01
6.310E-01 9.130E-01 1.428E+00  7.79E-01
5.957E-01 9.069E-01 1.422E+00  7.82E-01
5.623E-01 9.006E-01 1.418E+00  7.83E-01
5.309E-01 8.937E-01 1.415E+00  7.85E-01
5.012E-01 8.864E-01 1.412E+00  7.86E-01
4.732E-01 8.788E-01 1.411E+00  7.86E-01
4.467E-01 8.713E-01 1.410E+00  7.86E-01
4.217E-01 8.639E-01 1.409E+00  7.86E-01
3.981E-01 8.567E-01 1.409E+00  7.86E-01
3.758E-01 8.493E-01 1.409E+00  7.86E-01
3.548E-01 8.398E-01 1.412E+00  7.85E-01
3.350E-01 8.271E-01 1.419E+00  7.81E-01
3.162E-01 8.105E-01 1.432E+00  7.75E-01
2.985E-01 7.917E-01 1.449E+00  7.67E-01
2.818E-01 7.670E-01 1.476E+00  7.57E-01
2.661E-01 7.404E-01 1.508E+00  7.48E-01
2.512E-01 7.170E-01 1.532E+00  7.43E-01
2.371E-01 6.991E-01 1.534E+00  7.43E-01
2.239E-01 7.015E-01 1.504E+00  7.55E-01
2.113E-01 7.240E-01 1.456E+00  7.78E-01
1.995E-01 7.652E-01 1.394E+00  8.11E-01
1.884E-01 8.188E-01 1.322E+00  8.52E-01
1.778E-01 8.797E-01 1.245E+00  8.96E-01
1.679E-01 9.321E-01 1.181E+00  9.28E-01
1.585E-01 9.618E-01 1.150E+00  9.40E-01
1.496E-01 9.663E-01 1.150E+00  9.38E-01
1.413E-01 9.527E-01 1.166E+00  9.28E-01
1.334E-01 9.303E-01 1.187E+00  9.12E-01
1.259E-01 9.018E-01 1.213E+00  8.92E-01
1.189E-01 8.682E-01 1.244E+00  8.68E-01
1.122E-01 8.202E-01 1.293E+00  8.33E-01
1.059E-01 7.663E-01 1.351E+00  8.00E-01
1.000E-01 7.391E-01 1.377E+00  7.89E-01
9.441E-02 7.123E-01 1.400E+00  7.81E-01
8.913E-02 7.170E-01 1.388E+00  7.91E-01
8.414E-02 6.943E-01 1.406E+00  7.82E-01
7.943E-02 6.707E-01 1.424E+00  7.74E-01
7.499E-02 6.503E-01 1.437E+00  7.70E-01
7.079E-02 6.326E-01 1.448E+00  7.68E-01
6.683E-02 6.344E-01 1.438E+00  7.78E-01
6.310E-02 6.672E-01 1.399E+00  8.03E-01
5.957E-02 6.818E-01 1.380E+00  8.14E-01
5.623E-02 6.805E-01 1.377E+00  8.21E-01
5.309E-02 6.934E-01 1.360E+00  8.36E-01
5.012E-02 7.117E-01 1.338E+00  8.54E-01
4.732E-02 7.273E-01 1.318E+00  8.71E-01
4.467E-02 7.465E-01 1.296E+00  8.89E-01
4.217E-02 7.709E-01 1.267E+00  9.09E-01
3.981E-02 8.100E-01 1.225E+00  9.31E-01
3.758E-02 8.428E-01 1.190E+00  9.46E-01
3.548E-02 8.434E-01 1.188E+00  9.47E-01
3.350E-02 8.453E-01 1.184E+00  9.50E-01
3.162E-02 8.501E-01 1.177E+00  9.55E-01
2.985E-02 8.558E-01 1.170E+00  9.60E-01
2.818E-02 8.621E-01 1.161E+00  9.64E-01
2.661E-02 8.686E-01 1.153E+00  9.68E-01
2.512E-02 8.752E-01 1.145E+00  9.72E-01
2.371E-02 8.818E-01 1.136E+00  9.76E-01
2.239E-02 8.883E-01 1.128E+00  9.79E-01
2.113E-02 8.947E-01 1.120E+00  9.82E-01
1.995E-02 9.009E-01 1.113E+00  9.85E-01
1.884E-02 9.069E-01 1.105E+00  9.87E-01
1.778E-02 9.127E-01 1.098E+00  9.89E-01
1.679E-02 9.182E-01 1.091E+00  9.90E-01
1.585E-02 9.234E-01 1.085E+00  9.92E-01
1.496E-02 9.282E-01 1.079E+00  9.93E-01
1.413E-02 9.327E-01 1.073E+00  9.94E-01
1.334E-02 9.367E-01 1.068E+00  9.95E-01
1.259E-02 9.403E-01 1.063E+00  9.96E-01
1.189E-02 9.433E-01 1.059E+00  9.97E-01
1.122E-02 9.455E-01 1.057E+00  9.97E-01
1.059E-02 9.469E-01 1.057E+00  9.98E-01
1.000E-02 9.471E-01 1.056E+00  9.98E-01
9.441E-03 9.460E-01 1.054E+00  9.98E-01
8.913E-03 9.430E-01 1.054E+00  9.99E-01
8.414E-03 9.370E-01 1.063E+00  9.97E-01
7.943E-03 9.306E-01 1.069E+00  9.98E-01
7.499E-03 9.201E-01 1.080E+00  9.99E-01
7.079E-03 9.053E-01 1.095E+00  9.99E-01
6.683E-03 8.860E-01 1.114E+00  9.99E-01
6.310E-03 8.618E-01 1.138E+00  9.99E-01
5.957E-03 8.334E-01 1.166E+00  9.99E-01
5.623E-03 7.993E-01 1.200E+00  9.99E-01
5.309E-03 7.614E-01 1.238E+00  9.99E-01
5.012E-03 7.202E-01 1.279E+00  9.99E-01
4.732E-03 6.773E-01 1.317E+00  1.00E+00
4.467E-03 6.339E-01 1.360E+00  1.00E+00
4.217E-03 9.971E-01 1.003E+00  1.00E+00
3.981E-03 9.950E-01 1.005E+00  1.00E+00
3.758E-03 9.939E-01 1.006E+00  1.00E+00
3.548E-03 9.927E-01 1.007E+00  1.00E+00
3.350E-03 9.913E-01 1.009E+00  1.00E+00
3.162E-03 9.898E-01 1.010E+00  1.00E+00
2.985E-03 9.880E-01 1.012E+00  1.00E+00
2.818E-03 9.856E-01 1.014E+00  1.00E+00
2.661E-03 9.825E-01 1.017E+00  1.00E+00
2.512E-03 9.783E-01 1.021E+00  1.00E+00
2.371E-03 9.726E-01 1.027E+00  1.00E+00
2.239E-03 9.648E-01 1.035E+00  1.00E+00
2.113E-03 9.539E-01 1.045E+00  1.00E+00
1.995E-03 9.396E-01 1.060E+00  1.00E+00
1.884E-03 9.207E-01 1.078E+00  1.00E+00
1.778E-03 8.963E-01 1.102E+00  1.00E+00
1.679E-03 8.662E-01 1.132E+00  1.00E+00
1.585E-03 8.300E-01 1.168E+00  1.00E+00
1.496E-03 7.880E-01 1.209E+00  1.00E+00
1.413E-03 7.408E-01 1.256E+00  1.00E+00
1.334E-03 6.895E-01 1.306E+00  1.00E+00
1.259E-03 6.358E-01 1.359E+00  1.00E+00
1.189E-03 5.814E-01 1.412E+00  1.00E+00
1.122E-03 5.248E-01 1.466E+00  1.00E+00
1.059E-03 4.702E-01 1.519E+00  1.00E+00
1.000E-03 4.187E-01 1.567E+00  1.00E+00
