1.000E+03 1.509E-05 4.156E-13  0.00E+00
9.441E+02 1.693E-05 5.232E-13  0.00E+00
8.913E+02 1.899E-05 6.587E-13  0.00E+00
8.414E+02 2.131E-05 8.293E-13  0.00E+00
7.943E+02 2.390E-05 1.044E-12  0.00E+00
7.499E+02 2.681E-05 1.314E-12  0.00E+00
7.079E+02 3.007E-05 1.655E-12  0.00E+00
6.683E+02 3.373E-05 2.083E-12  0.00E+00
6.310E+02 3.784E-05 2.623E-12  0.00E+00
5.957E+02 4.245E-05 3.302E-12 -9.95E-05
5.623E+02 4.761E-05 4.157E-12 -1.07E-04
5.309E+02 5.341E-05 5.233E-12 -1.15E-04
5.012E+02 5.992E-05 6.588E-12 -1.23E-04
4.732E+02 6.722E-05 8.294E-12 -1.31E-04
4.467E+02 7.542E-05 1.044E-11 -1.38E-04
4.217E+02 8.462E-05 1.315E-11 -1.46E-04
3.981E+02 9.496E-05 1.655E-11 -1.53E-04
3.758E+02 1.066E-04 2.084E-11 -1.60E-04
3.548E+02 1.196E-04 2.623E-11 -1.66E-04
3.350E+02 1.343E-04 3.302E-11 -1.71E-04
3.162E+02 1.508E-04 4.158E-11 -1.76E-04
2.985E+02 1.694E-04 5.235E-11 -1.79E-04
2.818E+02 1.903E-04 6.590E-11 -1.81E-04
2.661E+02 2.139E-04 8.297E-11 -1.81E-04
2.512E+02 2.405E-04 1.045E-10 -1.79E-04
2.371E+02 2.707E-04 1.315E-10 -1.76E-04
2.239E+02 3.049E-04 1.656E-10 -1.70E-04
2.113E+02 3.438E-04 2.085E-10 -1.61E-04
1.995E+02 3.882E-04 2.626E-10 -1.49E-04
1.884E+02 4.394E-04 3.306E-10 -1.33E-04
1.778E+02 4.989E-04 4.162E-10 -1.13E-04
1.679E+02 5.686E-04 5.239E-10 -8.87E-05
1.585E+02 6.504E-04 6.591E-10 -5.80E-05
1.496E+02 7.433E-04 8.282E-10 -2.03E-05
1.413E+02 8.381E-04 1.039E-09  2.61E-05
1.334E+02 9.260E-04 1.304E-09  8.24E-05
1.259E+02 1.015E-03 1.639E-09  1.49E-04
1.189E+02 1.120E-03 2.062E-09  2.28E-04
1.122E+02 1.245E-03 2.595E-09  3.15E-04
1.059E+02 1.393E-03 3.266E-09  4.07E-04
1.000E+02 1.565E-03 4.109E-09  4.94E-04
9.441E+01 1.761E-03 5.169E-09  5.70E-04
8.913E+01 1.983E-03 6.499E-09  6.46E-04
8.414E+01 2.234E-03 8.170E-09  7.16E-04
7.943E+01 2.518E-03 1.027E-08  7.56E-04
7.499E+01 2.839E-03 1.289E-08  7.67E-04
7.079E+01 3.198E-03 1.618E-08  7.51E-04
6.683E+01 3.600E-03 2.030E-08  7.04E-04
6.310E+01 4.047E-03 2.544E-08  6.20E-04
5.957E+01 4.540E-03 3.185E-08  4.95E-04
5.623E+01 5.080E-03 3.983E-08  3.29E-04
5.309E+01 5.663E-03 4.973E-08  1.28E-04
5.012E+01 6.283E-03 6.200E-08 -1.04E-04
4.732E+01 6.929E-03 7.716E-08 -3.37E-04
4.467E+01 7.586E-03 9.583E-08 -5.36E-04
4.217E+01 8.232E-03 1.187E-07 -6.78E-04
3.981E+01 8.838E-03 1.468E-07 -7.94E-04
3.758E+01 9.371E-03 1.813E-07 -9.06E-04
3.548E+01 9.800E-03 2.235E-07 -1.01E-03
3.350E+01 1.009E-02 2.753E-07 -1.09E-03
3.162E+01 1.023E-02 3.393E-07 -1.15E-03
2.985E+01 1.022E-02 4.187E-07 -1.19E-03
2.818E+01 1.008E-02 5.178E-07 -1.20E-03
2.661E+01 9.823E-03 6.420E-07 -1.19E-03
2.512E+01 9.493E-03 7.983E-07 -1.14E-03
2.371E+01 9.120E-03 9.951E-07 -1.03E-03
2.239E+01 8.727E-03 1.244E-06 -9.66E-04
2.113E+01 8.363E-03 1.559E-06 -8.83E-04
1.995E+01 8.042E-03 1.957E-06 -7.65E-04
1.884E+01 7.774E-03 2.459E-06 -6.16E-04
1.778E+01 7.566E-03 3.095E-06 -4.92E-04
1.679E+01 7.436E-03 3.898E-06 -3.64E-04
1.585E+01 7.386E-03 4.911E-06 -2.28E-04
1.496E+01 7.419E-03 6.191E-06 -9.72E-05
1.413E+01 7.548E-03 7.806E-06  4.33E-05
1.334E+01 7.774E-03 9.841E-06  2.04E-04
1.259E+01 8.090E-03 1.241E-05  3.97E-04
1.189E+01 8.460E-03 1.566E-05  6.17E-04
1.122E+01 9.075E-03 1.962E-05  8.23E-04
1.059E+01 9.600E-03 2.479E-05  1.05E-03
1.000E+01 1.032E-02 3.123E-05  1.28E-03
9.441E+00 1.115E-02 3.935E-05  1.53E-03
8.913E+00 1.212E-02 4.956E-05  1.80E-03
8.414E+00 1.323E-02 6.240E-05  2.10E-03
7.943E+00 1.448E-02 7.853E-05  2.46E-03
7.499E+00 1.586E-02 9.883E-05  2.86E-03
7.079E+00 1.743E-02 1.244E-04  3.27E-03
6.683E+00 1.919E-02 1.565E-04  3.71E-03
6.310E+00 2.097E-02 1.969E-04  4.32E-03
5.957E+00 2.337E-02 2.479E-04  4.69E-03
5.623E+00 2.583E-02 3.118E-04  5.26E-03
5.309E+00 2.857E-02 3.923E-04  5.89E-03
5.012E+00 3.161E-02 4.933E-04  6.61E-03
4.732E+00 3.495E-02 6.207E-04  7.37E-03
4.467E+00 3.869E-02 7.809E-04  8.21E-03
4.217E+00 4.285E-02 9.825E-04  9.12E-03
3.981E+00 4.750E-02 1.236E-03  1.01E-02
3.758E+00 5.270E-02 1.556E-03  1.12E-02
3.548E+00 5.853E-02 1.959E-03  1.23E-02
3.350E+00 6.508E-02 2.467E-03  1.35E-02
3.162E+00 7.230E-02 3.108E-03  1.48E-02
2.985E+00 8.060E-02 3.917E-03  1.63E-02
2.818E+00 8.983E-02 4.937E-03  1.78E-02
2.661E+00 1.002E-01 6.226E-03  1.95E-02
2.512E+00 1.118E-01 7.853E-03  2.14E-02
2.371E+00 1.249E-01 9.914E-03  2.34E-02
2.239E+00 1.398E-01 1.253E-02  2.54E-02
2.113E+00 1.567E-01 1.584E-02  2.75E-02
1.995E+00 1.758E-01 2.004E-02  2.99E-02
1.884E+00 1.976E-01 2.539E-02  3.23E-02
1.778E+00 2.224E-01 3.220E-02  3.47E-02
1.679E+00 2.507E-01 4.086E-02  3.73E-02
1.585E+00 2.827E-01 5.188E-02  4.01E-02
1.496E+00 3.193E-01 6.600E-02  4.29E-02
1.413E+00 3.613E-01 8.404E-02  4.55E-02
1.334E+00 4.088E-01 1.070E-01  4.83E-02
1.259E+00 4.622E-01 1.363E-01  5.14E-02
1.189E+00 5.225E-01 1.736E-01  5.45E-02
1.122E+00 5.896E-01 2.208E-01  5.80E-02
1.059E+00 6.636E-01 2.800E-01  6.20E-02
1.000E+00 7.439E-01 3.535E-01  6.69E-02
9.441E-01 8.292E-01 4.432E-01  7.31E-02
8.913E-01 9.175E-01 5.506E-01  8.11E-02
8.414E-01 1.006E+00 6.756E-01  9.14E-02
7.943E-01 1.091E+00 8.163E-01  1.05E-01
7.499E-01 1.170E+00 9.687E-01  1.21E-01
7.079E-01 1.239E+00 1.127E+00  1.43E-01
6.683E-01 1.302E+00 1.285E+00  1.71E-01
6.310E-01 1.365E+00 1.440E+00  2.07E-01
5.957E-01 1.438E+00 1.589E+00  2.49E-01
5.623E-01 1.519E+00 1.726E+00  2.91E-01
5.309E-01 1.572E+00 1.824E+00  3.17E-01
5.012E-01 1.565E+00 1.843E+00  3.29E-01
4.732E-01 1.534E+00 1.787E+00  3.45E-01
4.467E-01 1.520E+00 1.696E+00  3.75E-01
4.217E-01 1.527E+00 1.614E+00  4.17E-01
3.981E-01 1.540E+00 1.570E+00  4.63E-01
3.758E-01 1.548E+00 1.560E+00  5.04E-01
3.548E-01 1.542E+00 1.569E+00  5.34E-01
3.350E-01 1.512E+00 1.583E+00  5.52E-01
3.162E-01 1.458E+00 1.598E+00  5.60E-01
2.985E-01 1.399E+00 1.615E+00  5.65E-01
2.818E-01 1.340E+00 1.647E+00  5.70E-01
2.661E-01 1.304E+00 1.700E+00  5.82E-01
2.512E-01 1.305E+00 1.774E+00  6.05E-01
2.371E-01 1.319E+00 1.820E+00  6.28E-01
2.239E-01 1.340E+00 1.769E+00  6.55E-01
2.113E-01 1.328E+00 1.659E+00  6.87E-01
1.995E-01 1.283E+00 1.555E+00  7.21E-01
1.884E-01 1.255E+00 1.396E+00  7.53E-01
1.778E-01 1.263E+00 1.171E+00  7.85E-01
1.679E-01 1.282E+00 9.974E-01  8.11E-01
1.585E-01 1.293E+00 9.233E-01  8.18E-01
1.496E-01 1.318E+00 1.041E+00  8.41E-01
1.413E-01 1.346E+00 1.361E+00  8.58E-01
1.334E-01 1.376E+00 1.362E+00  8.40E-01
1.259E-01 1.352E+00 1.228E+00  8.25E-01
1.189E-01 1.288E+00 1.301E+00  8.20E-01
1.122E-01 1.202E+00 1.374E+00  7.90E-01
1.059E-01 1.136E+00 1.468E+00  7.65E-01
1.000E-01 1.108E+00 1.508E+00  7.61E-01
9.441E-02 1.078E+00 1.541E+00  7.59E-01
8.913E-02 1.065E+00 1.513E+00  7.70E-01
8.414E-02 1.029E+00 1.541E+00  7.66E-01
7.943E-02 9.917E-01 1.567E+00  7.62E-01
7.499E-02 9.383E-01 1.575E+00  7.60E-01
7.079E-02 8.736E-01 1.572E+00  7.59E-01
6.683E-02 8.238E-01 1.537E+00  7.68E-01
6.310E-02 8.243E-01 1.467E+00  7.91E-01
5.957E-02 8.193E-01 1.435E+00  8.02E-01
5.623E-02 7.920E-01 1.426E+00  8.10E-01
5.309E-02 7.788E-01 1.397E+00  8.26E-01
5.012E-02 7.769E-01 1.364E+00  8.44E-01
4.732E-02 7.728E-01 1.338E+00  8.61E-01
4.467E-02 7.726E-01 1.309E+00  8.80E-01
4.217E-02 7.768E-01 1.270E+00  9.00E-01
3.981E-02 8.079E-01 1.210E+00  9.21E-01
3.758E-02 8.439E-01 1.163E+00  9.36E-01
3.548E-02 8.444E-01 1.164E+00  9.37E-01
3.350E-02 8.342E-01 1.163E+00  9.42E-01
3.162E-02 8.274E-01 1.158E+00  9.47E-01
2.985E-02 8.215E-01 1.153E+00  9.53E-01
2.818E-02 8.160E-01 1.151E+00  9.58E-01
2.661E-02 8.102E-01 1.155E+00  9.63E-01
2.512E-02 8.035E-01 1.168E+00  9.68E-01
2.371E-02 7.955E-01 1.193E+00  9.72E-01
2.239E-02 7.855E-01 1.230E+00  9.77E-01
2.113E-02 7.732E-01 1.282E+00  9.81E-01
1.995E-02 7.581E-01 1.346E+00  9.84E-01
1.884E-02 7.393E-01 1.422E+00  9.87E-01
1.778E-02 7.174E-01 1.502E+00  9.89E-01
1.679E-02 6.921E-01 1.582E+00  9.91E-01
1.585E-02 6.637E-01 1.656E+00  9.93E-01
1.496E-02 6.322E-01 1.720E+00  9.94E-01
1.413E-02 5.984E-01 1.768E+00  9.95E-01
1.334E-02 5.630E-01 1.796E+00  9.96E-01
1.259E-02 5.264E-01 1.803E+00  9.97E-01
1.189E-02 4.895E-01 1.790E+00  9.97E-01
1.122E-02 4.514E-01 1.755E+00  9.98E-01
1.059E-02 4.143E-01 1.700E+00  9.98E-01
1.000E-02 3.786E-01 1.629E+00  9.98E-01
9.441E-03 3.442E-01 1.545E+00  9.99E-01
8.913E-03 3.113E-01 1.449E+00  9.99E-01
8.414E-03 2.805E-01 1.344E+00  9.99E-01
7.943E-03 2.518E-01 1.234E+00  9.99E-01
7.499E-03 2.249E-01 1.119E+00  9.99E-01
7.079E-03 2.007E-01 1.005E+00  9.99E-01
6.683E-03 1.784E-01 8.890E-01  9.99E-01
6.310E-03 1.580E-01 7.733E-01  9.99E-01
5.957E-03 1.399E-01 6.595E-01  9.99E-01
5.623E-03 1.231E-01 5.413E-01  1.00E+00
5.309E-03 1.082E-01 4.217E-01  1.00E+00
5.012E-03 9.508E-02 3.163E-01  1.00E+00
4.732E-03 8.345E-02 1.232E-01  1.00E+00
4.467E-03 7.328E-02 1.182E-01  1.00E+00
4.217E-03 7.507E-01 3.186E-01  1.00E+00
3.981E-03 7.150E-01 4.124E-01  1.00E+00
3.758E-03 6.776E-01 4.262E-01  1.00E+00
3.548E-03 6.377E-01 4.406E-01  1.00E+00
3.350E-03 5.957E-01 4.454E-01  1.00E+00
3.162E-03 5.526E-01 4.418E-01  1.00E+00
2.985E-03 5.097E-01 4.327E-01  1.00E+00
2.818E-03 4.652E-01 4.196E-01  1.00E+00
2.661E-03 4.211E-01 4.019E-01  1.00E+00
2.512E-03 3.790E-01 3.798E-01  1.00E+00
2.371E-03 3.393E-01 3.560E-01  1.00E+00
2.239E-03 3.021E-01 3.314E-01  1.00E+00
2.113E-03 2.670E-01 3.064E-01  1.00E+00
1.995E-03 2.352E-01 2.817E-01  1.00E+00
1.884E-03 2.061E-01 2.576E-01  1.00E+00
1.778E-03 1.797E-01 2.343E-01  1.00E+00
1.679E-03 1.561E-01 2.121E-01  1.00E+00
1.585E-03 1.351E-01 1.915E-01  1.00E+00
1.496E-03 1.167E-01 1.723E-01  1.00E+00
1.413E-03 1.004E-01 1.547E-01  1.00E+00
1.334E-03 8.617E-02 1.386E-01  1.00E+00
1.259E-03 7.389E-02 1.239E-01  1.00E+00
1.189E-03 6.333E-02 1.108E-01  1.00E+00
1.122E-03 5.384E-02 9.866E-02  1.00E+00
1.059E-03 4.579E-02 8.779E-02  1.00E+00
1.000E-03 3.899E-02 7.811E-02  1.00E+00
