1.000E+03 1.541E-03 4.302E-07 -1.46E-01
9.441E+02 1.607E-03 5.416E-07 -1.46E-01
8.913E+02 1.681E-03 6.818E-07 -1.46E-01
8.414E+02 1.764E-03 8.584E-07 -1.46E-01
7.943E+02 1.858E-03 1.081E-06 -1.46E-01
7.499E+02 1.962E-03 1.361E-06 -1.46E-01
7.079E+02 2.079E-03 1.713E-06 -1.46E-01
6.683E+02 2.210E-03 2.156E-06 -1.46E-01
6.310E+02 2.358E-03 2.715E-06 -1.45E-01
5.957E+02 2.523E-03 3.418E-06 -1.45E-01
5.623E+02 2.709E-03 4.303E-06 -1.45E-01
5.309E+02 2.918E-03 5.417E-06 -1.45E-01
5.012E+02 3.153E-03 6.820E-06 -1.44E-01
4.732E+02 3.417E-03 8.586E-06 -1.44E-01
4.467E+02 3.713E-03 1.081E-05 -1.43E-01
4.217E+02 4.047E-03 1.361E-05 -1.43E-01
3.981E+02 4.423E-03 1.713E-05 -1.42E-01
3.758E+02 4.846E-03 2.157E-05 -1.41E-01
3.548E+02 5.323E-03 2.715E-05 -1.40E-01
3.350E+02 5.861E-03 3.418E-05 -1.39E-01
3.162E+02 6.468E-03 4.303E-05 -1.38E-01
2.985E+02 7.155E-03 5.418E-05 -1.36E-01
2.818E+02 7.933E-03 6.820E-05 -1.35E-01
2.661E+02 8.816E-03 8.586E-05 -1.33E-01
2.512E+02 9.821E-03 1.081E-04 -1.31E-01
2.371E+02 1.097E-02 1.361E-04 -1.28E-01
2.239E+02 1.229E-02 1.713E-04 -1.25E-01
2.113E+02 1.381E-02 2.156E-04 -1.21E-01
1.995E+02 1.560E-02 2.714E-04 -1.16E-01
1.884E+02 1.772E-02 3.417E-04 -1.10E-01
1.778E+02 2.033E-02 4.302E-04 -1.02E-01
1.679E+02 2.370E-02 5.419E-04 -9.17E-02
1.585E+02 2.852E-02 6.833E-04 -7.75E-02
1.496E+02 3.673E-02 8.640E-04 -5.72E-02
1.413E+02 5.573E-02 1.087E-03 -2.59E-02
1.334E+02 8.271E-02 1.337E-03  2.15E-02
1.259E+02 1.612E-01 1.781E-03  6.04E-02
1.189E+02 2.805E-01 2.557E-03 -7.65E-02
1.122E+02 2.235E-01 3.189E-03 -2.08E-01
1.059E+02 1.804E-01 3.835E-03 -2.13E-01
1.000E+02 1.766E-01 4.747E-03 -2.05E-01
9.441E+01 1.838E-01 5.978E-03 -2.07E-01
8.913E+01 1.906E-01 7.556E-03 -2.12E-01
8.414E+01 1.956E-01 9.539E-03 -2.17E-01
7.943E+01 2.019E-01 1.202E-02 -2.19E-01
7.499E+01 2.108E-01 1.515E-02 -2.19E-01
7.079E+01 2.222E-01 1.909E-02 -2.19E-01
6.683E+01 2.360E-01 2.405E-02 -2.19E-01
6.310E+01 2.520E-01 3.029E-02 -2.18E-01
5.957E+01 2.704E-01 3.812E-02 -2.17E-01
5.623E+01 2.911E-01 4.794E-02 -2.15E-01
5.309E+01 3.142E-01 6.021E-02 -2.13E-01
5.012E+01 3.392E-01 7.551E-02 -2.11E-01
4.732E+01 3.666E-01 9.453E-02 -2.09E-01
4.467E+01 3.952E-01 1.181E-01 -2.07E-01
4.217E+01 4.248E-01 1.473E-01 -2.05E-01
3.981E+01 4.532E-01 1.833E-01 -2.03E-01
3.758E+01 4.789E-01 2.276E-01 -2.00E-01
3.548E+01 5.012E-01 2.821E-01 -1.98E-01
3.350E+01 5.198E-01 3.491E-01 -1.94E-01
3.162E+01 5.354E-01 4.310E-01 -1.89E-01
2.985E+01 5.490E-01 5.304E-01 -1.82E-01
2.818E+01 5.617E-01 6.493E-01 -1.73E-01
2.661E+01 5.748E-01 7.879E-01 -1.62E-01
2.512E+01 5.893E-01 9.435E-01 -1.48E-01
2.371E+01 6.052E-01 1.108E+00 -1.32E-01
2.239E+01 6.174E-01 1.274E+00 -1.13E-01
2.113E+01 6.278E-01 1.429E+00 -9.03E-02
1.995E+01 6.367E-01 1.561E+00 -6.29E-02
1.884E+01 6.423E-01 1.663E+00 -2.99E-02
1.778E+01 6.444E-01 1.740E+00  9.97E-03
1.679E+01 6.482E-01 1.798E+00  5.91E-02
1.585E+01 6.569E-01 1.854E+00  1.19E-01
1.496E+01 6.714E-01 1.926E+00  1.89E-01
1.413E+01 6.857E-01 2.034E+00  2.60E-01
1.334E+01 6.818E-01 2.163E+00  3.15E-01
1.259E+01 6.542E-01 2.262E+00  3.49E-01
1.189E+01 6.261E-01 2.316E+00  3.72E-01
1.122E+01 6.250E-01 2.330E+00  4.03E-01
1.059E+01 6.588E-01 2.434E+00  4.35E-01
1.000E+01 7.235E-01 2.630E+00  4.78E-01
9.441E+00 7.048E-01 2.729E+00  4.98E-01
8.913E+00 6.365E-01 2.577E+00  4.76E-01
8.414E+00 6.116E-01 2.398E+00  4.46E-01
7.943E+00 6.689E-01 2.308E+00  4.30E-01
7.499E+00 7.002E-01 2.273E+00  4.72E-01
7.079E+00 6.476E-01 2.066E+00  4.65E-01
6.683E+00 6.467E-01 1.920E+00  4.30E-01
6.310E+00 7.307E-01 1.861E+00  4.24E-01
5.957E+00 6.290E-01 1.667E+00  4.57E-01
5.623E+00 6.844E-01 1.759E+00  4.85E-01
5.309E+00 6.804E-01 1.785E+00  5.39E-01
5.012E+00 6.459E-01 1.815E+00  5.57E-01
4.732E+00 7.017E-01 2.003E+00  6.25E-01
4.467E+00 6.206E-01 2.009E+00  6.33E-01
4.217E+00 6.900E-01 2.114E+00  6.45E-01
3.981E+00 6.351E-01 2.000E+00  6.52E-01
3.758E+00 6.930E-01 1.963E+00  6.17E-01
3.548E+00 6.568E-01 1.743E+00  6.08E-01
3.350E+00 6.755E-01 1.749E+00  5.93E-01
3.162E+00 6.896E-01 1.645E+00  5.97E-01
2.985E+00 6.869E-01 1.767E+00  6.26E-01
2.818E+00 7.058E-01 1.841E+00  6.80E-01
2.661E+00 7.233E-01 1.835E+00  6.79E-01
2.512E+00 7.427E-01 1.728E+00  6.76E-01
2.371E+00 7.426E-01 1.614E+00  6.67E-01
2.239E+00 7.287E-01 1.594E+00  6.68E-01
2.113E+00 7.388E-01 1.659E+00  6.92E-01
1.995E+00 7.564E-01 1.688E+00  7.11E-01
1.884E+00 7.735E-01 1.613E+00  7.09E-01
1.778E+00 7.872E-01 1.533E+00  7.06E-01
1.679E+00 7.938E-01 1.560E+00  7.22E-01
1.585E+00 7.961E-01 1.588E+00  7.35E-01
1.496E+00 8.095E-01 1.517E+00  7.32E-01
1.413E+00 8.175E-01 1.495E+00  7.37E-01
1.334E+00 8.242E-01 1.513E+00  7.48E-01
1.259E+00 8.264E-01 1.478E+00  7.49E-01
1.189E+00 8.302E-01 1.468E+00  7.54E-01
1.122E+00 8.319E-01 1.466E+00  7.59E-01
1.059E+00 8.322E-01 1.446E+00  7.61E-01
1.000E+00 8.316E-01 1.446E+00  7.65E-01
9.441E-01 8.306E-01 1.434E+00  7.68E-01
8.913E-01 8.290E-01 1.430E+00  7.71E-01
8.414E-01 8.274E-01 1.422E+00  7.74E-01
7.943E-01 8.256E-01 1.416E+00  7.77E-01
7.499E-01 8.238E-01 1.410E+00  7.79E-01
7.079E-01 8.218E-01 1.404E+00  7.82E-01
6.683E-01 8.196E-01 1.398E+00  7.84E-01
6.310E-01 8.171E-01 1.393E+00  7.86E-01
5.957E-01 8.143E-01 1.388E+00  7.87E-01
5.623E-01 8.111E-01 1.385E+00  7.89E-01
5.309E-01 8.073E-01 1.382E+00  7.89E-01
5.012E-01 8.030E-01 1.380E+00  7.90E-01
4.732E-01 7.983E-01 1.379E+00  7.90E-01
4.467E-01 7.935E-01 1.378E+00  7.89E-01
4.217E-01 7.887E-01 1.378E+00  7.89E-01
3.981E-01 7.838E-01 1.378E+00  7.88E-01
3.758E-01 7.787E-01 1.378E+00  7.88E-01
3.548E-01 7.716E-01 1.381E+00  7.86E-01
3.350E-01 7.612E-01 1.387E+00  7.81E-01
3.162E-01 7.466E-01 1.399E+00  7.75E-01
2.985E-01 7.294E-01 1.415E+00  7.67E-01
2.818E-01 7.056E-01 1.439E+00  7.56E-01
2.661E-01 6.787E-01 1.467E+00  7.45E-01
2.512E-01 6.549E-01 1.486E+00  7.39E-01
2.371E-01 6.408E-01 1.488E+00  7.40E-01
2.239E-01 6.513E-01 1.464E+00  7.52E-01
2.113E-01 6.813E-01 1.422E+00  7.76E-01
1.995E-01 7.273E-01 1.366E+00  8.10E-01
1.884E-01 7.843E-01 1.300E+00  8.52E-01
1.778E-01 8.471E-01 1.229E+00  8.97E-01
1.679E-01 8.994E-01 1.171E+00  9.30E-01
1.585E-01 9.268E-01 1.142E+00  9.42E-01
1.496E-01 9.297E-01 1.141E+00  9.39E-01
1.413E-01 9.166E-01 1.154E+00  9.28E-01
1.334E-01 8.960E-01 1.173E+00  9.13E-01
1.259E-01 8.695E-01 1.198E+00  8.93E-01
1.189E-01 8.375E-01 1.229E+00  8.68E-01
1.122E-01 7.905E-01 1.276E+00  8.33E-01
1.059E-01 7.366E-01 1.331E+00  7.99E-01
1.000E-01 7.106E-01 1.356E+00  7.87E-01
9.441E-02 6.864E-01 1.377E+00  7.79E-01
8.913E-02 6.936E-01 1.366E+00  7.89E-01
8.414E-02 6.729E-01 1.385E+00  7.79E-01
7.943E-02 6.521E-01 1.402E+00  7.72E-01
7.499E-02 6.349E-01 1.416E+00  7.68E-01
7.079E-02 6.202E-01 1.427E+00  7.66E-01
6.683E-02 6.245E-01 1.419E+00  7.76E-01
6.310E-02 6.586E-01 1.381E+00  8.01E-01
5.957E-02 6.740E-01 1.364E+00  8.13E-01
5.623E-02 6.741E-01 1.361E+00  8.19E-01
5.309E-02 6.882E-01 1.345E+00  8.35E-01
5.012E-02 7.074E-01 1.323E+00  8.53E-01
4.732E-02 7.240E-01 1.305E+00  8.70E-01
4.467E-02 7.441E-01 1.283E+00  8.89E-01
4.217E-02 7.694E-01 1.256E+00  9.09E-01
3.981E-02 8.086E-01 1.215E+00  9.31E-01
3.758E-02 8.411E-01 1.181E+00  9.46E-01
3.548E-02 8.418E-01 1.179E+00  9.47E-01
3.350E-02 8.444E-01 1.175E+00  9.50E-01
3.162E-02 8.498E-01 1.169E+00  9.55E-01
2.985E-02 8.560E-01 1.162E+00  9.60E-01
2.818E-02 8.627E-01 1.154E+00  9.64E-01
2.661E-02 8.697E-01 1.146E+00  9.68E-01
2.512E-02 8.767E-01 1.138E+00  9.72E-01
2.371E-02 8.837E-01 1.130E+00  9.76E-01
2.239E-02 8.906E-01 1.122E+00  9.79E-01
2.113E-02 8.974E-01 1.114E+00  9.82E-01
1.995E-02 9.040E-01 1.107E+00  9.85E-01
1.884E-02 9.128E-01 1.087E+00  9.87E-01
1.778E-02 9.194E-01 1.081E+00  9.89E-01
1.679E-02 9.257E-01 1.074E+00  9.91E-01
1.585E-02 9.313E-01 1.069E+00  9.92E-01
1.496E-02 9.360E-01 1.064E+00  9.93E-01
1.413E-02 9.405E-01 1.060E+00  9.94E-01
1.334E-02 9.453E-01 1.055E+00  9.95E-01
1.259E-02 9.506E-01 1.049E+00  9.96E-01
1.189E-02 9.550E-01 1.045E+00  9.97E-01
1.122E-02 9.579E-01 1.042E+00  9.97E-01
1.059E-02 9.597E-01 1.040E+00  9.98E-01
1.000E-02 9.608E-01 1.039E+00  9.98E-01
9.441E-03 9.618E-01 1.038E+00  9.98E-01
8.913E-03 9.631E-01 1.037E+00  9.98E-01
8.414E-03 9.658E-01 1.034E+00  9.98E-01
7.943E-03 9.687E-01 1.031E+00  9.99E-01
7.499E-03 9.694E-01 1.031E+00  9.99E-01
7.079E-03 9.679E-01 1.032E+00  9.99E-01
6.683E-03 9.646E-01 1.035E+00  9.99E-01
6.310E-03 9.593E-01 1.041E+00  9.99E-01
5.957E-03 9.520E-01 1.048E+00  9.99E-01
5.623E-03 9.415E-01 1.058E+00  9.99E-01
5.309E-03 9.279E-01 1.072E+00  9.99E-01
5.012E-03 9.105E-01 1.089E+00  9.98E-01
4.732E-03 8.908E-01 1.109E+00  1.00E+00
4.467E-03 8.685E-01 1.131E+00  1.00E+00
4.217E-03 9.982E-01 1.002E+00  1.00E+00
3.981E-03 9.970E-01 1.003E+00  1.00E+00
3.758E-03 9.967E-01 1.003E+00  1.00E+00
3.548E-03 9.963E-01 1.004E+00  1.00E+00
3.350E-03 9.958E-01 1.004E+00  1.00E+00
3.162E-03 9.954E-01 1.005E+00  1.00E+00
2.985E-03 9.950E-01 1.005E+00  1.00E+00
2.818E-03 9.945E-01 1.005E+00  1.00E+00
2.661E-03 9.940E-01 1.006E+00  1.00E+00
2.512E-03 9.934E-01 1.007E+00  1.00E+00
2.371E-03 9.925E-01 1.008E+00  1.00E+00
2.239E-03 9.911E-01 1.009E+00  1.00E+00
2.113E-03 9.891E-01 1.011E+00  1.00E+00
1.995E-03 9.862E-01 1.014E+00  1.00E+00
1.884E-03 9.822E-01 1.018E+00  1.00E+00
1.778E-03 9.765E-01 1.023E+00  1.00E+00
1.679E-03 9.686E-01 1.031E+00  1.00E+00
1.585E-03 9.578E-01 1.042E+00  1.00E+00
1.496E-03 9.433E-01 1.057E+00  1.00E+00
1.413E-03 9.239E-01 1.076E+00  1.00E+00
1.334E-03 8.989E-01 1.101E+00  1.00E+00
1.259E-03 8.680E-01 1.132E+00  1.00E+00
1.189E-03 8.312E-01 1.169E+00  1.00E+00
1.122E-03 7.867E-01 1.213E+00  1.00E+00
1.059E-03 7.373E-01 1.262E+00  1.00E+00
1.000E-03 6.846E-01 1.315E+00  1.00E+00
