1.000E+03 2.874E-07 1.038E-20  0.00E+00
9.441E+02 3.192E-07 1.307E-20  0.00E+00
8.913E+02 3.549E-07 1.645E-20  0.00E+00
8.414E+02 3.949E-07 2.071E-20  0.00E+00
7.943E+02 4.397E-07 2.606E-20  0.00E+00
7.499E+02 4.898E-07 3.281E-20  0.00E+00
7.079E+02 5.461E-07 4.130E-20  0.00E+00
6.683E+02 6.091E-07 5.198E-20  0.00E+00
6.310E+02 6.797E-07 6.544E-20  0.00E+00
5.957E+02 7.588E-07 8.237E-20  0.00E+00
5.623E+02 8.475E-07 1.037E-19  0.00E+00
5.309E+02 9.469E-07 1.305E-19  0.00E+00
5.012E+02 1.058E-06 1.643E-19  0.00E+00
4.732E+02 1.183E-06 2.067E-19  0.00E+00
4.467E+02 1.323E-06 2.602E-19  0.00E+00
4.217E+02 1.480E-06 3.275E-19  0.00E+00
3.981E+02 1.656E-06 4.122E-19  0.00E+00
3.758E+02 1.853E-06 5.188E-19  0.00E+00
3.548E+02 2.073E-06 6.529E-19  0.00E+00
3.350E+02 2.320E-06 8.216E-19  0.00E+00
3.162E+02 2.596E-06 1.034E-18  0.00E+00
2.985E+02 2.906E-06 1.301E-18  0.00E+00
2.818E+02 3.252E-06 1.637E-18  0.00E+00
2.661E+02 3.639E-06 2.060E-18  0.00E+00
2.512E+02 4.073E-06 2.591E-18  0.00E+00
2.371E+02 4.557E-06 3.260E-18  0.00E+00
2.239E+02 5.098E-06 4.100E-18  0.00E+00
2.113E+02 5.701E-06 5.157E-18  0.00E+00
1.995E+02 6.375E-06 6.486E-18  0.00E+00
1.884E+02 7.127E-06 8.156E-18  0.00E+00
1.778E+02 7.966E-06 1.026E-17  0.00E+00
1.679E+02 8.899E-06 1.289E-17  0.00E+00
1.585E+02 9.938E-06 1.620E-17  0.00E+00
1.496E+02 1.109E-05 2.036E-17  0.00E+00
1.413E+02 1.238E-05 2.558E-17  0.00E+00
1.334E+02 1.380E-05 3.214E-17  0.00E+00
1.259E+02 1.537E-05 4.036E-17  0.00E+00
1.189E+02 1.712E-05 5.067E-17  0.00E+00
1.122E+02 1.904E-05 6.359E-17  0.00E+00
1.059E+02 2.116E-05 7.977E-17  0.00E+00
1.000E+02 2.349E-05 1.000E-16  0.00E+00
9.441E+01 2.603E-05 1.254E-16  0.00E+00
8.913E+01 2.879E-05 1.570E-16  0.00E+00
8.414E+01 3.177E-05 1.966E-16  0.00E+00
7.943E+01 3.500E-05 2.461E-16  0.00E+00
7.499E+01 3.845E-05 3.077E-16  0.00E+00
7.079E+01 4.212E-05 3.846E-16  0.00E+00
6.683E+01 4.600E-05 4.803E-16  0.00E+00
6.310E+01 5.005E-05 5.995E-16  0.00E+00
5.957E+01 5.425E-05 7.477E-16  0.00E+00
5.623E+01 5.854E-05 9.319E-16  0.00E+00
5.309E+01 6.288E-05 1.161E-15  0.00E+00
5.012E+01 6.719E-05 1.445E-15  0.00E+00
4.732E+01 7.143E-05 1.798E-15  0.00E+00
4.467E+01 7.548E-05 2.236E-15  0.00E+00
4.217E+01 7.924E-05 2.780E-15  0.00E+00
3.981E+01 8.263E-05 3.456E-15  0.00E+00
3.758E+01 8.555E-05 4.297E-15  0.00E+00
3.548E+01 8.796E-05 5.345E-15  0.00E+00
3.350E+01 8.980E-05 6.651E-15  0.00E+00
3.162E+01 9.103E-05 8.284E-15  0.00E+00
2.985E+01 9.171E-05 1.033E-14  0.00E+00
2.818E+01 9.195E-05 1.288E-14  0.00E+00
2.661E+01 9.178E-05 1.609E-14  0.00E+00
2.512E+01 9.129E-05 2.012E-14  0.00E+00
2.371E+01 9.042E-05 2.518E-14  0.00E+00
2.239E+01 8.929E-05 3.154E-14  0.00E+00
2.113E+01 8.823E-05 3.956E-14  0.00E+00
1.995E+01 8.724E-05 4.965E-14  0.00E+00
1.884E+01 8.623E-05 6.233E-14  0.00E+00
1.778E+01 8.540E-05 7.834E-14  0.00E+00
1.679E+01 8.494E-05 9.850E-14  0.00E+00
1.585E+01 8.490E-05 1.239E-13  0.00E+00
1.496E+01 8.539E-05 1.560E-13  0.00E+00
1.413E+01 8.659E-05 1.964E-13  0.00E+00
1.334E+01 8.858E-05 2.472E-13  0.00E+00
1.259E+01 9.126E-05 3.113E-13  0.00E+00
1.189E+01 9.412E-05 3.925E-13  0.00E+00
1.122E+01 9.998E-05 4.914E-13  0.00E+00
1.059E+01 1.041E-04 6.203E-13  0.00E+00
1.000E+01 1.104E-04 7.807E-13  0.00E+00
9.441E+00 1.176E-04 9.829E-13  0.00E+00
8.913E+00 1.263E-04 1.237E-12  0.00E+00
8.414E+00 1.363E-04 1.556E-12  0.00E+00
7.943E+00 1.476E-04 1.957E-12  0.00E+00
7.499E+00 1.598E-04 2.461E-12  5.76E-07
7.079E+00 1.738E-04 3.095E-12  6.47E-07
6.683E+00 1.895E-04 3.891E-12  7.25E-07
6.310E+00 2.041E-04 4.890E-12  8.33E-07
5.957E+00 2.265E-04 6.147E-12  9.01E-07
5.623E+00 2.481E-04 7.724E-12  1.00E-06
5.309E+00 2.720E-04 9.702E-12  1.12E-06
5.012E+00 2.981E-04 1.218E-11  1.25E-06
4.732E+00 3.261E-04 1.530E-11  1.39E-06
4.467E+00 3.568E-04 1.920E-11  1.55E-06
4.217E+00 3.907E-04 2.410E-11  1.72E-06
3.981E+00 4.278E-04 3.024E-11  1.91E-06
3.758E+00 4.682E-04 3.795E-11  2.12E-06
3.548E+00 5.127E-04 4.762E-11  2.35E-06
3.350E+00 5.618E-04 5.973E-11  2.60E-06
3.162E+00 6.141E-04 7.491E-11  2.87E-06
2.985E+00 6.734E-04 9.395E-11  3.18E-06
2.818E+00 7.372E-04 1.178E-10  3.51E-06
2.661E+00 8.067E-04 1.477E-10  3.88E-06
2.512E+00 8.813E-04 1.850E-10  4.30E-06
2.371E+00 9.626E-04 2.318E-10  4.76E-06
2.239E+00 1.052E-03 2.905E-10  5.25E-06
2.113E+00 1.150E-03 3.641E-10  5.79E-06
1.995E+00 1.255E-03 4.561E-10  6.40E-06
1.884E+00 1.371E-03 5.715E-10  7.06E-06
1.778E+00 1.499E-03 7.160E-10  7.78E-06
1.679E+00 1.639E-03 8.969E-10  8.57E-06
1.585E+00 1.789E-03 1.123E-09  9.47E-06
1.496E+00 1.952E-03 1.407E-09  1.04E-05
1.413E+00 2.135E-03 1.763E-09  1.15E-05
1.334E+00 2.338E-03 2.209E-09  1.26E-05
1.259E+00 2.560E-03 2.765E-09  1.39E-05
1.189E+00 2.800E-03 3.464E-09  1.53E-05
1.122E+00 3.067E-03 4.338E-09  1.68E-05
1.059E+00 3.365E-03 5.433E-09  1.85E-05
1.000E+00 3.695E-03 6.800E-09  2.03E-05
9.441E-01 4.056E-03 8.509E-09  2.23E-05
8.913E-01 4.449E-03 1.064E-08  2.46E-05
8.414E-01 4.874E-03 1.330E-08  2.72E-05
7.943E-01 5.333E-03 1.662E-08  3.01E-05
7.499E-01 5.828E-03 2.076E-08  3.34E-05
7.079E-01 6.357E-03 2.594E-08  3.71E-05
6.683E-01 6.923E-03 3.241E-08  4.13E-05
6.310E-01 7.522E-03 4.054E-08  4.61E-05
5.957E-01 8.178E-03 5.078E-08  5.15E-05
5.623E-01 8.908E-03 6.371E-08  5.75E-05
5.309E-01 9.720E-03 8.014E-08  6.41E-05
5.012E-01 1.064E-02 1.011E-07  7.14E-05
4.732E-01 1.170E-02 1.278E-07  7.93E-05
4.467E-01 1.298E-02 1.618E-07  8.76E-05
4.217E-01 1.451E-02 2.052E-07  9.60E-05
3.981E-01 1.617E-02 2.603E-07  1.05E-04
3.758E-01 1.790E-02 3.306E-07  1.14E-04
3.548E-01 1.972E-02 4.230E-07  1.23E-04
3.350E-01 2.191E-02 5.485E-07  1.31E-04
3.162E-01 2.488E-02 7.230E-07  1.32E-04
2.985E-01 2.878E-02 9.655E-07  1.20E-04
2.818E-01 3.366E-02 1.323E-06  8.68E-05
2.661E-01 4.072E-02 1.885E-06  3.70E-05
2.512E-01 5.247E-02 2.852E-06  9.77E-06
2.371E-01 7.641E-02 4.661E-06  2.00E-05
2.239E-01 1.184E-01 7.252E-06  5.60E-05
2.113E-01 1.511E-01 8.305E-06  1.07E-04
1.995E-01 1.261E-01 5.933E-06  1.68E-04
1.884E-01 8.706E-02 3.459E-06  2.38E-04
1.778E-01 6.047E-02 2.138E-06  3.23E-04
1.679E-01 4.441E-02 1.657E-06  4.19E-04
1.585E-01 3.416E-02 1.789E-06  5.17E-04
1.496E-01 2.739E-02 2.508E-06  6.21E-04
1.413E-01 2.386E-02 3.982E-06  7.33E-04
1.334E-01 2.364E-02 6.487E-06  8.62E-04
1.259E-01 2.687E-02 1.073E-05  1.04E-03
1.189E-01 3.495E-02 1.763E-05  1.25E-03
1.122E-01 4.690E-02 2.996E-05  1.40E-03
1.059E-01 8.219E-02 5.333E-05  9.91E-04
1.000E-01 1.318E-01 7.981E-05  9.65E-04
9.441E-02 2.004E-01 1.205E-04  8.54E-04
8.913E-02 2.402E-01 1.431E-04  9.43E-04
8.414E-02 2.760E-01 1.988E-04  8.68E-04
7.943E-02 3.563E-01 3.060E-04  8.55E-04
7.499E-02 4.531E-01 4.259E-04  1.03E-03
7.079E-02 4.833E-01 4.956E-04  1.27E-03
6.683E-02 4.111E-01 4.525E-04  1.58E-03
6.310E-02 3.283E-01 3.712E-04  1.91E-03
5.957E-02 2.835E-01 3.453E-04  2.24E-03
5.623E-02 2.384E-01 3.192E-04  2.61E-03
5.309E-02 1.916E-01 2.777E-04  3.01E-03
5.012E-02 1.594E-01 2.474E-04  3.46E-03
4.732E-02 1.334E-01 2.245E-04  3.95E-03
4.467E-02 1.118E-01 2.006E-04  4.51E-03
4.217E-02 9.316E-02 1.727E-04  5.15E-03
3.981E-02 8.695E-02 1.528E-04  5.86E-03
3.758E-02 8.870E-02 1.489E-04  6.64E-03
3.548E-02 9.159E-02 1.800E-04  7.47E-03
3.350E-02 8.260E-02 1.879E-04  8.42E-03
3.162E-02 7.423E-02 1.917E-04  9.50E-03
2.985E-02 6.646E-02 1.937E-04  1.07E-02
2.818E-02 5.936E-02 1.946E-04  1.21E-02
2.661E-02 5.300E-02 1.950E-04  1.36E-02
2.512E-02 4.721E-02 1.947E-04  1.54E-02
2.371E-02 4.200E-02 1.941E-04  1.73E-02
2.239E-02 3.733E-02 1.932E-04  1.95E-02
2.113E-02 3.316E-02 1.920E-04  2.20E-02
1.995E-02 2.944E-02 1.906E-04  2.48E-02
1.884E-02 2.605E-02 1.885E-04  2.79E-02
1.778E-02 2.306E-02 1.862E-04  3.14E-02
1.679E-02 2.039E-02 1.837E-04  3.54E-02
1.585E-02 1.802E-02 1.808E-04  3.99E-02
1.496E-02 1.590E-02 1.776E-04  4.49E-02
1.413E-02 1.402E-02 1.741E-04  5.05E-02
1.334E-02 1.235E-02 1.701E-04  5.68E-02
1.259E-02 1.088E-02 1.659E-04  6.40E-02
1.189E-02 9.587E-03 1.615E-04  7.20E-02
1.122E-02 8.405E-03 1.562E-04  8.11E-02
1.059E-02 7.374E-03 1.505E-04  9.13E-02
1.000E-02 6.473E-03 1.445E-04  1.03E-01
9.441E-03 5.675E-03 1.381E-04  1.16E-01
8.913E-03 4.969E-03 1.312E-04  1.30E-01
8.414E-03 4.349E-03 1.237E-04  1.47E-01
7.943E-03 3.804E-03 1.158E-04  1.65E-01
7.499E-03 3.322E-03 1.073E-04  1.86E-01
7.079E-03 2.905E-03 9.842E-05  2.09E-01
6.683E-03 2.537E-03 8.905E-05  2.35E-01
6.310E-03 2.212E-03 7.911E-05  2.64E-01
5.957E-03 1.932E-03 6.881E-05  2.97E-01
5.623E-03 1.679E-03 5.739E-05  3.32E-01
5.309E-03 1.460E-03 4.531E-05  3.71E-01
5.012E-03 1.271E-03 3.440E-05  4.14E-01
4.732E-03 1.105E-03 1.338E-05  4.59E-01
4.467E-03 9.602E-04 1.305E-05  5.07E-01
4.217E-03 1.946E-02 7.885E-05  5.56E-01
3.981E-03 1.746E-02 9.947E-05  6.02E-01
3.758E-03 1.556E-02 9.805E-05  6.47E-01
3.548E-03 1.381E-02 9.693E-05  6.87E-01
3.350E-03 1.220E-02 9.389E-05  7.20E-01
3.162E-03 1.073E-02 8.963E-05  7.47E-01
2.985E-03 9.440E-03 8.501E-05  7.67E-01
2.818E-03 8.229E-03 8.004E-05  7.82E-01
2.661E-03 7.142E-03 7.466E-05  7.94E-01
2.512E-03 6.192E-03 6.892E-05  8.07E-01
2.371E-03 5.362E-03 6.319E-05  8.21E-01
2.239E-03 4.634E-03 5.759E-05  8.38E-01
2.113E-03 3.989E-03 5.216E-05  8.56E-01
1.995E-03 3.433E-03 4.711E-05  8.72E-01
1.884E-03 2.948E-03 4.248E-05  8.85E-01
1.778E-03 2.524E-03 3.822E-05  8.94E-01
1.679E-03 2.159E-03 3.432E-05  9.01E-01
1.585E-03 1.844E-03 3.076E-05  9.08E-01
1.496E-03 1.573E-03 2.749E-05  9.17E-01
1.413E-03 1.340E-03 2.453E-05  9.27E-01
1.334E-03 1.141E-03 2.188E-05  9.34E-01
1.259E-03 9.709E-04 1.951E-05  9.38E-01
1.189E-03 8.268E-04 1.741E-05  9.43E-01
1.122E-03 6.990E-04 1.547E-05  9.49E-01
1.059E-03 5.917E-04 1.374E-05  9.54E-01
1.000E-03 5.018E-04 1.222E-05  9.58E-01
