1.000E+03 3.484E-07 2.608E-20  0.00E+00
9.441E+02 3.864E-07 3.283E-20  0.00E+00
8.913E+02 4.289E-07 4.133E-20  0.00E+00
8.414E+02 4.764E-07 5.203E-20  0.00E+00
7.943E+02 5.296E-07 6.549E-20  0.00E+00
7.499E+02 5.892E-07 8.244E-20  0.00E+00
7.079E+02 6.559E-07 1.038E-19  0.00E+00
6.683E+02 7.306E-07 1.306E-19  0.00E+00
6.310E+02 8.143E-07 1.644E-19  0.00E+00
5.957E+02 9.081E-07 2.070E-19  0.00E+00
5.623E+02 1.013E-06 2.605E-19  0.00E+00
5.309E+02 1.131E-06 3.279E-19  0.00E+00
5.012E+02 1.263E-06 4.128E-19  0.00E+00
4.732E+02 1.411E-06 5.196E-19  0.00E+00
4.467E+02 1.577E-06 6.540E-19  0.00E+00
4.217E+02 1.763E-06 8.231E-19  0.00E+00
3.981E+02 1.972E-06 1.036E-18  0.00E+00
3.758E+02 2.205E-06 1.304E-18  0.00E+00
3.548E+02 2.467E-06 1.641E-18  0.00E+00
3.350E+02 2.760E-06 2.065E-18  0.00E+00
3.162E+02 3.089E-06 2.599E-18  0.00E+00
2.985E+02 3.457E-06 3.271E-18  0.00E+00
2.818E+02 3.870E-06 4.116E-18  0.00E+00
2.661E+02 4.332E-06 5.180E-18  0.00E+00
2.512E+02 4.849E-06 6.518E-18  0.00E+00
2.371E+02 5.427E-06 8.200E-18  0.00E+00
2.239E+02 6.075E-06 1.032E-17  0.00E+00
2.113E+02 6.799E-06 1.298E-17  0.00E+00
1.995E+02 7.608E-06 1.633E-17  0.00E+00
1.884E+02 8.513E-06 2.053E-17  0.00E+00
1.778E+02 9.524E-06 2.582E-17  0.00E+00
1.679E+02 1.065E-05 3.247E-17  0.00E+00
1.585E+02 1.191E-05 4.083E-17  0.00E+00
1.496E+02 1.332E-05 5.133E-17  0.00E+00
1.413E+02 1.488E-05 6.451E-17  0.00E+00
1.334E+02 1.663E-05 8.107E-17  0.00E+00
1.259E+02 1.857E-05 1.019E-16  0.00E+00
1.189E+02 2.073E-05 1.279E-16  0.00E+00
1.122E+02 2.312E-05 1.606E-16  0.00E+00
1.059E+02 2.577E-05 2.016E-16  0.00E+00
1.000E+02 2.870E-05 2.530E-16  0.00E+00
9.441E+01 3.192E-05 3.173E-16  0.00E+00
8.913E+01 3.544E-05 3.977E-16  0.00E+00
8.414E+01 3.929E-05 4.983E-16  0.00E+00
7.943E+01 4.347E-05 6.239E-16  0.00E+00
7.499E+01 4.800E-05 7.808E-16  0.00E+00
7.079E+01 5.286E-05 9.764E-16  0.00E+00
6.683E+01 5.804E-05 1.220E-15  0.00E+00
6.310E+01 6.353E-05 1.523E-15  0.00E+00
5.957E+01 6.928E-05 1.901E-15  0.00E+00
5.623E+01 7.523E-05 2.370E-15  0.00E+00
5.309E+01 8.130E-05 2.952E-15  0.00E+00
5.012E+01 8.741E-05 3.674E-15  0.00E+00
4.732E+01 9.347E-05 4.569E-15  0.00E+00
4.467E+01 9.929E-05 5.679E-15  0.00E+00
4.217E+01 1.048E-04 7.055E-15  0.00E+00
3.981E+01 1.097E-04 8.761E-15  0.00E+00
3.758E+01 1.139E-04 1.088E-14  0.00E+00
3.548E+01 1.174E-04 1.351E-14  0.00E+00
3.350E+01 1.199E-04 1.679E-14  0.00E+00
3.162E+01 1.216E-04 2.088E-14  0.00E+00
2.985E+01 1.223E-04 2.599E-14  0.00E+00
2.818E+01 1.222E-04 3.239E-14  0.00E+00
2.661E+01 1.215E-04 4.042E-14  0.00E+00
2.512E+01 1.203E-04 5.049E-14  0.00E+00
2.371E+01 1.185E-04 6.314E-14  0.00E+00
2.239E+01 1.163E-04 7.907E-14  0.00E+00
2.113E+01 1.142E-04 9.914E-14  0.00E+00
1.995E+01 1.123E-04 1.244E-13  0.00E+00
1.884E+01 1.103E-04 1.562E-13  0.00E+00
1.778E+01 1.087E-04 1.963E-13  0.00E+00
1.679E+01 1.076E-04 2.469E-13  0.00E+00
1.585E+01 1.071E-04 3.107E-13  0.00E+00
1.496E+01 1.073E-04 3.912E-13  0.00E+00
1.413E+01 1.085E-04 4.926E-13  0.00E+00
1.334E+01 1.108E-04 6.204E-13  0.00E+00
1.259E+01 1.141E-04 7.813E-13  0.00E+00
1.189E+01 1.176E-04 9.853E-13  0.00E+00
1.122E+01 1.249E-04 1.234E-12  0.00E+00
1.059E+01 1.300E-04 1.558E-12  0.00E+00
1.000E+01 1.380E-04 1.961E-12  0.00E+00
9.441E+00 1.471E-04 2.469E-12  5.38E-07
8.913E+00 1.581E-04 3.107E-12  6.10E-07
8.414E+00 1.708E-04 3.910E-12  6.93E-07
7.943E+00 1.851E-04 4.918E-12  7.89E-07
7.499E+00 2.007E-04 6.184E-12  8.99E-07
7.079E+00 2.184E-04 7.777E-12  1.01E-06
6.683E+00 2.383E-04 9.778E-12  1.13E-06
6.310E+00 2.568E-04 1.229E-11  1.31E-06
5.957E+00 2.852E-04 1.545E-11  1.41E-06
5.623E+00 3.125E-04 1.941E-11  1.58E-06
5.309E+00 3.428E-04 2.438E-11  1.76E-06
5.012E+00 3.758E-04 3.060E-11  1.97E-06
4.732E+00 4.111E-04 3.843E-11  2.19E-06
4.467E+00 4.499E-04 4.824E-11  2.44E-06
4.217E+00 4.926E-04 6.055E-11  2.72E-06
3.981E+00 5.394E-04 7.597E-11  3.02E-06
3.758E+00 5.904E-04 9.533E-11  3.35E-06
3.548E+00 6.464E-04 1.196E-10  3.71E-06
3.350E+00 7.083E-04 1.500E-10  4.10E-06
3.162E+00 7.741E-04 1.882E-10  4.54E-06
2.985E+00 8.489E-04 2.360E-10  5.02E-06
2.818E+00 9.292E-04 2.959E-10  5.55E-06
2.661E+00 1.017E-03 3.709E-10  6.14E-06
2.512E+00 1.111E-03 4.647E-10  6.81E-06
2.371E+00 1.213E-03 5.823E-10  7.53E-06
2.239E+00 1.325E-03 7.298E-10  8.32E-06
2.113E+00 1.448E-03 9.145E-10  9.18E-06
1.995E+00 1.581E-03 1.146E-09  1.01E-05
1.884E+00 1.727E-03 1.435E-09  1.12E-05
1.778E+00 1.888E-03 1.799E-09  1.23E-05
1.679E+00 2.064E-03 2.253E-09  1.36E-05
1.585E+00 2.253E-03 2.821E-09  1.50E-05
1.496E+00 2.459E-03 3.534E-09  1.65E-05
1.413E+00 2.689E-03 4.429E-09  1.82E-05
1.334E+00 2.945E-03 5.548E-09  2.00E-05
1.259E+00 3.224E-03 6.946E-09  2.20E-05
1.189E+00 3.526E-03 8.701E-09  2.42E-05
1.122E+00 3.862E-03 1.090E-08  2.66E-05
1.059E+00 4.237E-03 1.365E-08  2.93E-05
1.000E+00 4.653E-03 1.708E-08  3.22E-05
9.441E-01 5.107E-03 2.137E-08  3.54E-05
8.913E-01 5.602E-03 2.673E-08  3.90E-05
8.414E-01 6.137E-03 3.341E-08  4.31E-05
7.943E-01 6.716E-03 4.174E-08  4.77E-05
7.499E-01 7.339E-03 5.215E-08  5.29E-05
7.079E-01 8.005E-03 6.515E-08  5.88E-05
6.683E-01 8.717E-03 8.142E-08  6.55E-05
6.310E-01 9.472E-03 1.018E-07  7.31E-05
5.957E-01 1.030E-02 1.276E-07  8.16E-05
5.623E-01 1.122E-02 1.601E-07  9.11E-05
5.309E-01 1.224E-02 2.013E-07  1.02E-04
5.012E-01 1.339E-02 2.539E-07  1.13E-04
4.732E-01 1.473E-02 3.210E-07  1.26E-04
4.467E-01 1.635E-02 4.065E-07  1.39E-04
4.217E-01 1.827E-02 5.155E-07  1.52E-04
3.981E-01 2.037E-02 6.539E-07  1.66E-04
3.758E-01 2.255E-02 8.305E-07  1.80E-04
3.548E-01 2.484E-02 1.063E-06  1.95E-04
3.350E-01 2.760E-02 1.378E-06  2.07E-04
3.162E-01 3.134E-02 1.817E-06  2.09E-04
2.985E-01 3.626E-02 2.426E-06  1.90E-04
2.818E-01 4.242E-02 3.325E-06  1.37E-04
2.661E-01 5.131E-02 4.738E-06  5.86E-05
2.512E-01 6.613E-02 7.170E-06  1.55E-05
2.371E-01 9.631E-02 1.172E-05  3.17E-05
2.239E-01 1.492E-01 1.823E-05  8.87E-05
2.113E-01 1.903E-01 2.087E-05  1.70E-04
1.995E-01 1.587E-01 1.490E-05  2.66E-04
1.884E-01 1.096E-01 8.683E-06  3.77E-04
1.778E-01 7.611E-02 5.367E-06  5.11E-04
1.679E-01 5.591E-02 4.161E-06  6.63E-04
1.585E-01 4.303E-02 4.495E-06  8.19E-04
1.496E-01 3.451E-02 6.301E-06  9.85E-04
1.413E-01 3.008E-02 1.001E-05  1.16E-03
1.334E-01 2.982E-02 1.631E-05  1.37E-03
1.259E-01 3.390E-02 2.698E-05  1.65E-03
1.189E-01 4.415E-02 4.435E-05  1.98E-03
1.122E-01 5.934E-02 7.539E-05  2.22E-03
1.059E-01 1.040E-01 1.343E-04  1.57E-03
1.000E-01 1.668E-01 2.010E-04  1.53E-03
9.441E-02 2.534E-01 3.034E-04  1.35E-03
8.913E-02 3.034E-01 3.600E-04  1.49E-03
8.414E-02 3.489E-01 5.005E-04  1.37E-03
7.943E-02 4.503E-01 7.704E-04  1.36E-03
7.499E-02 5.711E-01 1.069E-03  1.64E-03
7.079E-02 6.068E-01 1.238E-03  2.02E-03
6.683E-02 5.143E-01 1.127E-03  2.51E-03
6.310E-02 4.104E-01 9.224E-04  3.04E-03
5.957E-02 3.542E-01 8.569E-04  3.57E-03
5.623E-02 2.977E-01 7.916E-04  4.15E-03
5.309E-02 2.392E-01 6.883E-04  4.79E-03
5.012E-02 1.990E-01 6.129E-04  5.50E-03
4.732E-02 1.666E-01 5.558E-04  6.29E-03
4.467E-02 1.396E-01 4.964E-04  7.18E-03
4.217E-02 1.164E-01 4.271E-04  8.19E-03
3.981E-02 1.087E-01 3.778E-04  9.32E-03
3.758E-02 1.109E-01 3.678E-04  1.06E-02
3.548E-02 1.144E-01 4.436E-04  1.19E-02
3.350E-02 1.032E-01 4.623E-04  1.34E-02
3.162E-02 9.269E-02 4.709E-04  1.51E-02
2.985E-02 8.298E-02 4.750E-04  1.71E-02
2.818E-02 7.411E-02 4.760E-04  1.93E-02
2.661E-02 6.616E-02 4.760E-04  2.17E-02
2.512E-02 5.894E-02 4.742E-04  2.45E-02
2.371E-02 5.243E-02 4.713E-04  2.76E-02
2.239E-02 4.661E-02 4.677E-04  3.12E-02
2.113E-02 4.141E-02 4.632E-04  3.51E-02
1.995E-02 3.676E-02 4.580E-04  3.96E-02
1.884E-02 3.254E-02 4.512E-04  4.46E-02
1.778E-02 2.881E-02 4.436E-04  5.02E-02
1.679E-02 2.548E-02 4.353E-04  5.66E-02
1.585E-02 2.252E-02 4.260E-04  6.37E-02
1.496E-02 1.987E-02 4.158E-04  7.18E-02
1.413E-02 1.753E-02 4.046E-04  8.09E-02
1.334E-02 1.545E-02 3.923E-04  9.11E-02
1.259E-02 1.361E-02 3.792E-04  1.03E-01
1.189E-02 1.200E-02 3.656E-04  1.16E-01
1.122E-02 1.053E-02 3.497E-04  1.30E-01
1.059E-02 9.239E-03 3.330E-04  1.47E-01
1.000E-02 8.113E-03 3.156E-04  1.65E-01
9.441E-03 7.116E-03 2.974E-04  1.86E-01
8.913E-03 6.233E-03 2.780E-04  2.09E-01
8.414E-03 5.458E-03 2.578E-04  2.35E-01
7.943E-03 4.777E-03 2.370E-04  2.64E-01
7.499E-03 4.173E-03 2.154E-04  2.96E-01
7.079E-03 3.650E-03 1.937E-04  3.32E-01
6.683E-03 3.188E-03 1.716E-04  3.71E-01
6.310E-03 2.781E-03 1.492E-04  4.13E-01
5.957E-03 2.430E-03 1.271E-04  4.58E-01
5.623E-03 2.112E-03 1.039E-04  5.06E-01
5.309E-03 1.837E-03 8.057E-05  5.54E-01
5.012E-03 1.599E-03 6.026E-05  6.01E-01
4.732E-03 1.391E-03 2.317E-05  6.46E-01
4.467E-03 1.209E-03 2.246E-05  6.87E-01
4.217E-03 2.443E-02 1.350E-04  7.21E-01
3.981E-03 2.191E-02 1.706E-04  7.47E-01
3.758E-03 1.954E-02 1.690E-04  7.67E-01
3.548E-03 1.733E-02 1.679E-04  7.82E-01
3.350E-03 1.531E-02 1.633E-04  7.94E-01
3.162E-03 1.348E-02 1.559E-04  8.07E-01
2.985E-03 1.186E-02 1.471E-04  8.21E-01
2.818E-03 1.034E-02 1.373E-04  8.38E-01
2.661E-03 8.979E-03 1.266E-04  8.56E-01
2.512E-03 7.786E-03 1.156E-04  8.72E-01
2.371E-03 6.743E-03 1.052E-04  8.85E-01
2.239E-03 5.829E-03 9.560E-05  8.94E-01
2.113E-03 5.018E-03 8.653E-05  9.01E-01
1.995E-03 4.319E-03 7.808E-05  9.08E-01
1.884E-03 3.709E-03 7.017E-05  9.17E-01
1.778E-03 3.176E-03 6.282E-05  9.27E-01
1.679E-03 2.717E-03 5.616E-05  9.34E-01
1.585E-03 2.321E-03 5.019E-05  9.38E-01
1.496E-03 1.980E-03 4.478E-05  9.43E-01
1.413E-03 1.687E-03 3.988E-05  9.49E-01
1.334E-03 1.436E-03 3.550E-05  9.54E-01
1.259E-03 1.222E-03 3.158E-05  9.58E-01
1.189E-03 1.041E-03 2.812E-05  9.62E-01
1.122E-03 8.799E-04 2.495E-05  9.66E-01
1.059E-03 7.448E-04 2.214E-05  9.69E-01
1.000E-03 6.317E-04 1.965E-05  9.71E-01
