1.000E+03 1.265E-04 2.623E-10 -6.98E-03
9.441E+02 1.370E-04 3.302E-10 -7.17E-03
8.913E+02 1.485E-04 4.157E-10 -7.35E-03
8.414E+02 1.611E-04 5.233E-10 -7.52E-03
7.943E+02 1.750E-04 6.588E-10 -7.67E-03
7.499E+02 1.903E-04 8.294E-10 -7.80E-03
7.079E+02 2.073E-04 1.044E-09 -7.92E-03
6.683E+02 2.261E-04 1.315E-09 -8.03E-03
6.310E+02 2.471E-04 1.655E-09 -8.11E-03
5.957E+02 2.703E-04 2.084E-09 -8.19E-03
5.623E+02 2.963E-04 2.623E-09 -8.25E-03
5.309E+02 3.253E-04 3.302E-09 -8.29E-03
5.012E+02 3.577E-04 4.158E-09 -8.32E-03
4.732E+02 3.939E-04 5.234E-09 -8.33E-03
4.467E+02 4.344E-04 6.590E-09 -8.32E-03
4.217E+02 4.798E-04 8.296E-09 -8.30E-03
3.981E+02 5.307E-04 1.044E-08 -8.26E-03
3.758E+02 5.878E-04 1.315E-08 -8.20E-03
3.548E+02 6.519E-04 1.656E-08 -8.12E-03
3.350E+02 7.238E-04 2.084E-08 -8.03E-03
3.162E+02 8.046E-04 2.624E-08 -7.90E-03
2.985E+02 8.954E-04 3.304E-08 -7.75E-03
2.818E+02 9.975E-04 4.160E-08 -7.58E-03
2.661E+02 1.112E-03 5.238E-08 -7.36E-03
2.512E+02 1.242E-03 6.596E-08 -7.12E-03
2.371E+02 1.388E-03 8.305E-08 -6.83E-03
2.239E+02 1.553E-03 1.046E-07 -6.49E-03
2.113E+02 1.739E-03 1.317E-07 -6.10E-03
1.995E+02 1.951E-03 1.659E-07 -5.64E-03
1.884E+02 2.194E-03 2.090E-07 -5.10E-03
1.778E+02 2.475E-03 2.634E-07 -4.47E-03
1.679E+02 2.810E-03 3.321E-07 -3.72E-03
1.585E+02 3.239E-03 4.190E-07 -2.84E-03
1.496E+02 3.883E-03 5.290E-07 -1.78E-03
1.413E+02 4.924E-03 6.622E-07 -5.05E-04
1.334E+02 5.308E-03 8.193E-07  1.02E-03
1.259E+02 5.477E-03 1.030E-06  2.81E-03
1.189E+02 6.013E-03 1.298E-06  4.90E-03
1.122E+02 6.802E-03 1.637E-06  7.26E-03
1.059E+02 7.833E-03 2.062E-06  9.69E-03
1.000E+02 9.113E-03 2.596E-06  1.19E-02
9.441E+01 1.062E-02 3.267E-06  1.38E-02
8.913E+01 1.240E-02 4.110E-06  1.55E-02
8.414E+01 1.454E-02 5.170E-06  1.67E-02
7.943E+01 1.705E-02 6.501E-06  1.68E-02
7.499E+01 1.987E-02 8.172E-06  1.56E-02
7.079E+01 2.301E-02 1.027E-05  1.34E-02
6.683E+01 2.643E-02 1.289E-05  1.00E-02
6.310E+01 3.010E-02 1.617E-05  5.55E-03
5.957E+01 3.393E-02 2.026E-05  1.27E-04
5.623E+01 3.786E-02 2.536E-05 -5.97E-03
5.309E+01 4.179E-02 3.170E-05 -1.22E-02
5.012E+01 4.568E-02 3.956E-05 -1.84E-02
4.732E+01 4.932E-02 4.925E-05 -2.34E-02
4.467E+01 5.301E-02 6.120E-05 -2.73E-02
4.217E+01 5.676E-02 7.588E-05 -3.01E-02
3.981E+01 6.046E-02 9.390E-05 -3.24E-02
3.758E+01 6.386E-02 1.160E-04 -3.47E-02
3.548E+01 6.680E-02 1.431E-04 -3.68E-02
3.350E+01 6.914E-02 1.765E-04 -3.87E-02
3.162E+01 7.081E-02 2.178E-04 -4.01E-02
2.985E+01 7.187E-02 2.691E-04 -4.11E-02
2.818E+01 7.247E-02 3.332E-04 -4.18E-02
2.661E+01 7.271E-02 4.139E-04 -4.20E-02
2.512E+01 7.289E-02 5.156E-04 -4.17E-02
2.371E+01 7.364E-02 6.443E-04 -4.10E-02
2.239E+01 7.455E-02 8.078E-04 -4.12E-02
2.113E+01 7.590E-02 1.015E-03 -4.11E-02
1.995E+01 7.799E-02 1.279E-03 -4.05E-02
1.884E+01 8.134E-02 1.614E-03 -4.01E-02
1.778E+01 8.552E-02 2.041E-03 -4.06E-02
1.679E+01 9.072E-02 2.583E-03 -4.13E-02
1.585E+01 9.707E-02 3.273E-03 -4.23E-02
1.496E+01 1.045E-01 4.153E-03 -4.39E-02
1.413E+01 1.132E-01 5.273E-03 -4.55E-02
1.334E+01 1.232E-01 6.700E-03 -4.72E-02
1.259E+01 1.350E-01 8.520E-03 -4.90E-02
1.189E+01 1.485E-01 1.086E-02 -5.15E-02
1.122E+01 1.641E-01 1.376E-02 -5.53E-02
1.059E+01 1.803E-01 1.758E-02 -5.87E-02
1.000E+01 1.985E-01 2.243E-02 -6.28E-02
9.441E+00 2.182E-01 2.865E-02 -6.71E-02
8.913E+00 2.395E-01 3.662E-02 -7.13E-02
8.414E+00 2.628E-01 4.683E-02 -7.53E-02
7.943E+00 2.884E-01 5.993E-02 -7.90E-02
7.499E+00 3.158E-01 7.675E-02 -8.29E-02
7.079E+00 3.446E-01 9.832E-02 -8.63E-02
6.683E+00 3.755E-01 1.259E-01 -8.87E-02
6.310E+00 4.087E-01 1.612E-01 -9.17E-02
5.957E+00 4.444E-01 2.060E-01 -8.99E-02
5.623E+00 4.837E-01 2.626E-01 -8.80E-02
5.309E+00 5.268E-01 3.334E-01 -8.42E-02
5.012E+00 5.739E-01 4.206E-01 -7.84E-02
4.732E+00 6.235E-01 5.263E-01 -7.06E-02
4.467E+00 6.754E-01 6.507E-01 -6.02E-02
4.217E+00 7.275E-01 7.923E-01 -4.71E-02
3.981E+00 7.762E-01 9.468E-01 -3.08E-02
3.758E+00 8.175E-01 1.108E+00 -1.10E-02
3.548E+00 8.480E-01 1.266E+00  1.30E-02
3.350E+00 8.662E-01 1.416E+00  4.25E-02
3.162E+00 8.712E-01 1.552E+00  7.88E-02
2.985E+00 8.695E-01 1.680E+00  1.25E-01
2.818E+00 8.636E-01 1.814E+00  1.83E-01
2.661E+00 8.623E-01 1.990E+00  2.54E-01
2.512E+00 8.714E-01 2.255E+00  3.26E-01
2.371E+00 8.812E-01 2.562E+00  3.64E-01
2.239E+00 8.709E-01 2.661E+00  3.59E-01
2.113E+00 8.555E-01 2.552E+00  3.53E-01
1.995E+00 8.549E-01 2.429E+00  3.67E-01
1.884E+00 8.722E-01 2.369E+00  3.96E-01
1.778E+00 9.161E-01 2.416E+00  4.31E-01
1.679E+00 1.007E+00 2.680E+00  4.79E-01
1.585E+00 9.996E-01 2.694E+00  5.10E-01
1.496E+00 9.435E-01 2.434E+00  4.88E-01
1.413E+00 9.292E-01 2.236E+00  4.60E-01
1.334E+00 9.827E-01 2.062E+00  4.47E-01
1.259E+00 1.092E+00 1.979E+00  4.94E-01
1.189E+00 1.027E+00 1.739E+00  5.16E-01
1.122E+00 1.058E+00 1.680E+00  5.02E-01
1.059E+00 1.111E+00 1.552E+00  5.11E-01
1.000E+00 1.053E+00 1.444E+00  5.67E-01
9.441E-01 1.138E+00 1.508E+00  6.14E-01
8.913E-01 1.121E+00 1.555E+00  6.49E-01
8.414E-01 1.093E+00 1.590E+00  6.79E-01
7.943E-01 1.140E+00 1.654E+00  7.14E-01
7.499E-01 1.110E+00 1.641E+00  7.16E-01
7.079E-01 1.133E+00 1.604E+00  7.24E-01
6.683E-01 1.126E+00 1.531E+00  7.24E-01
6.310E-01 1.128E+00 1.482E+00  7.27E-01
5.957E-01 1.122E+00 1.459E+00  7.35E-01
5.623E-01 1.113E+00 1.463E+00  7.45E-01
5.309E-01 1.099E+00 1.466E+00  7.53E-01
5.012E-01 1.085E+00 1.465E+00  7.57E-01
4.732E-01 1.070E+00 1.461E+00  7.60E-01
4.467E-01 1.055E+00 1.460E+00  7.62E-01
4.217E-01 1.041E+00 1.459E+00  7.64E-01
3.981E-01 1.028E+00 1.459E+00  7.67E-01
3.758E-01 1.015E+00 1.460E+00  7.68E-01
3.548E-01 9.995E-01 1.463E+00  7.68E-01
3.350E-01 9.806E-01 1.472E+00  7.66E-01
3.162E-01 9.583E-01 1.488E+00  7.62E-01
2.985E-01 9.345E-01 1.509E+00  7.57E-01
2.818E-01 9.057E-01 1.543E+00  7.49E-01
2.661E-01 8.787E-01 1.585E+00  7.42E-01
2.512E-01 8.606E-01 1.621E+00  7.40E-01
2.371E-01 8.489E-01 1.628E+00  7.43E-01
2.239E-01 8.446E-01 1.587E+00  7.54E-01
2.113E-01 8.485E-01 1.519E+00  7.75E-01
1.995E-01 8.736E-01 1.438E+00  8.06E-01
1.884E-01 9.146E-01 1.348E+00  8.46E-01
1.778E-01 9.674E-01 1.253E+00  8.89E-01
1.679E-01 1.018E+00 1.174E+00  9.21E-01
1.585E-01 1.052E+00 1.142E+00  9.34E-01
1.496E-01 1.062E+00 1.154E+00  9.32E-01
1.413E-01 1.049E+00 1.180E+00  9.22E-01
1.334E-01 1.022E+00 1.205E+00  9.08E-01
1.259E-01 9.877E-01 1.234E+00  8.88E-01
1.189E-01 9.486E-01 1.268E+00  8.65E-01
1.122E-01 8.961E-01 1.321E+00  8.31E-01
1.059E-01 8.426E-01 1.388E+00  8.00E-01
1.000E-01 8.142E-01 1.418E+00  7.90E-01
9.441E-02 7.839E-01 1.443E+00  7.83E-01
8.913E-02 7.829E-01 1.429E+00  7.92E-01
8.414E-02 7.565E-01 1.450E+00  7.84E-01
7.943E-02 7.267E-01 1.468E+00  7.77E-01
7.499E-02 6.976E-01 1.481E+00  7.73E-01
7.079E-02 6.710E-01 1.490E+00  7.72E-01
6.683E-02 6.648E-01 1.476E+00  7.81E-01
6.310E-02 6.933E-01 1.432E+00  8.05E-01
5.957E-02 7.051E-01 1.410E+00  8.16E-01
5.623E-02 6.997E-01 1.406E+00  8.22E-01
5.309E-02 7.086E-01 1.386E+00  8.38E-01
5.012E-02 7.239E-01 1.362E+00  8.55E-01
4.732E-02 7.366E-01 1.341E+00  8.72E-01
4.467E-02 7.529E-01 1.316E+00  8.90E-01
4.217E-02 7.746E-01 1.286E+00  9.10E-01
3.981E-02 8.128E-01 1.240E+00  9.31E-01
3.758E-02 8.464E-01 1.201E+00  9.45E-01
3.548E-02 8.468E-01 1.200E+00  9.46E-01
3.350E-02 8.469E-01 1.195E+00  9.50E-01
3.162E-02 8.499E-01 1.188E+00  9.55E-01
2.985E-02 8.540E-01 1.180E+00  9.59E-01
2.818E-02 8.588E-01 1.171E+00  9.64E-01
2.661E-02 8.638E-01 1.162E+00  9.68E-01
2.512E-02 8.690E-01 1.154E+00  9.72E-01
2.371E-02 8.742E-01 1.145E+00  9.75E-01
2.239E-02 8.794E-01 1.136E+00  9.79E-01
2.113E-02 8.844E-01 1.128E+00  9.81E-01
1.995E-02 8.892E-01 1.121E+00  9.84E-01
1.884E-02 8.937E-01 1.114E+00  9.86E-01
1.778E-02 8.977E-01 1.108E+00  9.88E-01
1.679E-02 9.011E-01 1.103E+00  9.90E-01
1.585E-02 9.037E-01 1.096E+00  9.92E-01
1.496E-02 9.052E-01 1.090E+00  9.93E-01
1.413E-02 9.052E-01 1.086E+00  9.94E-01
1.334E-02 9.034E-01 1.083E+00  9.95E-01
1.259E-02 8.992E-01 1.078E+00  9.96E-01
1.189E-02 8.922E-01 1.071E+00  9.96E-01
1.122E-02 8.813E-01 1.071E+00  9.97E-01
1.059E-02 8.666E-01 1.091E+00  9.97E-01
1.000E-02 8.478E-01 1.139E+00  9.98E-01
9.441E-03 8.243E-01 1.206E+00  9.98E-01
8.913E-03 7.962E-01 1.270E+00  9.99E-01
8.414E-03 7.638E-01 1.302E+00  9.99E-01
7.943E-03 7.275E-01 1.289E+00  9.99E-01
7.499E-03 6.877E-01 1.242E+00  9.99E-01
7.079E-03 6.460E-01 1.201E+00  9.99E-01
6.683E-03 6.023E-01 1.214E+00  1.00E+00
6.310E-03 5.576E-01 1.326E+00  1.00E+00
5.957E-03 5.136E-01 1.551E+00  1.00E+00
5.623E-03 4.689E-01 1.887E+00  1.00E+00
5.309E-03 4.260E-01 2.244E+00  1.00E+00
5.012E-03 3.853E-01 2.446E+00  1.00E+00
4.732E-03 3.471E-01 1.775E+00  1.00E+00
4.467E-03 3.121E-01 1.776E+00  1.00E+00
4.217E-03 9.842E-01 9.248E-01  1.00E+00
3.981E-03 9.778E-01 1.002E+00  1.00E+00
3.758E-03 9.727E-01 1.028E+00  1.00E+00
3.548E-03 9.663E-01 1.057E+00  1.00E+00
3.350E-03 9.583E-01 1.086E+00  1.00E+00
3.162E-03 9.480E-01 1.121E+00  1.00E+00
2.985E-03 9.350E-01 1.056E+00  1.00E+00
2.818E-03 9.177E-01 1.072E+00  1.00E+00
2.661E-03 8.955E-01 1.092E+00  1.00E+00
2.512E-03 8.686E-01 1.116E+00  1.00E+00
2.371E-03 8.366E-01 1.144E+00  1.00E+00
2.239E-03 7.994E-01 1.176E+00  1.00E+00
2.113E-03 7.567E-01 1.212E+00  1.00E+00
1.995E-03 7.103E-01 1.251E+00  1.00E+00
1.884E-03 6.606E-01 1.290E+00  1.00E+00
1.778E-03 6.084E-01 1.329E+00  1.00E+00
1.679E-03 5.554E-01 1.366E+00  1.00E+00
1.585E-03 5.029E-01 1.398E+00  1.00E+00
1.496E-03 4.517E-01 1.423E+00  1.00E+00
1.413E-03 4.027E-01 1.440E+00  1.00E+00
1.334E-03 3.565E-01 1.448E+00  1.00E+00
1.259E-03 3.141E-01 1.444E+00  1.00E+00
1.189E-03 2.755E-01 1.429E+00  1.00E+00
1.122E-03 2.392E-01 1.401E+00  1.00E+00
1.059E-03 2.071E-01 1.361E+00  1.00E+00
1.000E-03 1.790E-01 1.309E+00  1.00E+00
