1.000E+03 6.099E-06 1.044E-14  0.00E+00
9.441E+02 6.844E-06 1.314E-14  0.00E+00
8.913E+02 7.681E-06 1.655E-14  0.00E+00
8.414E+02 8.620E-06 2.083E-14  0.00E+00
7.943E+02 9.674E-06 2.622E-14  0.00E+00
7.499E+02 1.086E-05 3.301E-14  0.00E+00
7.079E+02 1.219E-05 4.156E-14  0.00E+00
6.683E+02 1.368E-05 5.232E-14  0.00E+00
6.310E+02 1.535E-05 6.587E-14  0.00E+00
5.957E+02 1.723E-05 8.292E-14  0.00E+00
5.623E+02 1.935E-05 1.044E-13  0.00E+00
5.309E+02 2.172E-05 1.314E-13  0.00E+00
5.012E+02 2.438E-05 1.654E-13  0.00E+00
4.732E+02 2.738E-05 2.083E-13  0.00E+00
4.467E+02 3.074E-05 2.622E-13  0.00E+00
4.217E+02 3.452E-05 3.301E-13  0.00E+00
3.981E+02 3.878E-05 4.155E-13  0.00E+00
3.758E+02 4.356E-05 5.231E-13  0.00E+00
3.548E+02 4.893E-05 6.586E-13  0.00E+00
3.350E+02 5.498E-05 8.290E-13  0.00E+00
3.162E+02 6.179E-05 1.044E-12  0.00E+00
2.985E+02 6.946E-05 1.314E-12  0.00E+00
2.818E+02 7.810E-05 1.654E-12  0.00E+00
2.661E+02 8.784E-05 2.082E-12  0.00E+00
2.512E+02 9.881E-05 2.620E-12  0.00E+00
2.371E+02 1.112E-04 3.298E-12 -1.14E-06
2.239E+02 1.251E-04 4.152E-12 -3.16E-07
2.113E+02 1.409E-04 5.225E-12  7.99E-07
1.995E+02 1.586E-04 6.575E-12  2.27E-06
1.884E+02 1.785E-04 8.274E-12  4.20E-06
1.778E+02 2.008E-04 1.041E-11  6.69E-06
1.679E+02 2.256E-04 1.309E-11  9.84E-06
1.585E+02 2.530E-04 1.647E-11  1.38E-05
1.496E+02 2.830E-04 2.071E-11  1.89E-05
1.413E+02 3.160E-04 2.605E-11  2.52E-05
1.334E+02 3.524E-04 3.276E-11  3.31E-05
1.259E+02 3.931E-04 4.121E-11  4.26E-05
1.189E+02 4.392E-04 5.184E-11  5.39E-05
1.122E+02 4.917E-04 6.523E-11  6.68E-05
1.059E+02 5.516E-04 8.206E-11  8.02E-05
1.000E+02 6.198E-04 1.032E-10  9.29E-05
9.441E+01 6.971E-04 1.298E-10  1.04E-04
8.913E+01 7.843E-04 1.632E-10  1.15E-04
8.414E+01 8.825E-04 2.051E-10  1.25E-04
7.943E+01 9.934E-04 2.577E-10  1.31E-04
7.499E+01 1.118E-03 3.235E-10  1.32E-04
7.079E+01 1.258E-03 4.060E-10  1.29E-04
6.683E+01 1.413E-03 5.092E-10  1.21E-04
6.310E+01 1.586E-03 6.380E-10  1.08E-04
5.957E+01 1.777E-03 7.987E-10  8.79E-05
5.623E+01 1.986E-03 9.986E-10  6.15E-05
5.309E+01 2.211E-03 1.247E-09  2.96E-05
5.012E+01 2.451E-03 1.554E-09 -7.39E-06
4.732E+01 2.702E-03 1.934E-09 -4.47E-05
4.467E+01 2.957E-03 2.402E-09 -7.67E-05
4.217E+01 3.207E-03 2.976E-09 -9.97E-05
3.981E+01 3.441E-03 3.680E-09 -1.19E-04
3.758E+01 3.646E-03 4.543E-09 -1.37E-04
3.548E+01 3.810E-03 5.602E-09 -1.53E-04
3.350E+01 3.921E-03 6.904E-09 -1.67E-04
3.162E+01 3.972E-03 8.512E-09 -1.77E-04
2.985E+01 3.964E-03 1.051E-08 -1.82E-04
2.818E+01 3.904E-03 1.299E-08 -1.84E-04
2.661E+01 3.801E-03 1.611E-08 -1.82E-04
2.512E+01 3.667E-03 2.004E-08 -1.74E-04
2.371E+01 3.513E-03 2.498E-08 -1.57E-04
2.239E+01 3.351E-03 3.123E-08 -1.46E-04
2.113E+01 3.198E-03 3.913E-08 -1.32E-04
1.995E+01 3.061E-03 4.912E-08 -1.13E-04
1.884E+01 2.941E-03 6.172E-08 -8.90E-05
1.778E+01 2.842E-03 7.766E-08 -6.85E-05
1.679E+01 2.772E-03 9.779E-08 -4.71E-05
1.585E+01 2.730E-03 1.232E-07 -2.44E-05
1.496E+01 2.718E-03 1.553E-07 -2.36E-06
1.413E+01 2.741E-03 1.957E-07  2.13E-05
1.334E+01 2.799E-03 2.467E-07  4.84E-05
1.259E+01 2.889E-03 3.109E-07  8.08E-05
1.189E+01 2.992E-03 3.923E-07  1.18E-04
1.122E+01 3.188E-03 4.914E-07  1.53E-04
1.059E+01 3.341E-03 6.208E-07  1.92E-04
1.000E+01 3.564E-03 7.816E-07  2.33E-04
9.441E+00 3.820E-03 9.843E-07  2.76E-04
8.913E+00 4.125E-03 1.239E-06  3.23E-04
8.414E+00 4.474E-03 1.559E-06  3.76E-04
7.943E+00 4.867E-03 1.961E-06  4.38E-04
7.499E+00 5.293E-03 2.467E-06  5.08E-04
7.079E+00 5.776E-03 3.102E-06  5.80E-04
6.683E+00 6.315E-03 3.900E-06  6.59E-04
6.310E+00 6.820E-03 4.901E-06  7.67E-04
5.957E+00 7.581E-03 6.163E-06  8.36E-04
5.623E+00 8.316E-03 7.744E-06  9.39E-04
5.309E+00 9.132E-03 9.728E-06  1.05E-03
5.012E+00 1.002E-02 1.222E-05  1.18E-03
4.732E+00 1.098E-02 1.534E-05  1.33E-03
4.467E+00 1.203E-02 1.927E-05  1.48E-03
4.217E+00 1.319E-02 2.419E-05  1.65E-03
3.981E+00 1.447E-02 3.036E-05  1.84E-03
3.758E+00 1.586E-02 3.812E-05  2.04E-03
3.548E+00 1.740E-02 4.785E-05  2.27E-03
3.350E+00 1.911E-02 6.006E-05  2.51E-03
3.162E+00 2.094E-02 7.537E-05  2.78E-03
2.985E+00 2.302E-02 9.460E-05  3.07E-03
2.818E+00 2.527E-02 1.187E-04  3.39E-03
2.661E+00 2.774E-02 1.489E-04  3.75E-03
2.512E+00 3.042E-02 1.868E-04  4.15E-03
2.371E+00 3.336E-02 2.344E-04  4.59E-03
2.239E+00 3.661E-02 2.941E-04  5.06E-03
2.113E+00 4.021E-02 3.691E-04  5.58E-03
1.995E+00 4.414E-02 4.632E-04  6.16E-03
1.884E+00 4.850E-02 5.813E-04  6.78E-03
1.778E+00 5.334E-02 7.298E-04  7.45E-03
1.679E+00 5.871E-02 9.162E-04  8.19E-03
1.585E+00 6.456E-02 1.150E-03  9.03E-03
1.496E+00 7.103E-02 1.445E-03  9.93E-03
1.413E+00 7.836E-02 1.816E-03  1.09E-02
1.334E+00 8.659E-02 2.283E-03  1.19E-02
1.259E+00 9.571E-02 2.868E-03  1.31E-02
1.189E+00 1.058E-01 3.608E-03  1.43E-02
1.122E+00 1.172E-01 4.539E-03  1.57E-02
1.059E+00 1.301E-01 5.712E-03  1.72E-02
1.000E+00 1.446E-01 7.189E-03  1.88E-02
9.441E-01 1.608E-01 9.048E-03  2.06E-02
8.913E-01 1.788E-01 1.139E-02  2.26E-02
8.414E-01 1.988E-01 1.433E-02  2.49E-02
7.943E-01 2.212E-01 1.804E-02  2.74E-02
7.499E-01 2.460E-01 2.272E-02  3.03E-02
7.079E-01 2.737E-01 2.863E-02  3.35E-02
6.683E-01 3.046E-01 3.611E-02  3.71E-02
6.310E-01 3.392E-01 4.563E-02  4.13E-02
5.957E-01 3.788E-01 5.776E-02  4.58E-02
5.623E-01 4.248E-01 7.329E-02  5.07E-02
5.309E-01 4.785E-01 9.328E-02  5.61E-02
5.012E-01 5.418E-01 1.191E-01  6.18E-02
4.732E-01 6.176E-01 1.523E-01  6.76E-02
4.467E-01 7.092E-01 1.949E-01  7.34E-02
4.217E-01 8.176E-01 2.488E-01  7.84E-02
3.981E-01 9.356E-01 3.164E-01  8.28E-02
3.758E-01 1.058E+00 4.002E-01  8.68E-02
3.548E-01 1.185E+00 5.058E-01  9.02E-02
3.350E-01 1.320E+00 6.384E-01  9.12E-02
3.162E-01 1.452E+00 7.986E-01  8.82E-02
2.985E-01 1.552E+00 9.750E-01  8.40E-02
2.818E-01 1.600E+00 1.171E+00  7.94E-02
2.661E-01 1.603E+00 1.368E+00  8.09E-02
2.512E-01 1.585E+00 1.514E+00  9.55E-02
2.371E-01 1.575E+00 1.520E+00  1.29E-01
2.239E-01 1.602E+00 1.344E+00  1.95E-01
2.113E-01 1.574E+00 1.089E+00  2.74E-01
1.995E-01 1.396E+00 8.692E-01  3.28E-01
1.884E-01 1.235E+00 7.226E-01  3.85E-01
1.778E-01 1.147E+00 6.414E-01  4.56E-01
1.679E-01 1.084E+00 6.288E-01  5.18E-01
1.585E-01 1.032E+00 7.580E-01  5.50E-01
1.496E-01 1.000E+00 9.669E-01  5.44E-01
1.413E-01 1.087E+00 1.185E+00  5.83E-01
1.334E-01 1.276E+00 1.495E+00  6.33E-01
1.259E-01 1.425E+00 1.659E+00  6.37E-01
1.189E-01 1.564E+00 1.639E+00  6.62E-01
1.122E-01 1.524E+00 1.562E+00  6.39E-01
1.059E-01 1.475E+00 1.499E+00  6.30E-01
1.000E-01 1.449E+00 1.521E+00  6.45E-01
9.441E-02 1.427E+00 1.546E+00  6.59E-01
8.913E-02 1.402E+00 1.489E+00  6.78E-01
8.414E-02 1.353E+00 1.518E+00  6.80E-01
7.943E-02 1.325E+00 1.550E+00  6.87E-01
7.499E-02 1.265E+00 1.549E+00  6.95E-01
7.079E-02 1.161E+00 1.525E+00  6.99E-01
6.683E-02 1.047E+00 1.452E+00  7.10E-01
6.310E-02 9.969E-01 1.345E+00  7.32E-01
5.957E-02 9.631E-01 1.302E+00  7.48E-01
5.623E-02 9.025E-01 1.292E+00  7.60E-01
5.309E-02 8.526E-01 1.254E+00  7.81E-01
5.012E-02 8.219E-01 1.217E+00  8.03E-01
4.732E-02 7.901E-01 1.195E+00  8.26E-01
4.467E-02 7.618E-01 1.174E+00  8.50E-01
4.217E-02 7.346E-01 1.143E+00  8.76E-01
3.981E-02 7.485E-01 1.051E+00  8.97E-01
3.758E-02 7.841E-01 9.610E-01  9.11E-01
3.548E-02 7.883E-01 9.915E-01  9.16E-01
3.350E-02 7.610E-01 1.010E+00  9.24E-01
3.162E-02 7.363E-01 1.020E+00  9.32E-01
2.985E-02 7.117E-01 1.026E+00  9.40E-01
2.818E-02 6.867E-01 1.029E+00  9.47E-01
2.661E-02 6.610E-01 1.029E+00  9.53E-01
2.512E-02 6.342E-01 1.024E+00  9.59E-01
2.371E-02 6.061E-01 1.014E+00  9.64E-01
2.239E-02 5.769E-01 9.985E-01  9.68E-01
2.113E-02 5.468E-01 9.772E-01  9.72E-01
1.995E-02 5.158E-01 9.504E-01  9.75E-01
1.884E-02 4.837E-01 9.174E-01  9.78E-01
1.778E-02 4.516E-01 8.794E-01  9.81E-01
1.679E-02 4.196E-01 8.373E-01  9.83E-01
1.585E-02 3.879E-01 7.918E-01  9.85E-01
1.496E-02 3.568E-01 7.439E-01  9.87E-01
1.413E-02 3.268E-01 6.946E-01  9.88E-01
1.334E-02 2.980E-01 6.443E-01  9.89E-01
1.259E-02 2.707E-01 5.945E-01  9.90E-01
1.189E-02 2.452E-01 5.461E-01  9.91E-01
1.122E-02 2.205E-01 4.977E-01  9.92E-01
1.059E-02 1.979E-01 4.514E-01  9.93E-01
1.000E-02 1.772E-01 4.076E-01  9.94E-01
9.441E-03 1.581E-01 3.662E-01  9.94E-01
8.913E-03 1.407E-01 3.271E-01  9.95E-01
8.414E-03 1.249E-01 2.905E-01  9.96E-01
7.943E-03 1.106E-01 2.563E-01  9.96E-01
7.499E-03 9.763E-02 2.245E-01  9.96E-01
7.079E-03 8.619E-02 1.952E-01  9.97E-01
6.683E-03 7.590E-02 1.679E-01  9.97E-01
6.310E-03 6.668E-02 1.423E-01  9.97E-01
5.957E-03 5.862E-02 1.186E-01  9.98E-01
5.623E-03 5.123E-02 9.525E-02  9.98E-01
5.309E-03 4.479E-02 7.272E-02  9.98E-01
5.012E-03 3.915E-02 5.362E-02  9.98E-01
4.732E-03 3.421E-02 2.038E-02  9.98E-01
4.467E-03 2.993E-02 1.947E-02  9.99E-01
4.217E-03 4.481E-01 8.256E-02  9.99E-01
3.981E-03 4.135E-01 1.050E-01  9.99E-01
3.758E-03 3.796E-01 1.048E-01  9.99E-01
3.548E-03 3.463E-01 1.047E-01  9.99E-01
3.350E-03 3.138E-01 1.022E-01  9.99E-01
3.162E-03 2.829E-01 9.790E-02  9.99E-01
2.985E-03 2.542E-01 9.281E-02  9.99E-01
2.818E-03 2.261E-01 8.717E-02  9.99E-01
2.661E-03 1.998E-01 8.099E-02  9.99E-01
2.512E-03 1.760E-01 7.445E-02  9.99E-01
2.371E-03 1.546E-01 6.805E-02  1.00E+00
2.239E-03 1.353E-01 6.193E-02  1.00E+00
2.113E-03 1.177E-01 5.608E-02  1.00E+00
1.995E-03 1.023E-01 5.063E-02  1.00E+00
1.884E-03 8.857E-02 4.556E-02  1.00E+00
1.778E-03 7.640E-02 4.084E-02  1.00E+00
1.679E-03 6.576E-02 3.651E-02  1.00E+00
1.585E-03 5.648E-02 3.260E-02  1.00E+00
1.496E-03 4.841E-02 2.905E-02  1.00E+00
1.413E-03 4.141E-02 2.586E-02  1.00E+00
1.334E-03 3.536E-02 2.300E-02  1.00E+00
1.259E-03 3.019E-02 2.043E-02  1.00E+00
1.189E-03 2.577E-02 1.817E-02  1.00E+00
1.122E-03 2.184E-02 1.610E-02  1.00E+00
1.059E-03 1.852E-02 1.427E-02  1.00E+00
1.000E-03 1.573E-02 1.265E-02  1.00E+00
