1.000E+03 4.268E-07 6.555E-20  0.00E+00
9.441E+02 4.729E-07 8.251E-20  0.00E+00
8.913E+02 5.242E-07 1.039E-19  0.00E+00
8.414E+02 5.816E-07 1.307E-19  0.00E+00
7.943E+02 6.457E-07 1.646E-19  0.00E+00
7.499E+02 7.173E-07 2.072E-19  0.00E+00
7.079E+02 7.974E-07 2.608E-19  0.00E+00
6.683E+02 8.871E-07 3.282E-19  0.00E+00
6.310E+02 9.875E-07 4.132E-19  0.00E+00
5.957E+02 1.100E-06 5.201E-19  0.00E+00
5.623E+02 1.226E-06 6.546E-19  0.00E+00
5.309E+02 1.367E-06 8.240E-19  0.00E+00
5.012E+02 1.525E-06 1.037E-18  0.00E+00
4.732E+02 1.702E-06 1.306E-18  0.00E+00
4.467E+02 1.901E-06 1.643E-18  0.00E+00
4.217E+02 2.124E-06 2.069E-18  0.00E+00
3.981E+02 2.373E-06 2.604E-18  0.00E+00
3.758E+02 2.653E-06 3.277E-18  0.00E+00
3.548E+02 2.967E-06 4.125E-18  0.00E+00
3.350E+02 3.318E-06 5.191E-18  0.00E+00
3.162E+02 3.712E-06 6.534E-18  0.00E+00
2.985E+02 4.154E-06 8.223E-18  0.00E+00
2.818E+02 4.649E-06 1.035E-17  0.00E+00
2.661E+02 5.204E-06 1.302E-17  0.00E+00
2.512E+02 5.826E-06 1.639E-17  0.00E+00
2.371E+02 6.522E-06 2.062E-17  0.00E+00
2.239E+02 7.303E-06 2.595E-17  0.00E+00
2.113E+02 8.176E-06 3.265E-17  0.00E+00
1.995E+02 9.154E-06 4.107E-17  0.00E+00
1.884E+02 1.025E-05 5.167E-17  0.00E+00
1.778E+02 1.147E-05 6.499E-17  0.00E+00
1.679E+02 1.285E-05 8.175E-17  0.00E+00
1.585E+02 1.438E-05 1.028E-16  0.00E+00
1.496E+02 1.609E-05 1.293E-16  0.00E+00
1.413E+02 1.801E-05 1.625E-16  0.00E+00
1.334E+02 2.015E-05 2.043E-16  0.00E+00
1.259E+02 2.254E-05 2.568E-16  0.00E+00
1.189E+02 2.521E-05 3.226E-16  0.00E+00
1.122E+02 2.818E-05 4.053E-16  0.00E+00
1.059E+02 3.148E-05 5.090E-16  0.00E+00
1.000E+02 3.515E-05 6.389E-16  0.00E+00
9.441E+01 3.921E-05 8.017E-16  0.00E+00
8.913E+01 4.367E-05 1.005E-15  0.00E+00
8.414E+01 4.858E-05 1.260E-15  0.00E+00
7.943E+01 5.395E-05 1.579E-15  0.00E+00
7.499E+01 5.981E-05 1.977E-15  0.00E+00
7.079E+01 6.616E-05 2.474E-15  0.00E+00
6.683E+01 7.299E-05 3.093E-15  0.00E+00
6.310E+01 8.029E-05 3.865E-15  0.00E+00
5.957E+01 8.800E-05 4.824E-15  0.00E+00
5.623E+01 9.608E-05 6.015E-15  0.00E+00
5.309E+01 1.044E-04 7.494E-15  0.00E+00
5.012E+01 1.129E-04 9.328E-15  0.00E+00
4.732E+01 1.213E-04 1.160E-14  0.00E+00
4.467E+01 1.295E-04 1.441E-14  0.00E+00
4.217E+01 1.373E-04 1.789E-14  0.00E+00
3.981E+01 1.443E-04 2.219E-14  0.00E+00
3.758E+01 1.503E-04 2.753E-14  0.00E+00
3.548E+01 1.552E-04 3.415E-14  0.00E+00
3.350E+01 1.587E-04 4.238E-14  0.00E+00
3.162E+01 1.608E-04 5.263E-14  0.00E+00
2.985E+01 1.615E-04 6.542E-14  0.00E+00
2.818E+01 1.611E-04 8.143E-14  0.00E+00
2.661E+01 1.596E-04 1.015E-13  0.00E+00
2.512E+01 1.573E-04 1.267E-13  0.00E+00
2.371E+01 1.541E-04 1.584E-13  0.00E+00
2.239E+01 1.505E-04 1.982E-13  0.00E+00
2.113E+01 1.470E-04 2.485E-13  0.00E+00
1.995E+01 1.437E-04 3.119E-13  0.00E+00
1.884E+01 1.405E-04 3.916E-13  0.00E+00
1.778E+01 1.377E-04 4.923E-13  0.00E+00
1.679E+01 1.358E-04 6.193E-13  0.00E+00
1.585E+01 1.347E-04 7.795E-13  0.00E+00
1.496E+01 1.347E-04 9.815E-13  0.00E+00
1.413E+01 1.359E-04 1.236E-12  0.00E+00
1.334E+01 1.386E-04 1.557E-12  0.00E+00
1.259E+01 1.426E-04 1.962E-12  0.00E+00
1.189E+01 1.470E-04 2.474E-12  4.51E-07
1.122E+01 1.561E-04 3.098E-12  5.36E-07
1.059E+01 1.627E-04 3.913E-12  6.28E-07
1.000E+01 1.727E-04 4.926E-12  7.27E-07
9.441E+00 1.844E-04 6.202E-12  8.31E-07
8.913E+00 1.984E-04 7.807E-12  9.45E-07
8.414E+00 2.145E-04 9.823E-12  1.07E-06
7.943E+00 2.327E-04 1.236E-11  1.23E-06
7.499E+00 2.524E-04 1.554E-11  1.40E-06
7.079E+00 2.749E-04 1.954E-11  1.58E-06
6.683E+00 3.001E-04 2.457E-11  1.77E-06
6.310E+00 3.235E-04 3.087E-11  2.05E-06
5.957E+00 3.595E-04 3.881E-11  2.22E-06
5.623E+00 3.939E-04 4.876E-11  2.48E-06
5.309E+00 4.322E-04 6.124E-11  2.77E-06
5.012E+00 4.739E-04 7.688E-11  3.09E-06
4.732E+00 5.184E-04 9.654E-11  3.45E-06
4.467E+00 5.674E-04 1.212E-10  3.85E-06
4.217E+00 6.212E-04 1.521E-10  4.29E-06
3.981E+00 6.802E-04 1.909E-10  4.77E-06
3.758E+00 7.444E-04 2.395E-10  5.30E-06
3.548E+00 8.149E-04 3.005E-10  5.87E-06
3.350E+00 8.929E-04 3.769E-10  6.49E-06
3.162E+00 9.758E-04 4.727E-10  7.19E-06
2.985E+00 1.070E-03 5.928E-10  7.95E-06
2.818E+00 1.171E-03 7.433E-10  8.79E-06
2.661E+00 1.281E-03 9.316E-10  9.72E-06
2.512E+00 1.399E-03 1.167E-09  1.08E-05
2.371E+00 1.528E-03 1.463E-09  1.19E-05
2.239E+00 1.669E-03 1.833E-09  1.32E-05
2.113E+00 1.824E-03 2.297E-09  1.45E-05
1.995E+00 1.992E-03 2.878E-09  1.61E-05
1.884E+00 2.175E-03 3.606E-09  1.77E-05
1.778E+00 2.378E-03 4.518E-09  1.95E-05
1.679E+00 2.599E-03 5.658E-09  2.15E-05
1.585E+00 2.837E-03 7.085E-09  2.38E-05
1.496E+00 3.096E-03 8.877E-09  2.62E-05
1.413E+00 3.386E-03 1.112E-08  2.88E-05
1.334E+00 3.708E-03 1.393E-08  3.17E-05
1.259E+00 4.060E-03 1.745E-08  3.49E-05
1.189E+00 4.440E-03 2.186E-08  3.84E-05
1.122E+00 4.863E-03 2.737E-08  4.22E-05
1.059E+00 5.336E-03 3.428E-08  4.64E-05
1.000E+00 5.859E-03 4.291E-08  5.10E-05
9.441E-01 6.431E-03 5.369E-08  5.61E-05
8.913E-01 7.054E-03 6.714E-08  6.18E-05
8.414E-01 7.728E-03 8.392E-08  6.83E-05
7.943E-01 8.457E-03 1.049E-07  7.56E-05
7.499E-01 9.242E-03 1.310E-07  8.39E-05
7.079E-01 1.008E-02 1.637E-07  9.32E-05
6.683E-01 1.098E-02 2.045E-07  1.04E-04
6.310E-01 1.193E-02 2.559E-07  1.16E-04
5.957E-01 1.297E-02 3.205E-07  1.29E-04
5.623E-01 1.413E-02 4.021E-07  1.44E-04
5.309E-01 1.542E-02 5.058E-07  1.61E-04
5.012E-01 1.687E-02 6.380E-07  1.79E-04
4.732E-01 1.856E-02 8.065E-07  1.99E-04
4.467E-01 2.059E-02 1.021E-06  2.20E-04
4.217E-01 2.302E-02 1.295E-06  2.41E-04
3.981E-01 2.566E-02 1.643E-06  2.63E-04
3.758E-01 2.841E-02 2.087E-06  2.85E-04
3.548E-01 3.130E-02 2.671E-06  3.09E-04
3.350E-01 3.479E-02 3.463E-06  3.28E-04
3.162E-01 3.951E-02 4.566E-06  3.30E-04
2.985E-01 4.571E-02 6.098E-06  3.01E-04
2.818E-01 5.348E-02 8.357E-06  2.17E-04
2.661E-01 6.469E-02 1.191E-05  9.26E-05
2.512E-01 8.338E-02 1.803E-05  2.45E-05
2.371E-01 1.215E-01 2.948E-05  5.04E-05
2.239E-01 1.882E-01 4.586E-05  1.41E-04
2.113E-01 2.398E-01 5.243E-05  2.69E-04
1.995E-01 1.997E-01 3.739E-05  4.22E-04
1.884E-01 1.379E-01 2.179E-05  5.99E-04
1.778E-01 9.580E-02 1.347E-05  8.11E-04
1.679E-01 7.041E-02 1.045E-05  1.05E-03
1.585E-01 5.420E-02 1.129E-05  1.30E-03
1.496E-01 4.349E-02 1.584E-05  1.56E-03
1.413E-01 3.794E-02 2.516E-05  1.84E-03
1.334E-01 3.764E-02 4.100E-05  2.17E-03
1.259E-01 4.284E-02 6.789E-05  2.61E-03
1.189E-01 5.588E-02 1.116E-04  3.14E-03
1.122E-01 7.529E-02 1.900E-04  3.51E-03
1.059E-01 1.320E-01 3.387E-04  2.48E-03
1.000E-01 2.117E-01 5.071E-04  2.41E-03
9.441E-02 3.212E-01 7.650E-04  2.14E-03
8.913E-02 3.840E-01 9.064E-04  2.37E-03
8.414E-02 4.419E-01 1.262E-03  2.18E-03
7.943E-02 5.701E-01 1.941E-03  2.15E-03
7.499E-02 7.198E-01 2.679E-03  2.61E-03
7.079E-02 7.598E-01 3.082E-03  3.23E-03
6.683E-02 6.408E-01 2.787E-03  4.01E-03
6.310E-02 5.105E-01 2.276E-03  4.84E-03
5.957E-02 4.402E-01 2.111E-03  5.69E-03
5.623E-02 3.698E-01 1.947E-03  6.62E-03
5.309E-02 2.971E-01 1.692E-03  7.64E-03
5.012E-02 2.473E-01 1.506E-03  8.77E-03
4.732E-02 2.071E-01 1.364E-03  1.00E-02
4.467E-02 1.736E-01 1.218E-03  1.14E-02
4.217E-02 1.448E-01 1.047E-03  1.31E-02
3.981E-02 1.353E-01 9.253E-04  1.49E-02
3.758E-02 1.381E-01 8.992E-04  1.69E-02
3.548E-02 1.423E-01 1.081E-03  1.90E-02
3.350E-02 1.282E-01 1.124E-03  2.14E-02
3.162E-02 1.152E-01 1.142E-03  2.42E-02
2.985E-02 1.031E-01 1.148E-03  2.73E-02
2.818E-02 9.208E-02 1.147E-03  3.08E-02
2.661E-02 8.221E-02 1.143E-03  3.48E-02
2.512E-02 7.325E-02 1.134E-03  3.92E-02
2.371E-02 6.517E-02 1.123E-03  4.42E-02
2.239E-02 5.795E-02 1.109E-03  4.99E-02
2.113E-02 5.150E-02 1.093E-03  5.62E-02
1.995E-02 4.573E-02 1.074E-03  6.34E-02
1.884E-02 4.049E-02 1.051E-03  7.15E-02
1.778E-02 3.587E-02 1.027E-03  8.06E-02
1.679E-02 3.174E-02 1.000E-03  9.08E-02
1.585E-02 2.806E-02 9.698E-04  1.02E-01
1.496E-02 2.479E-02 9.375E-04  1.15E-01
1.413E-02 2.187E-02 9.027E-04  1.30E-01
1.334E-02 1.930E-02 8.651E-04  1.46E-01
1.259E-02 1.701E-02 8.255E-04  1.65E-01
1.189E-02 1.501E-02 7.848E-04  1.85E-01
1.122E-02 1.317E-02 7.393E-04  2.09E-01
1.059E-02 1.157E-02 6.925E-04  2.35E-01
1.000E-02 1.017E-02 6.448E-04  2.64E-01
9.441E-03 8.923E-03 5.961E-04  2.96E-01
8.913E-03 7.820E-03 5.463E-04  3.32E-01
8.414E-03 6.852E-03 4.963E-04  3.70E-01
7.943E-03 5.999E-03 4.467E-04  4.13E-01
7.499E-03 5.242E-03 3.976E-04  4.58E-01
7.079E-03 4.587E-03 3.506E-04  5.05E-01
6.683E-03 4.008E-03 3.051E-04  5.53E-01
6.310E-03 3.496E-03 2.613E-04  6.00E-01
5.957E-03 3.055E-03 2.201E-04  6.45E-01
5.623E-03 2.656E-03 1.787E-04  6.86E-01
5.309E-03 2.310E-03 1.382E-04  7.20E-01
5.012E-03 2.011E-03 1.036E-04  7.47E-01
4.732E-03 1.750E-03 4.003E-05  7.67E-01
4.467E-03 1.523E-03 3.908E-05  7.82E-01
4.217E-03 3.063E-02 2.344E-04  7.95E-01
3.981E-03 2.747E-02 2.961E-04  8.07E-01
3.758E-03 2.450E-02 2.919E-04  8.21E-01
3.548E-03 2.175E-02 2.875E-04  8.38E-01
3.350E-03 1.923E-02 2.765E-04  8.56E-01
3.162E-03 1.693E-02 2.612E-04  8.72E-01
2.985E-03 1.490E-02 2.448E-04  8.85E-01
2.818E-03 1.300E-02 2.277E-04  8.94E-01
2.661E-03 1.128E-02 2.098E-04  9.01E-01
2.512E-03 9.787E-03 1.915E-04  9.08E-01
2.371E-03 8.478E-03 1.738E-04  9.17E-01
2.239E-03 7.330E-03 1.571E-04  9.27E-01
2.113E-03 6.311E-03 1.415E-04  9.34E-01
1.995E-03 5.432E-03 1.273E-04  9.38E-01
1.884E-03 4.666E-03 1.143E-04  9.43E-01
1.778E-03 3.996E-03 1.021E-04  9.49E-01
1.679E-03 3.418E-03 9.107E-05  9.54E-01
1.585E-03 2.921E-03 8.121E-05  9.58E-01
1.496E-03 2.492E-03 7.231E-05  9.62E-01
1.413E-03 2.123E-03 6.429E-05  9.66E-01
1.334E-03 1.807E-03 5.717E-05  9.69E-01
1.259E-03 1.538E-03 5.078E-05  9.71E-01
1.189E-03 1.310E-03 4.515E-05  9.74E-01
1.122E-03 1.108E-03 4.002E-05  9.76E-01
1.059E-03 9.375E-04 3.547E-05  9.79E-01
1.000E-03 7.951E-04 3.146E-05  9.81E-01
