1.000E+03 8.854E-07 1.650E-18  0.00E+00
9.441E+02 9.848E-07 2.077E-18  0.00E+00
8.913E+02 1.095E-06 2.615E-18  0.00E+00
8.414E+02 1.218E-06 3.291E-18  0.00E+00
7.943E+02 1.353E-06 4.143E-18  0.00E+00
7.499E+02 1.505E-06 5.214E-18  0.00E+00
7.079E+02 1.672E-06 6.563E-18  0.00E+00
6.683E+02 1.859E-06 8.261E-18  0.00E+00
6.310E+02 2.067E-06 1.040E-17  0.00E+00
5.957E+02 2.299E-06 1.309E-17  0.00E+00
5.623E+02 2.557E-06 1.647E-17  0.00E+00
5.309E+02 2.845E-06 2.073E-17  0.00E+00
5.012E+02 3.166E-06 2.610E-17  0.00E+00
4.732E+02 3.525E-06 3.285E-17  0.00E+00
4.467E+02 3.925E-06 4.134E-17  0.00E+00
4.217E+02 4.374E-06 5.204E-17  0.00E+00
3.981E+02 4.875E-06 6.550E-17  0.00E+00
3.758E+02 5.437E-06 8.245E-17  0.00E+00
3.548E+02 6.065E-06 1.038E-16  0.00E+00
3.350E+02 6.769E-06 1.306E-16  0.00E+00
3.162E+02 7.559E-06 1.644E-16  0.00E+00
2.985E+02 8.443E-06 2.069E-16  0.00E+00
2.818E+02 9.435E-06 2.604E-16  0.00E+00
2.661E+02 1.055E-05 3.278E-16  0.00E+00
2.512E+02 1.179E-05 4.126E-16  0.00E+00
2.371E+02 1.319E-05 5.193E-16  0.00E+00
2.239E+02 1.476E-05 6.535E-16  0.00E+00
2.113E+02 1.653E-05 8.224E-16  0.00E+00
1.995E+02 1.851E-05 1.035E-15  0.00E+00
1.884E+02 2.073E-05 1.303E-15  0.00E+00
1.778E+02 2.322E-05 1.639E-15  0.00E+00
1.679E+02 2.602E-05 2.062E-15  0.00E+00
1.585E+02 2.917E-05 2.595E-15  0.00E+00
1.496E+02 3.270E-05 3.265E-15  0.00E+00
1.413E+02 3.667E-05 4.107E-15  0.00E+00
1.334E+02 4.114E-05 5.167E-15  0.00E+00
1.259E+02 4.616E-05 6.498E-15  0.00E+00
1.189E+02 5.180E-05 8.172E-15  0.00E+00
1.122E+02 5.815E-05 1.028E-14  0.00E+00
1.059E+02 6.528E-05 1.292E-14  0.00E+00
1.000E+02 7.328E-05 1.623E-14  0.00E+00
9.441E+01 8.223E-05 2.039E-14  0.00E+00
8.913E+01 9.220E-05 2.561E-14  0.00E+00
8.414E+01 1.033E-04 3.215E-14  0.00E+00
7.943E+01 1.157E-04 4.034E-14  0.00E+00
7.499E+01 1.294E-04 5.058E-14  0.00E+00
7.079E+01 1.446E-04 6.339E-14  0.00E+00
6.683E+01 1.612E-04 7.938E-14  0.00E+00
6.310E+01 1.794E-04 9.931E-14  0.00E+00
5.957E+01 1.990E-04 1.241E-13  0.00E+00
5.623E+01 2.201E-04 1.550E-13  0.00E+00
5.309E+01 2.424E-04 1.932E-13  0.00E+00
5.012E+01 2.657E-04 2.406E-13  0.00E+00
4.732E+01 2.895E-04 2.992E-13  0.00E+00
4.467E+01 3.131E-04 3.715E-13  0.00E+00
4.217E+01 3.358E-04 4.606E-13  0.00E+00
3.981E+01 3.567E-04 5.703E-13  0.00E+00
3.758E+01 3.747E-04 7.055E-13  0.00E+00
3.548E+01 3.892E-04 8.723E-13  0.00E+00
3.350E+01 3.992E-04 1.079E-12  0.00E+00
3.162E+01 4.043E-04 1.334E-12  0.00E+00
2.985E+01 4.046E-04 1.653E-12  0.00E+00
2.818E+01 4.007E-04 2.051E-12  0.00E+00
2.661E+01 3.932E-04 2.549E-12 -1.59E-06
2.512E+01 3.829E-04 3.176E-12 -1.50E-06
2.371E+01 3.704E-04 3.964E-12 -1.30E-06
2.239E+01 3.568E-04 4.958E-12 -1.18E-06
2.113E+01 3.437E-04 6.214E-12 -1.03E-06
1.995E+01 3.315E-04 7.799E-12 -8.17E-07
1.884E+01 3.203E-04 9.798E-12 -5.38E-07
1.778E+01 3.109E-04 1.232E-11 -3.08E-07
1.679E+01 3.040E-04 1.551E-11 -6.79E-08
1.585E+01 2.997E-04 1.954E-11  1.89E-07
1.496E+01 2.983E-04 2.461E-11  4.39E-07
1.413E+01 3.004E-04 3.102E-11  7.10E-07
1.334E+01 3.061E-04 3.909E-11  1.03E-06
1.259E+01 3.150E-04 4.926E-11  1.41E-06
1.189E+01 3.253E-04 6.215E-11  1.85E-06
1.122E+01 3.461E-04 7.785E-11  2.28E-06
1.059E+01 3.616E-04 9.833E-11  2.75E-06
1.000E+01 3.849E-04 1.238E-10  3.25E-06
9.441E+00 4.119E-04 1.559E-10  3.78E-06
8.913E+00 4.440E-04 1.962E-10  4.36E-06
8.414E+00 4.810E-04 2.469E-10  5.02E-06
7.943E+00 5.227E-04 3.106E-10  5.80E-06
7.499E+00 5.678E-04 3.905E-10  6.68E-06
7.079E+00 6.189E-04 4.911E-10  7.59E-06
6.683E+00 6.761E-04 6.174E-10  8.59E-06
6.310E+00 7.290E-04 7.757E-10  9.97E-06
5.957E+00 8.101E-04 9.752E-10  1.08E-05
5.623E+00 8.878E-04 1.225E-09  1.22E-05
5.309E+00 9.739E-04 1.539E-09  1.36E-05
5.012E+00 1.068E-03 1.932E-09  1.53E-05
4.732E+00 1.167E-03 2.425E-09  1.71E-05
4.467E+00 1.277E-03 3.044E-09  1.91E-05
4.217E+00 1.398E-03 3.821E-09  2.13E-05
3.981E+00 1.530E-03 4.794E-09  2.38E-05
3.758E+00 1.674E-03 6.015E-09  2.64E-05
3.548E+00 1.832E-03 7.547E-09  2.93E-05
3.350E+00 2.006E-03 9.467E-09  3.24E-05
3.162E+00 2.192E-03 1.187E-08  3.59E-05
2.985E+00 2.403E-03 1.489E-08  3.97E-05
2.818E+00 2.629E-03 1.867E-08  4.39E-05
2.661E+00 2.876E-03 2.340E-08  4.86E-05
2.512E+00 3.140E-03 2.932E-08  5.39E-05
2.371E+00 3.429E-03 3.674E-08  5.97E-05
2.239E+00 3.745E-03 4.605E-08  6.59E-05
2.113E+00 4.093E-03 5.770E-08  7.28E-05
1.995E+00 4.467E-03 7.229E-08  8.04E-05
1.884E+00 4.879E-03 9.057E-08  8.87E-05
1.778E+00 5.333E-03 1.135E-07  9.78E-05
1.679E+00 5.830E-03 1.421E-07  1.08E-04
1.585E+00 6.364E-03 1.780E-07  1.19E-04
1.496E+00 6.945E-03 2.230E-07  1.31E-04
1.413E+00 7.595E-03 2.795E-07  1.44E-04
1.334E+00 8.318E-03 3.501E-07  1.59E-04
1.259E+00 9.107E-03 4.384E-07  1.75E-04
1.189E+00 9.962E-03 5.492E-07  1.92E-04
1.122E+00 1.091E-02 6.879E-07  2.11E-04
1.059E+00 1.197E-02 8.614E-07  2.32E-04
1.000E+00 1.315E-02 1.078E-06  2.55E-04
9.441E-01 1.443E-02 1.349E-06  2.81E-04
8.913E-01 1.584E-02 1.688E-06  3.10E-04
8.414E-01 1.735E-02 2.110E-06  3.42E-04
7.943E-01 1.899E-02 2.636E-06  3.79E-04
7.499E-01 2.076E-02 3.294E-06  4.20E-04
7.079E-01 2.265E-02 4.115E-06  4.67E-04
6.683E-01 2.467E-02 5.144E-06  5.20E-04
6.310E-01 2.682E-02 6.435E-06  5.80E-04
5.957E-01 2.917E-02 8.062E-06  6.47E-04
5.623E-01 3.178E-02 1.012E-05  7.22E-04
5.309E-01 3.470E-02 1.273E-05  8.05E-04
5.012E-01 3.799E-02 1.606E-05  8.97E-04
4.732E-01 4.182E-02 2.031E-05  9.96E-04
4.467E-01 4.643E-02 2.572E-05  1.10E-03
4.217E-01 5.194E-02 3.263E-05  1.21E-03
3.981E-01 5.795E-02 4.141E-05  1.31E-03
3.758E-01 6.420E-02 5.261E-05  1.42E-03
3.548E-01 7.082E-02 6.737E-05  1.54E-03
3.350E-01 7.881E-02 8.741E-05  1.63E-03
3.162E-01 8.961E-02 1.153E-04  1.64E-03
2.985E-01 1.038E-01 1.542E-04  1.49E-03
2.818E-01 1.216E-01 2.116E-04  1.07E-03
2.661E-01 1.472E-01 3.022E-04  4.52E-04
2.512E-01 1.898E-01 4.586E-04  1.23E-04
2.371E-01 2.770E-01 7.519E-04  2.59E-04
2.239E-01 4.287E-01 1.168E-03  7.12E-04
2.113E-01 5.400E-01 1.319E-03  1.36E-03
1.995E-01 4.451E-01 9.299E-04  2.13E-03
1.884E-01 3.068E-01 5.410E-04  3.02E-03
1.778E-01 2.138E-01 3.359E-04  4.08E-03
1.679E-01 1.578E-01 2.619E-04  5.28E-03
1.585E-01 1.221E-01 2.843E-04  6.50E-03
1.496E-01 9.849E-02 3.999E-04  7.81E-03
1.413E-01 8.657E-02 6.370E-04  9.21E-03
1.334E-01 8.668E-02 1.042E-03  1.08E-02
1.259E-01 9.982E-02 1.733E-03  1.31E-02
1.189E-01 1.323E-01 2.867E-03  1.57E-02
1.122E-01 1.830E-01 4.925E-03  1.73E-02
1.059E-01 3.215E-01 8.853E-03  1.21E-02
1.000E-01 5.122E-01 1.322E-02  1.19E-02
9.441E-02 7.634E-01 1.972E-02  1.06E-02
8.913E-02 8.941E-01 2.296E-02  1.19E-02
8.414E-02 1.032E+00 3.220E-02  1.10E-02
7.943E-02 1.311E+00 4.855E-02  1.12E-02
7.499E-02 1.558E+00 6.256E-02  1.38E-02
7.079E-02 1.538E+00 6.686E-02  1.74E-02
6.683E-02 1.244E+00 5.743E-02  2.18E-02
6.310E-02 9.847E-01 4.608E-02  2.63E-02
5.957E-02 8.475E-01 4.216E-02  3.08E-02
5.623E-02 7.111E-01 3.862E-02  3.57E-02
5.309E-02 5.739E-01 3.341E-02  4.11E-02
5.012E-02 4.808E-01 2.962E-02  4.71E-02
4.732E-02 4.048E-01 2.670E-02  5.37E-02
4.467E-02 3.416E-01 2.370E-02  6.11E-02
4.217E-02 2.874E-01 2.027E-02  6.95E-02
3.981E-02 2.701E-01 1.772E-02  7.90E-02
3.758E-02 2.765E-01 1.692E-02  8.98E-02
3.548E-02 2.826E-01 1.976E-02  1.02E-01
3.350E-02 2.546E-01 2.005E-02  1.15E-01
3.162E-02 2.292E-01 1.989E-02  1.29E-01
2.985E-02 2.058E-01 1.951E-02  1.46E-01
2.818E-02 1.846E-01 1.897E-02  1.65E-01
2.661E-02 1.657E-01 1.836E-02  1.85E-01
2.512E-02 1.484E-01 1.765E-02  2.09E-01
2.371E-02 1.329E-01 1.687E-02  2.34E-01
2.239E-02 1.189E-01 1.605E-02  2.63E-01
2.113E-02 1.064E-01 1.519E-02  2.95E-01
1.995E-02 9.516E-02 1.429E-02  3.30E-01
1.884E-02 8.485E-02 1.335E-02  3.68E-01
1.778E-02 7.567E-02 1.239E-02  4.09E-01
1.679E-02 6.739E-02 1.145E-02  4.53E-01
1.585E-02 5.995E-02 1.051E-02  4.99E-01
1.496E-02 5.324E-02 9.603E-03  5.46E-01
1.413E-02 4.721E-02 8.735E-03  5.93E-01
1.334E-02 4.183E-02 7.917E-03  6.38E-01
1.259E-02 3.701E-02 7.164E-03  6.80E-01
1.189E-02 3.274E-02 6.484E-03  7.16E-01
1.122E-02 2.881E-02 5.848E-03  7.45E-01
1.059E-02 2.536E-02 5.276E-03  7.67E-01
1.000E-02 2.233E-02 4.761E-03  7.83E-01
9.441E-03 1.963E-02 4.288E-03  7.96E-01
8.913E-03 1.724E-02 3.844E-03  8.08E-01
8.414E-03 1.513E-02 3.424E-03  8.21E-01
7.943E-03 1.327E-02 3.025E-03  8.37E-01
7.499E-03 1.162E-02 2.649E-03  8.55E-01
7.079E-03 1.018E-02 2.303E-03  8.71E-01
6.683E-03 8.901E-03 1.983E-03  8.85E-01
6.310E-03 7.774E-03 1.686E-03  8.94E-01
5.957E-03 6.799E-03 1.410E-03  9.01E-01
5.623E-03 5.916E-03 1.136E-03  9.08E-01
5.309E-03 5.151E-03 8.686E-04  9.17E-01
5.012E-03 4.488E-03 6.413E-04  9.27E-01
4.732E-03 3.909E-03 2.438E-04  9.34E-01
4.467E-03 3.407E-03 2.340E-04  9.38E-01
4.217E-03 6.701E-02 1.346E-03  9.44E-01
3.981E-03 6.020E-02 1.676E-03  9.50E-01
3.758E-03 5.383E-02 1.634E-03  9.55E-01
3.548E-03 4.788E-02 1.596E-03  9.58E-01
3.350E-03 4.240E-02 1.525E-03  9.62E-01
3.162E-03 3.741E-02 1.432E-03  9.66E-01
2.985E-03 3.297E-02 1.334E-03  9.69E-01
2.818E-03 2.880E-02 1.232E-03  9.71E-01
2.661E-03 2.504E-02 1.127E-03  9.74E-01
2.512E-03 2.175E-02 1.022E-03  9.76E-01
2.371E-03 1.886E-02 9.228E-04  9.79E-01
2.239E-03 1.632E-02 8.310E-04  9.81E-01
2.113E-03 1.406E-02 7.455E-04  9.82E-01
1.995E-03 1.211E-02 6.675E-04  9.84E-01
1.884E-03 1.041E-02 5.965E-04  9.86E-01
1.778E-03 8.919E-03 5.315E-04  9.87E-01
1.679E-03 7.633E-03 4.726E-04  9.88E-01
1.585E-03 6.524E-03 4.200E-04  9.89E-01
1.496E-03 5.569E-03 3.729E-04  9.90E-01
1.413E-03 4.746E-03 3.309E-04  9.91E-01
1.334E-03 4.040E-03 2.935E-04  9.92E-01
1.259E-03 3.439E-03 2.601E-04  9.93E-01
1.189E-03 2.930E-03 2.308E-04  9.93E-01
1.122E-03 2.477E-03 2.042E-04  9.94E-01
1.059E-03 2.097E-03 1.807E-04  9.95E-01
1.000E-03 1.779E-03 1.600E-04  9.95E-01
