1.000E+03 4.415E-06 2.622E-15  0.00E+00
9.441E+02 4.955E-06 3.301E-15  0.00E+00
8.913E+02 5.560E-06 4.156E-15  0.00E+00
8.414E+02 6.240E-06 5.232E-15  0.00E+00
7.943E+02 7.003E-06 6.586E-15  0.00E+00
7.499E+02 7.859E-06 8.291E-15  0.00E+00
7.079E+02 8.820E-06 1.044E-14  0.00E+00
6.683E+02 9.899E-06 1.314E-14  0.00E+00
6.310E+02 1.111E-05 1.654E-14  0.00E+00
5.957E+02 1.247E-05 2.083E-14  0.00E+00
5.623E+02 1.400E-05 2.622E-14  0.00E+00
5.309E+02 1.571E-05 3.300E-14  0.00E+00
5.012E+02 1.764E-05 4.155E-14  0.00E+00
4.732E+02 1.980E-05 5.230E-14  0.00E+00
4.467E+02 2.223E-05 6.584E-14  0.00E+00
4.217E+02 2.495E-05 8.289E-14  0.00E+00
3.981E+02 2.802E-05 1.043E-13  0.00E+00
3.758E+02 3.146E-05 1.313E-13  0.00E+00
3.548E+02 3.533E-05 1.653E-13  0.00E+00
3.350E+02 3.967E-05 2.081E-13  0.00E+00
3.162E+02 4.456E-05 2.620E-13  0.00E+00
2.985E+02 5.004E-05 3.298E-13  0.00E+00
2.818E+02 5.621E-05 4.151E-13  0.00E+00
2.661E+02 6.313E-05 5.224E-13  0.00E+00
2.512E+02 7.090E-05 6.575E-13  0.00E+00
2.371E+02 7.963E-05 8.275E-13  0.00E+00
2.239E+02 8.941E-05 1.041E-12  0.00E+00
2.113E+02 1.004E-04 1.311E-12  0.00E+00
1.995E+02 1.126E-04 1.649E-12  0.00E+00
1.884E+02 1.263E-04 2.075E-12  0.00E+00
1.778E+02 1.415E-04 2.611E-12  0.00E+00
1.679E+02 1.584E-04 3.284E-12  1.00E-05
1.585E+02 1.772E-04 4.132E-12  1.21E-05
1.496E+02 1.981E-04 5.197E-12  1.47E-05
1.413E+02 2.214E-04 6.539E-12  1.80E-05
1.334E+02 2.475E-04 8.226E-12  2.20E-05
1.259E+02 2.768E-04 1.035E-11  2.68E-05
1.189E+02 3.100E-04 1.302E-11  3.24E-05
1.122E+02 3.477E-04 1.638E-11  3.87E-05
1.059E+02 3.904E-04 2.061E-11  4.54E-05
1.000E+02 4.390E-04 2.592E-11  5.16E-05
9.441E+01 4.939E-04 3.259E-11  5.70E-05
8.913E+01 5.557E-04 4.097E-11  6.24E-05
8.414E+01 6.252E-04 5.149E-11  6.73E-05
7.943E+01 7.036E-04 6.468E-11  7.00E-05
7.499E+01 7.916E-04 8.121E-11  7.03E-05
7.079E+01 8.901E-04 1.019E-10  6.86E-05
6.683E+01 1.000E-03 1.278E-10  6.45E-05
6.310E+01 1.122E-03 1.601E-10  5.75E-05
5.957E+01 1.256E-03 2.004E-10  4.74E-05
5.623E+01 1.403E-03 2.505E-10  3.40E-05
5.309E+01 1.561E-03 3.128E-10  1.78E-05
5.012E+01 1.729E-03 3.899E-10 -9.34E-07
4.732E+01 1.905E-03 4.851E-10 -1.98E-05
4.467E+01 2.084E-03 6.024E-10 -3.61E-05
4.217E+01 2.259E-03 7.465E-10 -4.78E-05
3.981E+01 2.422E-03 9.232E-10 -5.74E-05
3.758E+01 2.565E-03 1.140E-09 -6.65E-05
3.548E+01 2.679E-03 1.406E-09 -7.48E-05
3.350E+01 2.757E-03 1.733E-09 -8.19E-05
3.162E+01 2.792E-03 2.136E-09 -8.70E-05
2.985E+01 2.787E-03 2.638E-09 -8.99E-05
2.818E+01 2.745E-03 3.263E-09 -9.10E-05
2.661E+01 2.673E-03 4.047E-09 -9.00E-05
2.512E+01 2.579E-03 5.033E-09 -8.60E-05
2.371E+01 2.472E-03 6.275E-09 -7.77E-05
2.239E+01 2.357E-03 7.845E-09 -7.21E-05
2.113E+01 2.250E-03 9.830E-09 -6.53E-05
1.995E+01 2.153E-03 1.234E-08 -5.58E-05
1.884E+01 2.069E-03 1.550E-08 -4.36E-05
1.778E+01 1.998E-03 1.951E-08 -3.34E-05
1.679E+01 1.948E-03 2.456E-08 -2.26E-05
1.585E+01 1.917E-03 3.094E-08 -1.13E-05
1.496E+01 1.907E-03 3.900E-08 -2.11E-07
1.413E+01 1.921E-03 4.916E-08  1.17E-05
1.334E+01 1.960E-03 6.196E-08  2.53E-05
1.259E+01 2.021E-03 7.809E-08  4.16E-05
1.189E+01 2.092E-03 9.853E-08  6.03E-05
1.122E+01 2.227E-03 1.234E-07  7.82E-05
1.059E+01 2.332E-03 1.559E-07  9.74E-05
1.000E+01 2.485E-03 1.963E-07  1.18E-04
9.441E+00 2.662E-03 2.472E-07  1.40E-04
8.913E+00 2.872E-03 3.111E-07  1.64E-04
8.414E+00 3.114E-03 3.915E-07  1.91E-04
7.943E+00 3.385E-03 4.924E-07  2.22E-04
7.499E+00 3.678E-03 6.192E-07  2.57E-04
7.079E+00 4.011E-03 7.787E-07  2.94E-04
6.683E+00 4.382E-03 9.790E-07  3.34E-04
6.310E+00 4.727E-03 1.230E-06  3.88E-04
5.957E+00 5.253E-03 1.547E-06  4.23E-04
5.623E+00 5.758E-03 1.943E-06  4.76E-04
5.309E+00 6.318E-03 2.441E-06  5.34E-04
5.012E+00 6.928E-03 3.064E-06  6.00E-04
4.732E+00 7.580E-03 3.848E-06  6.71E-04
4.467E+00 8.299E-03 4.832E-06  7.51E-04
4.217E+00 9.089E-03 6.065E-06  8.38E-04
3.981E+00 9.956E-03 7.611E-06  9.33E-04
3.758E+00 1.090E-02 9.552E-06  1.04E-03
3.548E+00 1.194E-02 1.199E-05  1.15E-03
3.350E+00 1.310E-02 1.504E-05  1.27E-03
3.162E+00 1.433E-02 1.887E-05  1.41E-03
2.985E+00 1.573E-02 2.368E-05  1.56E-03
2.818E+00 1.724E-02 2.970E-05  1.72E-03
2.661E+00 1.889E-02 3.724E-05  1.91E-03
2.512E+00 2.067E-02 4.669E-05  2.11E-03
2.371E+00 2.261E-02 5.854E-05  2.34E-03
2.239E+00 2.476E-02 7.342E-05  2.58E-03
2.113E+00 2.713E-02 9.207E-05  2.85E-03
1.995E+00 2.969E-02 1.154E-04  3.14E-03
1.884E+00 3.253E-02 1.448E-04  3.47E-03
1.778E+00 3.566E-02 1.816E-04  3.82E-03
1.679E+00 3.912E-02 2.277E-04  4.20E-03
1.585E+00 4.287E-02 2.854E-04  4.63E-03
1.496E+00 4.698E-02 3.581E-04  5.10E-03
1.413E+00 5.160E-02 4.494E-04  5.60E-03
1.334E+00 5.678E-02 5.640E-04  6.15E-03
1.259E+00 6.247E-02 7.074E-04  6.75E-03
1.189E+00 6.871E-02 8.881E-04  7.42E-03
1.122E+00 7.569E-02 1.115E-03  8.15E-03
1.059E+00 8.357E-02 1.400E-03  8.93E-03
1.000E+00 9.235E-02 1.757E-03  9.79E-03
9.441E-01 1.021E-01 2.205E-03  1.08E-02
8.913E-01 1.128E-01 2.767E-03  1.18E-02
8.414E-01 1.246E-01 3.471E-03  1.30E-02
7.943E-01 1.376E-01 4.355E-03  1.44E-02
7.499E-01 1.518E-01 5.464E-03  1.59E-02
7.079E-01 1.674E-01 6.859E-03  1.77E-02
6.683E-01 1.846E-01 8.617E-03  1.96E-02
6.310E-01 2.034E-01 1.084E-02  2.19E-02
5.957E-01 2.246E-01 1.367E-02  2.43E-02
5.623E-01 2.489E-01 1.727E-02  2.70E-02
5.309E-01 2.768E-01 2.189E-02  3.00E-02
5.012E-01 3.095E-01 2.785E-02  3.32E-02
4.732E-01 3.485E-01 3.554E-02  3.66E-02
4.467E-01 3.962E-01 4.546E-02  4.00E-02
4.217E-01 4.540E-01 5.824E-02  4.32E-02
3.981E-01 5.193E-01 7.469E-02  4.62E-02
3.758E-01 5.907E-01 9.593E-02  4.90E-02
3.548E-01 6.711E-01 1.243E-01  5.14E-02
3.350E-01 7.695E-01 1.632E-01  5.21E-02
3.162E-01 8.932E-01 2.176E-01  4.88E-02
2.985E-01 1.035E+00 2.927E-01  4.14E-02
2.818E-01 1.187E+00 4.022E-01  3.03E-02
2.661E-01 1.366E+00 5.656E-01  2.23E-02
2.512E-01 1.612E+00 7.981E-01  2.44E-02
2.371E-01 1.896E+00 1.030E+00  3.61E-02
2.239E-01 1.946E+00 1.001E+00  5.88E-02
2.113E-01 1.728E+00 7.429E-01  9.57E-02
1.995E-01 1.413E+00 5.120E-01  1.33E-01
1.884E-01 1.143E+00 3.673E-01  1.66E-01
1.778E-01 9.718E-01 2.959E-01  2.07E-01
1.679E-01 8.582E-01 2.791E-01  2.55E-01
1.585E-01 7.808E-01 3.350E-01  3.13E-01
1.496E-01 7.701E-01 4.902E-01  3.89E-01
1.413E-01 8.725E-01 7.640E-01  4.50E-01
1.334E-01 1.028E+00 1.114E+00  4.58E-01
1.259E-01 1.228E+00 1.413E+00  4.66E-01
1.189E-01 1.464E+00 1.519E+00  4.99E-01
1.122E-01 1.518E+00 1.580E+00  4.95E-01
1.059E-01 1.612E+00 1.542E+00  5.21E-01
1.000E-01 1.613E+00 1.493E+00  5.44E-01
9.441E-02 1.592E+00 1.493E+00  5.61E-01
8.913E-02 1.559E+00 1.413E+00  5.84E-01
8.414E-02 1.505E+00 1.440E+00  5.91E-01
7.943E-02 1.488E+00 1.470E+00  6.09E-01
7.499E-02 1.434E+00 1.462E+00  6.27E-01
7.079E-02 1.311E+00 1.422E+00  6.37E-01
6.683E-02 1.159E+00 1.325E+00  6.50E-01
6.310E-02 1.076E+00 1.199E+00  6.73E-01
5.957E-02 1.025E+00 1.152E+00  6.92E-01
5.623E-02 9.456E-01 1.136E+00  7.09E-01
5.309E-02 8.738E-01 1.088E+00  7.32E-01
5.012E-02 8.260E-01 1.042E+00  7.58E-01
4.732E-02 7.788E-01 1.009E+00  7.84E-01
4.467E-02 7.355E-01 9.677E-01  8.12E-01
4.217E-02 6.923E-01 9.051E-01  8.39E-01
3.981E-02 6.965E-01 8.012E-01  8.61E-01
3.758E-02 7.294E-01 7.233E-01  8.78E-01
3.548E-02 7.357E-01 7.607E-01  8.86E-01
3.350E-02 7.009E-01 7.680E-01  8.97E-01
3.162E-02 6.685E-01 7.642E-01  9.07E-01
2.985E-02 6.364E-01 7.553E-01  9.16E-01
2.818E-02 6.049E-01 7.417E-01  9.25E-01
2.661E-02 5.737E-01 7.251E-01  9.34E-01
2.512E-02 5.419E-01 7.051E-01  9.40E-01
2.371E-02 5.102E-01 6.819E-01  9.46E-01
2.239E-02 4.788E-01 6.560E-01  9.52E-01
2.113E-02 4.475E-01 6.275E-01  9.57E-01
1.995E-02 4.167E-01 5.970E-01  9.62E-01
1.884E-02 3.859E-01 5.641E-01  9.66E-01
1.778E-02 3.561E-01 5.300E-01  9.69E-01
1.679E-02 3.272E-01 4.954E-01  9.72E-01
1.585E-02 2.996E-01 4.605E-01  9.75E-01
1.496E-02 2.730E-01 4.259E-01  9.78E-01
1.413E-02 2.479E-01 3.919E-01  9.80E-01
1.334E-02 2.244E-01 3.588E-01  9.82E-01
1.259E-02 2.024E-01 3.271E-01  9.84E-01
1.189E-02 1.822E-01 2.973E-01  9.85E-01
1.122E-02 1.630E-01 2.684E-01  9.87E-01
1.059E-02 1.455E-01 2.413E-01  9.88E-01
1.000E-02 1.297E-01 2.162E-01  9.89E-01
9.441E-03 1.153E-01 1.929E-01  9.90E-01
8.913E-03 1.022E-01 1.712E-01  9.91E-01
8.414E-03 9.043E-02 1.512E-01  9.92E-01
7.943E-03 7.986E-02 1.328E-01  9.93E-01
7.499E-03 7.033E-02 1.158E-01  9.93E-01
7.079E-03 6.195E-02 1.003E-01  9.94E-01
6.683E-03 5.445E-02 8.596E-02  9.95E-01
6.310E-03 4.775E-02 7.264E-02  9.95E-01
5.957E-03 4.192E-02 6.037E-02  9.96E-01
5.623E-03 3.659E-02 4.836E-02  9.96E-01
5.309E-03 3.195E-02 3.683E-02  9.96E-01
5.012E-03 2.790E-02 2.710E-02  9.97E-01
4.732E-03 2.436E-02 1.027E-02  9.97E-01
4.467E-03 2.129E-02 9.806E-03  9.97E-01
4.217E-03 3.470E-01 4.576E-02  9.98E-01
3.981E-03 3.177E-01 5.780E-02  9.98E-01
3.758E-03 2.893E-01 5.719E-02  9.98E-01
3.548E-03 2.619E-01 5.666E-02  9.98E-01
3.350E-03 2.357E-01 5.487E-02  9.98E-01
3.162E-03 2.111E-01 5.219E-02  9.99E-01
2.985E-03 1.885E-01 4.914E-02  9.99E-01
2.818E-03 1.667E-01 4.586E-02  9.99E-01
2.661E-03 1.466E-01 4.236E-02  9.99E-01
2.512E-03 1.285E-01 3.873E-02  9.99E-01
2.371E-03 1.124E-01 3.523E-02  9.99E-01
2.239E-03 9.804E-02 3.193E-02  9.99E-01
2.113E-03 8.505E-02 2.881E-02  9.99E-01
1.995E-03 7.369E-02 2.592E-02  9.99E-01
1.884E-03 6.365E-02 2.326E-02  9.99E-01
1.778E-03 5.479E-02 2.080E-02  9.99E-01
1.679E-03 4.707E-02 1.855E-02  1.00E+00
1.585E-03 4.036E-02 1.653E-02  1.00E+00
1.496E-03 3.455E-02 1.471E-02  1.00E+00
1.413E-03 2.952E-02 1.307E-02  1.00E+00
1.334E-03 2.518E-02 1.161E-02  1.00E+00
1.259E-03 2.148E-02 1.031E-02  1.00E+00
1.189E-03 1.832E-02 9.157E-03  1.00E+00
1.122E-03 1.552E-02 8.109E-03  1.00E+00
1.059E-03 1.315E-02 7.180E-03  1.00E+00
1.000E-03 1.117E-02 6.363E-03  1.00E+00
