1.000E+03 3.577E-06 1.044E-15  0.00E+00
9.441E+02 4.013E-06 1.314E-15  0.00E+00
8.913E+02 4.503E-06 1.654E-15  0.00E+00
8.414E+02 5.053E-06 2.083E-15  0.00E+00
7.943E+02 5.670E-06 2.622E-15  0.00E+00
7.499E+02 6.362E-06 3.300E-15  0.00E+00
7.079E+02 7.139E-06 4.155E-15  0.00E+00
6.683E+02 8.011E-06 5.231E-15  0.00E+00
6.310E+02 8.989E-06 6.585E-15  0.00E+00
5.957E+02 1.009E-05 8.289E-15  0.00E+00
5.623E+02 1.132E-05 1.043E-14  0.00E+00
5.309E+02 1.270E-05 1.314E-14  0.00E+00
5.012E+02 1.425E-05 1.654E-14  0.00E+00
4.732E+02 1.600E-05 2.082E-14  0.00E+00
4.467E+02 1.795E-05 2.620E-14  0.00E+00
4.217E+02 2.014E-05 3.299E-14  0.00E+00
3.981E+02 2.260E-05 4.152E-14  0.00E+00
3.758E+02 2.536E-05 5.227E-14  0.00E+00
3.548E+02 2.846E-05 6.579E-14  0.00E+00
3.350E+02 3.193E-05 8.281E-14  0.00E+00
3.162E+02 3.583E-05 1.042E-13  0.00E+00
2.985E+02 4.020E-05 1.312E-13  0.00E+00
2.818E+02 4.509E-05 1.651E-13  0.00E+00
2.661E+02 5.057E-05 2.078E-13  0.00E+00
2.512E+02 5.671E-05 2.615E-13  0.00E+00
2.371E+02 6.358E-05 3.292E-13  0.00E+00
2.239E+02 7.126E-05 4.142E-13  0.00E+00
2.113E+02 7.984E-05 5.212E-13  0.00E+00
1.995E+02 8.941E-05 6.559E-13  0.00E+00
1.884E+02 1.001E-04 8.253E-13  0.00E+00
1.778E+02 1.120E-04 1.038E-12  0.00E+00
1.679E+02 1.253E-04 1.306E-12  0.00E+00
1.585E+02 1.401E-04 1.644E-12  0.00E+00
1.496E+02 1.566E-04 2.068E-12  0.00E+00
1.413E+02 1.752E-04 2.602E-12  0.00E+00
1.334E+02 1.960E-04 3.274E-12  1.60E-05
1.259E+02 2.195E-04 4.119E-12  1.90E-05
1.189E+02 2.462E-04 5.183E-12  2.26E-05
1.122E+02 2.763E-04 6.521E-12  2.67E-05
1.059E+02 3.104E-04 8.203E-12  3.09E-05
1.000E+02 3.491E-04 1.032E-11  3.49E-05
9.441E+01 3.928E-04 1.297E-11  3.83E-05
8.913E+01 4.420E-04 1.630E-11  4.17E-05
8.414E+01 4.973E-04 2.049E-11  4.48E-05
7.943E+01 5.595E-04 2.574E-11  4.64E-05
7.499E+01 6.294E-04 3.231E-11  4.66E-05
7.079E+01 7.075E-04 4.054E-11  4.54E-05
6.683E+01 7.945E-04 5.083E-11  4.28E-05
6.310E+01 8.909E-04 6.369E-11  3.83E-05
5.957E+01 9.972E-04 7.971E-11  3.18E-05
5.623E+01 1.113E-03 9.964E-11  2.33E-05
5.309E+01 1.238E-03 1.244E-10  1.30E-05
5.012E+01 1.371E-03 1.550E-10  1.05E-06
4.732E+01 1.509E-03 1.929E-10 -1.10E-05
4.467E+01 1.650E-03 2.395E-10 -2.13E-05
4.217E+01 1.787E-03 2.968E-10 -2.88E-05
3.981E+01 1.915E-03 3.671E-10 -3.50E-05
3.758E+01 2.028E-03 4.533E-10 -4.08E-05
3.548E+01 2.117E-03 5.591E-10 -4.61E-05
3.350E+01 2.178E-03 6.892E-10 -5.06E-05
3.162E+01 2.206E-03 8.500E-10 -5.39E-05
2.985E+01 2.202E-03 1.050E-09 -5.58E-05
2.818E+01 2.169E-03 1.299E-09 -5.66E-05
2.661E+01 2.113E-03 1.611E-09 -5.59E-05
2.512E+01 2.040E-03 2.004E-09 -5.35E-05
2.371E+01 1.955E-03 2.498E-09 -4.83E-05
2.239E+01 1.866E-03 3.123E-09 -4.48E-05
2.113E+01 1.781E-03 3.914E-09 -4.06E-05
1.995E+01 1.705E-03 4.913E-09 -3.47E-05
1.884E+01 1.638E-03 6.173E-09 -2.70E-05
1.778E+01 1.582E-03 7.767E-09 -2.06E-05
1.679E+01 1.542E-03 9.779E-09 -1.38E-05
1.585E+01 1.517E-03 1.232E-08 -6.69E-06
1.496E+01 1.509E-03 1.553E-08  2.79E-07
1.413E+01 1.520E-03 1.957E-08  7.78E-06
1.334E+01 1.550E-03 2.467E-08  1.64E-05
1.259E+01 1.598E-03 3.109E-08  2.66E-05
1.189E+01 1.653E-03 3.922E-08  3.84E-05
1.122E+01 1.760E-03 4.913E-08  4.97E-05
1.059E+01 1.842E-03 6.206E-08  6.19E-05
1.000E+01 1.962E-03 7.813E-08  7.50E-05
9.441E+00 2.102E-03 9.839E-08  8.88E-05
8.913E+00 2.267E-03 1.238E-07  1.04E-04
8.414E+00 2.457E-03 1.558E-07  1.21E-04
7.943E+00 2.670E-03 1.960E-07  1.41E-04
7.499E+00 2.901E-03 2.465E-07  1.63E-04
7.079E+00 3.162E-03 3.099E-07  1.86E-04
6.683E+00 3.454E-03 3.897E-07  2.11E-04
6.310E+00 3.725E-03 4.896E-07  2.46E-04
5.957E+00 4.138E-03 6.155E-07  2.68E-04
5.623E+00 4.535E-03 7.733E-07  3.01E-04
5.309E+00 4.975E-03 9.713E-07  3.38E-04
5.012E+00 5.453E-03 1.219E-06  3.80E-04
4.732E+00 5.965E-03 1.531E-06  4.25E-04
4.467E+00 6.528E-03 1.922E-06  4.76E-04
4.217E+00 7.146E-03 2.413E-06  5.31E-04
3.981E+00 7.824E-03 3.028E-06  5.91E-04
3.758E+00 8.564E-03 3.800E-06  6.57E-04
3.548E+00 9.377E-03 4.768E-06  7.29E-04
3.350E+00 1.028E-02 5.982E-06  8.07E-04
3.162E+00 1.124E-02 7.504E-06  8.94E-04
2.985E+00 1.233E-02 9.413E-06  9.89E-04
2.818E+00 1.350E-02 1.181E-05  1.09E-03
2.661E+00 1.478E-02 1.480E-05  1.21E-03
2.512E+00 1.616E-02 1.855E-05  1.34E-03
2.371E+00 1.767E-02 2.326E-05  1.48E-03
2.239E+00 1.933E-02 2.916E-05  1.64E-03
2.113E+00 2.116E-02 3.656E-05  1.81E-03
1.995E+00 2.313E-02 4.582E-05  2.00E-03
1.884E+00 2.531E-02 5.744E-05  2.20E-03
1.778E+00 2.772E-02 7.202E-05  2.43E-03
1.679E+00 3.037E-02 9.027E-05  2.67E-03
1.585E+00 3.323E-02 1.131E-04  2.95E-03
1.496E+00 3.636E-02 1.419E-04  3.25E-03
1.413E+00 3.987E-02 1.779E-04  3.57E-03
1.334E+00 4.380E-02 2.231E-04  3.92E-03
1.259E+00 4.810E-02 2.797E-04  4.31E-03
1.189E+00 5.280E-02 3.509E-04  4.74E-03
1.122E+00 5.804E-02 4.401E-04  5.20E-03
1.059E+00 6.394E-02 5.520E-04  5.71E-03
1.000E+00 7.050E-02 6.922E-04  6.27E-03
9.441E-01 7.773E-02 8.679E-04  6.89E-03
8.913E-01 8.568E-02 1.088E-03  7.58E-03
8.414E-01 9.436E-02 1.363E-03  8.36E-03
7.943E-01 1.039E-01 1.707E-03  9.25E-03
7.499E-01 1.142E-01 2.139E-03  1.02E-02
7.079E-01 1.255E-01 2.680E-03  1.14E-02
6.683E-01 1.378E-01 3.361E-03  1.26E-02
6.310E-01 1.511E-01 4.221E-03  1.41E-02
5.957E-01 1.660E-01 5.309E-03  1.57E-02
5.623E-01 1.829E-01 6.693E-03  1.75E-02
5.309E-01 2.021E-01 8.464E-03  1.94E-02
5.012E-01 2.244E-01 1.074E-02  2.15E-02
4.732E-01 2.508E-01 1.366E-02  2.38E-02
4.467E-01 2.830E-01 1.743E-02  2.61E-02
4.217E-01 3.221E-01 2.227E-02  2.83E-02
3.981E-01 3.659E-01 2.850E-02  3.05E-02
3.758E-01 4.136E-01 3.653E-02  3.26E-02
3.548E-01 4.669E-01 4.726E-02  3.45E-02
3.350E-01 5.331E-01 6.205E-02  3.55E-02
3.162E-01 6.202E-01 8.300E-02  3.38E-02
2.985E-01 7.277E-01 1.126E-01  2.86E-02
2.818E-01 8.536E-01 1.573E-01  1.93E-02
2.661E-01 1.019E+00 2.290E-01  1.07E-02
2.512E-01 1.285E+00 3.487E-01  9.56E-03
2.371E-01 1.731E+00 5.264E-01  1.60E-02
2.239E-01 2.057E+00 6.102E-01  2.87E-02
2.113E-01 1.858E+00 4.747E-01  4.88E-02
1.995E-01 1.431E+00 3.072E-01  7.18E-02
1.884E-01 1.083E+00 2.008E-01  9.41E-02
1.778E-01 8.654E-01 1.495E-01  1.19E-01
1.679E-01 7.262E-01 1.356E-01  1.47E-01
1.585E-01 6.304E-01 1.612E-01  1.79E-01
1.496E-01 5.817E-01 2.377E-01  2.19E-01
1.413E-01 6.122E-01 3.807E-01  2.70E-01
1.334E-01 7.526E-01 6.149E-01  3.28E-01
1.259E-01 1.057E+00 9.782E-01  3.70E-01
1.189E-01 1.344E+00 1.256E+00  3.57E-01
1.122E-01 1.542E+00 1.452E+00  3.66E-01
1.059E-01 1.614E+00 1.545E+00  3.52E-01
1.000E-01 1.640E+00 1.419E+00  3.81E-01
9.441E-02 1.676E+00 1.382E+00  4.30E-01
8.913E-02 1.670E+00 1.294E+00  4.78E-01
8.414E-02 1.639E+00 1.339E+00  5.08E-01
7.943E-02 1.612E+00 1.380E+00  5.34E-01
7.499E-02 1.549E+00 1.362E+00  5.54E-01
7.079E-02 1.417E+00 1.308E+00  5.68E-01
6.683E-02 1.236E+00 1.193E+00  5.82E-01
6.310E-02 1.126E+00 1.057E+00  6.06E-01
5.957E-02 1.060E+00 1.008E+00  6.29E-01
5.623E-02 9.665E-01 9.843E-01  6.49E-01
5.309E-02 8.777E-01 9.267E-01  6.74E-01
5.012E-02 8.170E-01 8.743E-01  7.02E-01
4.732E-02 7.587E-01 8.317E-01  7.31E-01
4.467E-02 7.059E-01 7.803E-01  7.63E-01
4.217E-02 6.547E-01 7.081E-01  7.95E-01
3.981E-02 6.529E-01 6.150E-01  8.21E-01
3.758E-02 6.820E-01 5.539E-01  8.39E-01
3.548E-02 6.890E-01 5.891E-01  8.50E-01
3.350E-02 6.502E-01 5.902E-01  8.64E-01
3.162E-02 6.144E-01 5.811E-01  8.77E-01
2.985E-02 5.795E-01 5.676E-01  8.90E-01
2.818E-02 5.452E-01 5.506E-01  9.01E-01
2.661E-02 5.116E-01 5.320E-01  9.10E-01
2.512E-02 4.785E-01 5.112E-01  9.18E-01
2.371E-02 4.465E-01 4.885E-01  9.27E-01
2.239E-02 4.154E-01 4.645E-01  9.35E-01
2.113E-02 3.850E-01 4.395E-01  9.41E-01
1.995E-02 3.556E-01 4.140E-01  9.46E-01
1.884E-02 3.270E-01 3.875E-01  9.52E-01
1.778E-02 2.998E-01 3.608E-01  9.57E-01
1.679E-02 2.737E-01 3.345E-01  9.61E-01
1.585E-02 2.492E-01 3.087E-01  9.64E-01
1.496E-02 2.260E-01 2.835E-01  9.68E-01
1.413E-02 2.042E-01 2.593E-01  9.71E-01
1.334E-02 1.841E-01 2.361E-01  9.74E-01
1.259E-02 1.654E-01 2.142E-01  9.76E-01
1.189E-02 1.485E-01 1.939E-01  9.78E-01
1.122E-02 1.324E-01 1.743E-01  9.81E-01
1.059E-02 1.178E-01 1.561E-01  9.82E-01
1.000E-02 1.048E-01 1.394E-01  9.84E-01
9.441E-03 9.297E-02 1.240E-01  9.85E-01
8.913E-03 8.226E-02 1.098E-01  9.87E-01
8.414E-03 7.267E-02 9.679E-02  9.88E-01
7.943E-03 6.408E-02 8.482E-02  9.89E-01
7.499E-03 5.636E-02 7.383E-02  9.90E-01
7.079E-03 4.959E-02 6.385E-02  9.91E-01
6.683E-03 4.354E-02 5.466E-02  9.92E-01
6.310E-03 3.816E-02 4.614E-02  9.93E-01
5.957E-03 3.347E-02 3.830E-02  9.93E-01
5.623E-03 2.919E-02 3.065E-02  9.94E-01
5.309E-03 2.548E-02 2.332E-02  9.95E-01
5.012E-03 2.224E-02 1.715E-02  9.95E-01
4.732E-03 1.941E-02 6.495E-03  9.96E-01
4.467E-03 1.695E-02 6.197E-03  9.96E-01
4.217E-03 2.887E-01 3.037E-02  9.96E-01
3.981E-03 2.632E-01 3.820E-02  9.97E-01
3.758E-03 2.387E-01 3.763E-02  9.97E-01
3.548E-03 2.152E-01 3.713E-02  9.97E-01
3.350E-03 1.929E-01 3.581E-02  9.98E-01
3.162E-03 1.722E-01 3.393E-02  9.98E-01
2.985E-03 1.533E-01 3.184E-02  9.98E-01
2.818E-03 1.352E-01 2.962E-02  9.98E-01
2.661E-03 1.186E-01 2.728E-02  9.98E-01
2.512E-03 1.037E-01 2.488E-02  9.99E-01
2.371E-03 9.053E-02 2.258E-02  9.99E-01
2.239E-03 7.880E-02 2.042E-02  9.99E-01
2.113E-03 6.825E-02 1.839E-02  9.99E-01
1.995E-03 5.905E-02 1.652E-02  9.99E-01
1.884E-03 5.094E-02 1.480E-02  9.99E-01
1.778E-03 4.380E-02 1.322E-02  9.99E-01
1.679E-03 3.760E-02 1.178E-02  9.99E-01
1.585E-03 3.222E-02 1.049E-02  9.99E-01
1.496E-03 2.756E-02 9.325E-03  9.99E-01
1.413E-03 2.353E-02 8.283E-03  9.99E-01
1.334E-03 2.006E-02 7.354E-03  1.00E+00
1.259E-03 1.710E-02 6.522E-03  1.00E+00
1.189E-03 1.459E-02 5.792E-03  1.00E+00
1.122E-03 1.235E-02 5.127E-03  1.00E+00
1.059E-03 1.046E-02 4.539E-03  1.00E+00
1.000E-03 8.880E-03 4.021E-03  1.00E+00
