1.000E+03 9.038E-04 4.198E-08 -7.88E-02
9.441E+02 9.394E-04 5.285E-08 -7.90E-02
8.913E+02 9.789E-04 6.653E-08 -7.91E-02
8.414E+02 1.023E-03 8.376E-08 -7.92E-02
7.943E+02 1.072E-03 1.055E-07 -7.93E-02
7.499E+02 1.126E-03 1.328E-07 -7.93E-02
7.079E+02 1.187E-03 1.671E-07 -7.92E-02
6.683E+02 1.255E-03 2.104E-07 -7.92E-02
6.310E+02 1.331E-03 2.649E-07 -7.91E-02
5.957E+02 1.417E-03 3.335E-07 -7.89E-02
5.623E+02 1.513E-03 4.198E-07 -7.87E-02
5.309E+02 1.620E-03 5.286E-07 -7.85E-02
5.012E+02 1.740E-03 6.654E-07 -7.82E-02
4.732E+02 1.876E-03 8.377E-07 -7.78E-02
4.467E+02 2.027E-03 1.055E-06 -7.74E-02
4.217E+02 2.198E-03 1.328E-06 -7.69E-02
3.981E+02 2.390E-03 1.671E-06 -7.64E-02
3.758E+02 2.606E-03 2.104E-06 -7.57E-02
3.548E+02 2.849E-03 2.649E-06 -7.50E-02
3.350E+02 3.122E-03 3.335E-06 -7.41E-02
3.162E+02 3.430E-03 4.199E-06 -7.31E-02
2.985E+02 3.778E-03 5.286E-06 -7.20E-02
2.818E+02 4.170E-03 6.655E-06 -7.06E-02
2.661E+02 4.614E-03 8.378E-06 -6.91E-02
2.512E+02 5.117E-03 1.055E-05 -6.73E-02
2.371E+02 5.688E-03 1.328E-05 -6.51E-02
2.239E+02 6.339E-03 1.672E-05 -6.27E-02
2.113E+02 7.085E-03 2.105E-05 -5.97E-02
1.995E+02 7.944E-03 2.651E-05 -5.62E-02
1.884E+02 8.944E-03 3.339E-05 -5.19E-02
1.778E+02 1.013E-02 4.207E-05 -4.67E-02
1.679E+02 1.159E-02 5.304E-05 -4.02E-02
1.585E+02 1.352E-02 6.696E-05 -3.21E-02
1.496E+02 1.655E-02 8.474E-05 -2.16E-02
1.413E+02 2.297E-02 1.065E-04 -7.68E-03
1.334E+02 2.671E-02 1.304E-04  1.08E-02
1.259E+02 3.220E-02 1.649E-04  3.51E-02
1.189E+02 4.595E-02 2.104E-04  6.47E-02
1.122E+02 7.367E-02 2.718E-04  8.90E-02
1.059E+02 1.191E-01 3.576E-04  6.99E-02
1.000E+02 1.569E-01 4.681E-04 -1.07E-02
9.441E+01 1.657E-01 5.956E-04 -8.93E-02
8.913E+01 1.603E-01 7.468E-04 -1.40E-01
8.414E+01 1.515E-01 9.300E-04 -1.66E-01
7.943E+01 1.467E-01 1.158E-03 -1.77E-01
7.499E+01 1.466E-01 1.447E-03 -1.81E-01
7.079E+01 1.495E-01 1.812E-03 -1.85E-01
6.683E+01 1.544E-01 2.272E-03 -1.88E-01
6.310E+01 1.607E-01 2.849E-03 -1.91E-01
5.957E+01 1.683E-01 3.571E-03 -1.93E-01
5.623E+01 1.771E-01 4.472E-03 -1.95E-01
5.309E+01 1.870E-01 5.596E-03 -1.96E-01
5.012E+01 1.979E-01 6.994E-03 -1.97E-01
4.732E+01 2.103E-01 8.727E-03 -1.97E-01
4.467E+01 2.238E-01 1.088E-02 -1.98E-01
4.217E+01 2.385E-01 1.354E-02 -1.98E-01
3.981E+01 2.531E-01 1.683E-02 -2.00E-01
3.758E+01 2.667E-01 2.091E-02 -2.02E-01
3.548E+01 2.787E-01 2.596E-02 -2.03E-01
3.350E+01 2.888E-01 3.225E-02 -2.05E-01
3.162E+01 2.970E-01 4.013E-02 -2.06E-01
2.985E+01 3.036E-01 5.005E-02 -2.07E-01
2.818E+01 3.090E-01 6.263E-02 -2.06E-01
2.661E+01 3.141E-01 7.867E-02 -2.05E-01
2.512E+01 3.200E-01 9.916E-02 -2.03E-01
2.371E+01 3.281E-01 1.254E-01 -2.00E-01
2.239E+01 3.362E-01 1.589E-01 -1.96E-01
2.113E+01 3.471E-01 2.016E-01 -1.90E-01
1.995E+01 3.621E-01 2.559E-01 -1.83E-01
1.884E+01 3.808E-01 3.240E-01 -1.76E-01
1.778E+01 4.015E-01 4.088E-01 -1.67E-01
1.679E+01 4.259E-01 5.125E-01 -1.56E-01
1.585E+01 4.532E-01 6.366E-01 -1.44E-01
1.496E+01 4.823E-01 7.811E-01 -1.29E-01
1.413E+01 5.127E-01 9.429E-01 -1.13E-01
1.334E+01 5.423E-01 1.115E+00 -9.29E-02
1.259E+01 5.687E-01 1.289E+00 -6.96E-02
1.189E+01 5.884E-01 1.456E+00 -4.12E-02
1.122E+01 6.009E-01 1.587E+00 -1.27E-02
1.059E+01 6.066E-01 1.723E+00  3.01E-02
1.000E+01 6.105E-01 1.834E+00  8.04E-02
9.441E+00 6.165E-01 1.953E+00  1.45E-01
8.913E+00 6.300E-01 2.112E+00  2.21E-01
8.414E+00 6.481E-01 2.345E+00  2.94E-01
7.943E+00 6.496E-01 2.568E+00  3.30E-01
7.499E+00 6.269E-01 2.612E+00  3.35E-01
7.079E+00 6.096E-01 2.537E+00  3.43E-01
6.683E+00 6.122E-01 2.476E+00  3.65E-01
6.310E+00 6.342E-01 2.493E+00  3.97E-01
5.957E+00 6.937E-01 2.689E+00  4.38E-01
5.623E+00 7.337E-01 2.967E+00  4.84E-01
5.309E+00 6.793E-01 2.751E+00  4.77E-01
5.012E+00 6.502E-01 2.517E+00  4.44E-01
4.732E+00 6.557E-01 2.333E+00  4.16E-01
4.467E+00 7.580E-01 2.370E+00  4.13E-01
4.217E+00 7.063E-01 2.107E+00  4.67E-01
3.981E+00 7.015E-01 1.979E+00  4.44E-01
3.758E+00 7.089E-01 1.833E+00  4.14E-01
3.548E+00 7.485E-01 1.752E+00  4.50E-01
3.350E+00 7.050E-01 1.624E+00  4.71E-01
3.162E+00 7.433E-01 1.735E+00  5.14E-01
2.985E+00 7.128E-01 1.744E+00  5.67E-01
2.818E+00 7.575E-01 1.848E+00  5.81E-01
2.661E+00 7.958E-01 2.008E+00  6.56E-01
2.512E+00 7.130E-01 1.964E+00  6.45E-01
2.371E+00 7.845E-01 2.071E+00  6.71E-01
2.239E+00 7.338E-01 1.891E+00  6.57E-01
2.113E+00 7.759E-01 1.868E+00  6.39E-01
1.995E+00 7.751E-01 1.635E+00  6.22E-01
1.884E+00 7.758E-01 1.652E+00  6.20E-01
1.778E+00 8.211E-01 1.610E+00  6.44E-01
1.679E+00 8.144E-01 1.688E+00  6.67E-01
1.585E+00 8.244E-01 1.736E+00  7.10E-01
1.496E+00 8.395E-01 1.709E+00  7.16E-01
1.413E+00 8.579E-01 1.605E+00  7.09E-01
1.334E+00 8.745E-01 1.520E+00  7.08E-01
1.259E+00 8.759E-01 1.526E+00  7.17E-01
1.189E+00 8.803E-01 1.564E+00  7.33E-01
1.122E+00 8.886E-01 1.542E+00  7.42E-01
1.059E+00 8.948E-01 1.484E+00  7.44E-01
1.000E+00 8.977E-01 1.472E+00  7.51E-01
9.441E-01 8.996E-01 1.484E+00  7.60E-01
8.913E-01 9.004E-01 1.463E+00  7.63E-01
8.414E-01 8.991E-01 1.446E+00  7.66E-01
7.943E-01 8.964E-01 1.446E+00  7.71E-01
7.499E-01 8.930E-01 1.435E+00  7.74E-01
7.079E-01 8.891E-01 1.429E+00  7.77E-01
6.683E-01 8.849E-01 1.423E+00  7.80E-01
6.310E-01 8.802E-01 1.417E+00  7.82E-01
5.957E-01 8.753E-01 1.412E+00  7.84E-01
5.623E-01 8.700E-01 1.408E+00  7.86E-01
5.309E-01 8.642E-01 1.404E+00  7.87E-01
5.012E-01 8.579E-01 1.402E+00  7.88E-01
4.732E-01 8.514E-01 1.401E+00  7.88E-01
4.467E-01 8.447E-01 1.400E+00  7.88E-01
4.217E-01 8.382E-01 1.399E+00  7.88E-01
3.981E-01 8.318E-01 1.399E+00  7.88E-01
3.758E-01 8.252E-01 1.399E+00  7.87E-01
3.548E-01 8.165E-01 1.402E+00  7.85E-01
3.350E-01 8.046E-01 1.409E+00  7.81E-01
3.162E-01 7.888E-01 1.422E+00  7.75E-01
2.985E-01 7.705E-01 1.439E+00  7.67E-01
2.818E-01 7.462E-01 1.464E+00  7.57E-01
2.661E-01 7.194E-01 1.495E+00  7.47E-01
2.512E-01 6.955E-01 1.517E+00  7.42E-01
2.371E-01 6.783E-01 1.519E+00  7.42E-01
2.239E-01 6.832E-01 1.491E+00  7.55E-01
2.113E-01 7.085E-01 1.445E+00  7.77E-01
1.995E-01 7.515E-01 1.385E+00  8.11E-01
1.884E-01 8.064E-01 1.315E+00  8.52E-01
1.778E-01 8.681E-01 1.240E+00  8.97E-01
1.679E-01 9.205E-01 1.178E+00  9.29E-01
1.585E-01 9.495E-01 1.148E+00  9.41E-01
1.496E-01 9.534E-01 1.147E+00  9.39E-01
1.413E-01 9.399E-01 1.163E+00  9.28E-01
1.334E-01 9.182E-01 1.183E+00  9.13E-01
1.259E-01 8.904E-01 1.208E+00  8.93E-01
1.189E-01 8.574E-01 1.239E+00  8.68E-01
1.122E-01 8.098E-01 1.287E+00  8.33E-01
1.059E-01 7.559E-01 1.345E+00  8.00E-01
1.000E-01 7.290E-01 1.370E+00  7.88E-01
9.441E-02 7.030E-01 1.392E+00  7.80E-01
8.913E-02 7.086E-01 1.381E+00  7.90E-01
8.414E-02 6.865E-01 1.399E+00  7.81E-01
7.943E-02 6.639E-01 1.417E+00  7.73E-01
7.499E-02 6.446E-01 1.430E+00  7.69E-01
7.079E-02 6.281E-01 1.441E+00  7.68E-01
6.683E-02 6.308E-01 1.432E+00  7.78E-01
6.310E-02 6.641E-01 1.393E+00  8.02E-01
5.957E-02 6.789E-01 1.375E+00  8.14E-01
5.623E-02 6.782E-01 1.372E+00  8.20E-01
5.309E-02 6.915E-01 1.355E+00  8.36E-01
5.012E-02 7.101E-01 1.333E+00  8.54E-01
4.732E-02 7.261E-01 1.314E+00  8.71E-01
4.467E-02 7.456E-01 1.292E+00  8.89E-01
4.217E-02 7.704E-01 1.264E+00  9.09E-01
3.981E-02 8.095E-01 1.222E+00  9.31E-01
3.758E-02 8.422E-01 1.187E+00  9.46E-01
3.548E-02 8.429E-01 1.185E+00  9.47E-01
3.350E-02 8.450E-01 1.181E+00  9.50E-01
3.162E-02 8.500E-01 1.175E+00  9.55E-01
2.985E-02 8.559E-01 1.167E+00  9.60E-01
2.818E-02 8.624E-01 1.159E+00  9.64E-01
2.661E-02 8.690E-01 1.151E+00  9.68E-01
2.512E-02 8.758E-01 1.143E+00  9.72E-01
2.371E-02 8.825E-01 1.134E+00  9.76E-01
2.239E-02 8.892E-01 1.126E+00  9.79E-01
2.113E-02 8.957E-01 1.118E+00  9.82E-01
1.995E-02 9.021E-01 1.111E+00  9.85E-01
1.884E-02 9.082E-01 1.103E+00  9.87E-01
1.778E-02 9.142E-01 1.096E+00  9.89E-01
1.679E-02 9.198E-01 1.090E+00  9.91E-01
1.585E-02 9.251E-01 1.083E+00  9.92E-01
1.496E-02 9.302E-01 1.077E+00  9.93E-01
1.413E-02 9.348E-01 1.072E+00  9.94E-01
1.334E-02 9.392E-01 1.066E+00  9.95E-01
1.259E-02 9.431E-01 1.062E+00  9.96E-01
1.189E-02 9.465E-01 1.057E+00  9.97E-01
1.122E-02 9.495E-01 1.052E+00  9.97E-01
1.059E-02 9.537E-01 1.046E+00  9.97E-01
1.000E-02 9.536E-01 1.046E+00  9.97E-01
9.441E-03 9.528E-01 1.047E+00  9.97E-01
8.913E-03 9.514E-01 1.049E+00  9.97E-01
8.414E-03 9.501E-01 1.050E+00  9.98E-01
7.943E-03 9.477E-01 1.052E+00  9.98E-01
7.499E-03 9.420E-01 1.058E+00  9.99E-01
7.079E-03 9.328E-01 1.067E+00  9.99E-01
6.683E-03 9.198E-01 1.080E+00  9.99E-01
6.310E-03 9.027E-01 1.097E+00  9.99E-01
5.957E-03 8.815E-01 1.118E+00  9.99E-01
5.623E-03 8.548E-01 1.145E+00  9.99E-01
5.309E-03 8.236E-01 1.176E+00  9.99E-01
5.012E-03 7.882E-01 1.211E+00  9.99E-01
4.732E-03 7.502E-01 1.248E+00  1.00E+00
4.467E-03 7.104E-01 1.287E+00  1.00E+00
4.217E-03 9.977E-01 1.002E+00  1.00E+00
3.981E-03 9.960E-01 1.004E+00  1.00E+00
3.758E-03 9.952E-01 1.005E+00  1.00E+00
3.548E-03 9.942E-01 1.006E+00  1.00E+00
3.350E-03 9.932E-01 1.007E+00  1.00E+00
3.162E-03 9.922E-01 1.008E+00  1.00E+00
2.985E-03 9.910E-01 1.009E+00  1.00E+00
2.818E-03 9.895E-01 1.010E+00  1.00E+00
2.661E-03 9.876E-01 1.012E+00  1.00E+00
2.512E-03 9.851E-01 1.015E+00  1.00E+00
2.371E-03 9.816E-01 1.018E+00  1.00E+00
2.239E-03 9.767E-01 1.023E+00  1.00E+00
2.113E-03 9.699E-01 1.030E+00  1.00E+00
1.995E-03 9.605E-01 1.039E+00  1.00E+00
1.884E-03 9.479E-01 1.052E+00  1.00E+00
1.778E-03 9.309E-01 1.069E+00  1.00E+00
1.679E-03 9.089E-01 1.091E+00  1.00E+00
1.585E-03 8.811E-01 1.118E+00  1.00E+00
1.496E-03 8.472E-01 1.152E+00  1.00E+00
1.413E-03 8.072E-01 1.191E+00  1.00E+00
1.334E-03 7.616E-01 1.237E+00  1.00E+00
1.259E-03 7.118E-01 1.286E+00  1.00E+00
1.189E-03 6.592E-01 1.338E+00  1.00E+00
1.122E-03 6.026E-01 1.394E+00  1.00E+00
1.059E-03 5.461E-01 1.449E+00  1.00E+00
1.000E-03 4.914E-01 1.503E+00  1.00E+00
