1.000E+03 1.703E-05 6.587E-13  0.00E+00
9.441E+02 1.910E-05 8.293E-13  0.00E+00
8.913E+02 2.142E-05 1.044E-12  0.00E+00
8.414E+02 2.402E-05 1.314E-12  0.00E+00
7.943E+02 2.694E-05 1.655E-12  0.00E+00
7.499E+02 3.021E-05 2.083E-12  0.00E+00
7.079E+02 3.387E-05 2.623E-12  0.00E+00
6.683E+02 3.799E-05 3.302E-12 -1.28E-04
6.310E+02 4.260E-05 4.156E-12 -1.39E-04
5.957E+02 4.777E-05 5.233E-12 -1.49E-04
5.623E+02 5.356E-05 6.588E-12 -1.60E-04
5.309E+02 6.007E-05 8.294E-12 -1.70E-04
5.012E+02 6.736E-05 1.044E-11 -1.81E-04
4.732E+02 7.555E-05 1.315E-11 -1.91E-04
4.467E+02 8.473E-05 1.655E-11 -2.02E-04
4.217E+02 9.504E-05 2.083E-11 -2.11E-04
3.981E+02 1.066E-04 2.623E-11 -2.21E-04
3.758E+02 1.196E-04 3.302E-11 -2.29E-04
3.548E+02 1.342E-04 4.157E-11 -2.36E-04
3.350E+02 1.506E-04 5.234E-11 -2.42E-04
3.162E+02 1.691E-04 6.590E-11 -2.47E-04
2.985E+02 1.898E-04 8.297E-11 -2.50E-04
2.818E+02 2.132E-04 1.045E-10 -2.52E-04
2.661E+02 2.396E-04 1.315E-10 -2.51E-04
2.512E+02 2.694E-04 1.656E-10 -2.48E-04
2.371E+02 3.030E-04 2.085E-10 -2.42E-04
2.239E+02 3.412E-04 2.625E-10 -2.34E-04
2.113E+02 3.846E-04 3.305E-10 -2.21E-04
1.995E+02 4.342E-04 4.162E-10 -2.05E-04
1.884E+02 4.914E-04 5.241E-10 -1.84E-04
1.778E+02 5.580E-04 6.599E-10 -1.58E-04
1.679E+02 6.366E-04 8.308E-10 -1.26E-04
1.585E+02 7.302E-04 1.045E-09 -8.60E-05
1.496E+02 8.385E-04 1.314E-09 -3.75E-05
1.413E+02 9.492E-04 1.648E-09  2.19E-05
1.334E+02 1.047E-03 2.067E-09  9.37E-05
1.259E+02 1.144E-03 2.597E-09  1.79E-04
1.189E+02 1.259E-03 3.267E-09  2.78E-04
1.122E+02 1.399E-03 4.112E-09  3.90E-04
1.059E+02 1.566E-03 5.176E-09  5.06E-04
1.000E+02 1.759E-03 6.513E-09  6.16E-04
9.441E+01 1.980E-03 8.192E-09  7.12E-04
8.913E+01 2.230E-03 1.030E-08  8.09E-04
8.414E+01 2.513E-03 1.295E-08  8.96E-04
7.943E+01 2.834E-03 1.627E-08  9.47E-04
7.499E+01 3.197E-03 2.044E-08  9.60E-04
7.079E+01 3.603E-03 2.565E-08  9.40E-04
6.683E+01 4.057E-03 3.217E-08  8.79E-04
6.310E+01 4.563E-03 4.032E-08  7.73E-04
5.957E+01 5.120E-03 5.048E-08  6.15E-04
5.623E+01 5.730E-03 6.313E-08  4.04E-04
5.309E+01 6.389E-03 7.884E-08  1.50E-04
5.012E+01 7.089E-03 9.829E-08 -1.43E-04
4.732E+01 7.817E-03 1.223E-07 -4.36E-04
4.467E+01 8.557E-03 1.519E-07 -6.85E-04
4.217E+01 9.285E-03 1.882E-07 -8.64E-04
3.981E+01 9.968E-03 2.328E-07 -1.01E-03
3.758E+01 1.057E-02 2.873E-07 -1.15E-03
3.548E+01 1.105E-02 3.542E-07 -1.28E-03
3.350E+01 1.139E-02 4.365E-07 -1.39E-03
3.162E+01 1.155E-02 5.379E-07 -1.46E-03
2.985E+01 1.154E-02 6.638E-07 -1.51E-03
2.818E+01 1.138E-02 8.208E-07 -1.53E-03
2.661E+01 1.110E-02 1.018E-06 -1.51E-03
2.512E+01 1.073E-02 1.265E-06 -1.45E-03
2.371E+01 1.032E-02 1.577E-06 -1.32E-03
2.239E+01 9.888E-03 1.972E-06 -1.23E-03
2.113E+01 9.488E-03 2.471E-06 -1.13E-03
1.995E+01 9.137E-03 3.103E-06 -9.80E-04
1.884E+01 8.849E-03 3.899E-06 -7.95E-04
1.778E+01 8.631E-03 4.907E-06 -6.41E-04
1.679E+01 8.502E-03 6.180E-06 -4.82E-04
1.585E+01 8.466E-03 7.787E-06 -3.14E-04
1.496E+01 8.526E-03 9.817E-06 -1.53E-04
1.413E+01 8.694E-03 1.238E-05  2.05E-05
1.334E+01 8.976E-03 1.561E-05  2.18E-04
1.259E+01 9.363E-03 1.968E-05  4.57E-04
1.189E+01 9.815E-03 2.484E-05  7.28E-04
1.122E+01 1.055E-02 3.112E-05  9.81E-04
1.059E+01 1.119E-02 3.934E-05  1.25E-03
1.000E+01 1.205E-02 4.955E-05  1.54E-03
9.441E+00 1.304E-02 6.244E-05  1.85E-03
8.913E+00 1.420E-02 7.866E-05  2.17E-03
8.414E+00 1.553E-02 9.905E-05  2.55E-03
7.943E+00 1.703E-02 1.247E-04  2.98E-03
7.499E+00 1.869E-02 1.570E-04  3.47E-03
7.079E+00 2.058E-02 1.976E-04  3.96E-03
6.683E+00 2.270E-02 2.487E-04  4.50E-03
6.310E+00 2.488E-02 3.130E-04  5.23E-03
5.957E+00 2.774E-02 3.941E-04  5.68E-03
5.623E+00 3.072E-02 4.960E-04  6.36E-03
5.309E+00 3.405E-02 6.243E-04  7.11E-03
5.012E+00 3.775E-02 7.854E-04  7.97E-03
4.732E+00 4.185E-02 9.887E-04  8.88E-03
4.467E+00 4.643E-02 1.245E-03  9.87E-03
4.217E+00 5.156E-02 1.567E-03  1.10E-02
3.981E+00 5.731E-02 1.973E-03  1.21E-02
3.758E+00 6.377E-02 2.486E-03  1.33E-02
3.548E+00 7.103E-02 3.133E-03  1.46E-02
3.350E+00 7.922E-02 3.950E-03  1.60E-02
3.162E+00 8.830E-02 4.980E-03  1.76E-02
2.985E+00 9.876E-02 6.285E-03  1.92E-02
2.818E+00 1.105E-01 7.934E-03  2.09E-02
2.661E+00 1.236E-01 1.002E-02  2.28E-02
2.512E+00 1.385E-01 1.266E-02  2.48E-02
2.371E+00 1.554E-01 1.601E-02  2.70E-02
2.239E+00 1.746E-01 2.028E-02  2.91E-02
2.113E+00 1.965E-01 2.570E-02  3.13E-02
1.995E+00 2.213E-01 3.259E-02  3.37E-02
1.884E+00 2.496E-01 4.139E-02  3.61E-02
1.778E+00 2.820E-01 5.262E-02  3.84E-02
1.679E+00 3.187E-01 6.695E-02  4.08E-02
1.585E+00 3.604E-01 8.524E-02  4.34E-02
1.496E+00 4.077E-01 1.087E-01  4.58E-02
1.413E+00 4.612E-01 1.386E-01  4.80E-02
1.334E+00 5.211E-01 1.767E-01  5.04E-02
1.259E+00 5.875E-01 2.249E-01  5.34E-02
1.189E+00 6.603E-01 2.857E-01  5.65E-02
1.122E+00 7.390E-01 3.613E-01  6.04E-02
1.059E+00 8.222E-01 4.538E-01  6.55E-02
1.000E+00 9.078E-01 5.644E-01  7.24E-02
9.441E-01 9.925E-01 6.929E-01  8.17E-02
8.913E-01 1.073E+00 8.367E-01  9.42E-02
8.414E-01 1.145E+00 9.909E-01  1.11E-01
7.943E-01 1.206E+00 1.149E+00  1.32E-01
7.499E-01 1.257E+00 1.304E+00  1.60E-01
7.079E-01 1.305E+00 1.453E+00  1.96E-01
6.683E-01 1.361E+00 1.600E+00  2.42E-01
6.310E-01 1.435E+00 1.750E+00  2.92E-01
5.957E-01 1.505E+00 1.884E+00  3.29E-01
5.623E-01 1.521E+00 1.943E+00  3.43E-01
5.309E-01 1.491E+00 1.909E+00  3.52E-01
5.012E-01 1.473E+00 1.823E+00  3.74E-01
4.732E-01 1.492E+00 1.722E+00  4.13E-01
4.467E-01 1.533E+00 1.639E+00  4.61E-01
4.217E-01 1.559E+00 1.594E+00  5.05E-01
3.981E-01 1.558E+00 1.583E+00  5.38E-01
3.758E-01 1.536E+00 1.584E+00  5.59E-01
3.548E-01 1.496E+00 1.583E+00  5.71E-01
3.350E-01 1.445E+00 1.577E+00  5.79E-01
3.162E-01 1.395E+00 1.578E+00  5.87E-01
2.985E-01 1.354E+00 1.595E+00  5.98E-01
2.818E-01 1.315E+00 1.640E+00  6.09E-01
2.661E-01 1.280E+00 1.713E+00  6.20E-01
2.512E-01 1.257E+00 1.784E+00  6.29E-01
2.371E-01 1.271E+00 1.810E+00  6.45E-01
2.239E-01 1.308E+00 1.771E+00  6.76E-01
2.113E-01 1.286E+00 1.667E+00  7.05E-01
1.995E-01 1.248E+00 1.549E+00  7.35E-01
1.884E-01 1.240E+00 1.370E+00  7.67E-01
1.778E-01 1.248E+00 1.152E+00  8.02E-01
1.679E-01 1.264E+00 9.725E-01  8.29E-01
1.585E-01 1.291E+00 9.231E-01  8.44E-01
1.496E-01 1.305E+00 1.102E+00  8.69E-01
1.413E-01 1.335E+00 1.359E+00  8.70E-01
1.334E-01 1.347E+00 1.271E+00  8.46E-01
1.259E-01 1.315E+00 1.235E+00  8.42E-01
1.189E-01 1.248E+00 1.307E+00  8.29E-01
1.122E-01 1.167E+00 1.369E+00  7.97E-01
1.059E-01 1.104E+00 1.463E+00  7.72E-01
1.000E-01 1.076E+00 1.502E+00  7.66E-01
9.441E-02 1.046E+00 1.535E+00  7.64E-01
8.913E-02 1.034E+00 1.509E+00  7.75E-01
8.414E-02 9.987E-01 1.536E+00  7.70E-01
7.943E-02 9.612E-01 1.561E+00  7.66E-01
7.499E-02 9.095E-01 1.569E+00  7.63E-01
7.079E-02 8.487E-01 1.568E+00  7.62E-01
6.683E-02 8.043E-01 1.536E+00  7.71E-01
6.310E-02 8.086E-01 1.469E+00  7.93E-01
5.957E-02 8.058E-01 1.438E+00  8.05E-01
5.623E-02 7.813E-01 1.430E+00  8.13E-01
5.309E-02 7.709E-01 1.402E+00  8.28E-01
5.012E-02 7.713E-01 1.370E+00  8.46E-01
4.732E-02 7.694E-01 1.344E+00  8.63E-01
4.467E-02 7.713E-01 1.315E+00  8.82E-01
4.217E-02 7.779E-01 1.279E+00  9.02E-01
3.981E-02 8.101E-01 1.218E+00  9.23E-01
3.758E-02 8.459E-01 1.170E+00  9.37E-01
3.548E-02 8.463E-01 1.172E+00  9.39E-01
3.350E-02 8.375E-01 1.169E+00  9.43E-01
3.162E-02 8.320E-01 1.162E+00  9.48E-01
2.985E-02 8.276E-01 1.153E+00  9.53E-01
2.818E-02 8.236E-01 1.145E+00  9.58E-01
2.661E-02 8.196E-01 1.140E+00  9.63E-01
2.512E-02 8.149E-01 1.140E+00  9.67E-01
2.371E-02 8.090E-01 1.149E+00  9.72E-01
2.239E-02 8.015E-01 1.170E+00  9.76E-01
2.113E-02 7.919E-01 1.206E+00  9.80E-01
1.995E-02 7.796E-01 1.258E+00  9.83E-01
1.884E-02 7.637E-01 1.328E+00  9.86E-01
1.778E-02 7.447E-01 1.410E+00  9.89E-01
1.679E-02 7.221E-01 1.502E+00  9.91E-01
1.585E-02 6.960E-01 1.596E+00  9.93E-01
1.496E-02 6.664E-01 1.687E+00  9.94E-01
1.413E-02 6.340E-01 1.767E+00  9.95E-01
1.334E-02 5.994E-01 1.831E+00  9.96E-01
1.259E-02 5.631E-01 1.875E+00  9.97E-01
1.189E-02 5.260E-01 1.896E+00  9.97E-01
1.122E-02 4.872E-01 1.894E+00  9.98E-01
1.059E-02 4.490E-01 1.866E+00  9.98E-01
1.000E-02 4.118E-01 1.816E+00  9.98E-01
9.441E-03 3.756E-01 1.746E+00  9.99E-01
8.913E-03 3.408E-01 1.659E+00  9.99E-01
8.414E-03 3.079E-01 1.557E+00  9.99E-01
7.943E-03 2.771E-01 1.444E+00  9.99E-01
7.499E-03 2.481E-01 1.323E+00  9.99E-01
7.079E-03 2.218E-01 1.197E+00  9.99E-01
6.683E-03 1.975E-01 1.068E+00  9.99E-01
6.310E-03 1.752E-01 9.354E-01  1.00E+00
5.957E-03 1.554E-01 8.028E-01  1.00E+00
5.623E-03 1.369E-01 6.629E-01  1.00E+00
5.309E-03 1.205E-01 5.193E-01  1.00E+00
5.012E-03 1.060E-01 3.914E-01  1.00E+00
4.732E-03 9.308E-02 1.536E-01  1.00E+00
4.467E-03 8.181E-02 1.475E-01  1.00E+00
4.217E-03 7.845E-01 3.654E-01  1.00E+00
3.981E-03 7.506E-01 4.730E-01  1.00E+00
3.758E-03 7.148E-01 4.915E-01  1.00E+00
3.548E-03 6.759E-01 5.108E-01  1.00E+00
3.350E-03 6.345E-01 5.194E-01  1.00E+00
3.162E-03 5.914E-01 5.184E-01  1.00E+00
2.985E-03 5.481E-01 5.108E-01  1.00E+00
2.818E-03 5.024E-01 4.984E-01  1.00E+00
2.661E-03 4.567E-01 4.802E-01  1.00E+00
2.512E-03 4.127E-01 4.564E-01  1.00E+00
2.371E-03 3.708E-01 4.300E-01  1.00E+00
2.239E-03 3.312E-01 4.022E-01  1.00E+00
2.113E-03 2.936E-01 3.734E-01  1.00E+00
1.995E-03 2.593E-01 3.447E-01  1.00E+00
1.884E-03 2.277E-01 3.164E-01  1.00E+00
1.778E-03 1.990E-01 2.886E-01  1.00E+00
1.679E-03 1.732E-01 2.621E-01  1.00E+00
1.585E-03 1.502E-01 2.371E-01  1.00E+00
1.496E-03 1.298E-01 2.139E-01  1.00E+00
1.413E-03 1.118E-01 1.923E-01  1.00E+00
1.334E-03 9.610E-02 1.726E-01  1.00E+00
1.259E-03 8.248E-02 1.545E-01  1.00E+00
1.189E-03 7.074E-02 1.384E-01  1.00E+00
1.122E-03 6.018E-02 1.233E-01  1.00E+00
1.059E-03 5.121E-02 1.099E-01  1.00E+00
1.000E-03 4.362E-02 9.782E-02  1.00E+00
