1.000E+03 3.983E-04 4.163E-09 -3.06E-02
9.441E+02 4.189E-04 5.241E-09 -3.09E-02
8.913E+02 4.415E-04 6.598E-09 -3.11E-02
8.414E+02 4.663E-04 8.307E-09 -3.13E-02
7.943E+02 4.937E-04 1.046E-08 -3.15E-02
7.499E+02 5.240E-04 1.317E-08 -3.16E-02
7.079E+02 5.577E-04 1.658E-08 -3.17E-02
6.683E+02 5.952E-04 2.087E-08 -3.18E-02
6.310E+02 6.369E-04 2.627E-08 -3.18E-02
5.957E+02 6.834E-04 3.307E-08 -3.18E-02
5.623E+02 7.355E-04 4.164E-08 -3.18E-02
5.309E+02 7.936E-04 5.242E-08 -3.17E-02
5.012E+02 8.588E-04 6.600E-08 -3.16E-02
4.732E+02 9.317E-04 8.309E-08 -3.15E-02
4.467E+02 1.014E-03 1.046E-07 -3.13E-02
4.217E+02 1.105E-03 1.317E-07 -3.11E-02
3.981E+02 1.208E-03 1.658E-07 -3.09E-02
3.758E+02 1.324E-03 2.087E-07 -3.06E-02
3.548E+02 1.454E-03 2.628E-07 -3.02E-02
3.350E+02 1.600E-03 3.309E-07 -2.98E-02
3.162E+02 1.764E-03 4.166E-07 -2.93E-02
2.985E+02 1.949E-03 5.245E-07 -2.87E-02
2.818E+02 2.157E-03 6.604E-07 -2.81E-02
2.661E+02 2.391E-03 8.315E-07 -2.73E-02
2.512E+02 2.656E-03 1.047E-06 -2.64E-02
2.371E+02 2.954E-03 1.318E-06 -2.54E-02
2.239E+02 3.293E-03 1.660E-06 -2.42E-02
2.113E+02 3.677E-03 2.091E-06 -2.29E-02
1.995E+02 4.115E-03 2.634E-06 -2.13E-02
1.884E+02 4.617E-03 3.318E-06 -1.93E-02
1.778E+02 5.201E-03 4.182E-06 -1.71E-02
1.679E+02 5.900E-03 5.273E-06 -1.44E-02
1.585E+02 6.796E-03 6.657E-06 -1.11E-02
1.496E+02 8.177E-03 8.419E-06 -7.19E-03
1.413E+02 1.090E-02 1.056E-05 -2.27E-03
1.334E+02 1.186E-02 1.298E-05  3.77E-03
1.259E+02 1.250E-02 1.634E-05  1.11E-02
1.189E+02 1.452E-02 2.064E-05  1.99E-02
1.122E+02 1.776E-02 2.606E-05  3.00E-02
1.059E+02 2.266E-02 3.291E-05  3.98E-02
1.000E+02 2.951E-02 4.159E-05  4.68E-02
9.441E+01 3.797E-02 5.259E-05  4.91E-02
8.913E+01 4.831E-02 6.659E-05  4.63E-02
8.414E+01 6.046E-02 8.441E-05  3.43E-02
7.943E+01 7.212E-02 1.069E-04  1.27E-02
7.499E+01 8.188E-02 1.351E-04 -1.26E-02
7.079E+01 8.980E-02 1.703E-04 -3.75E-02
6.683E+01 9.611E-02 2.143E-04 -5.96E-02
6.310E+01 1.014E-01 2.691E-04 -7.82E-02
5.957E+01 1.061E-01 3.373E-04 -9.27E-02
5.623E+01 1.107E-01 4.221E-04 -1.04E-01
5.309E+01 1.155E-01 5.274E-04 -1.13E-01
5.012E+01 1.206E-01 6.578E-04 -1.19E-01
4.732E+01 1.263E-01 8.187E-04 -1.23E-01
4.467E+01 1.328E-01 1.017E-03 -1.25E-01
4.217E+01 1.403E-01 1.263E-03 -1.28E-01
3.981E+01 1.480E-01 1.565E-03 -1.31E-01
3.758E+01 1.553E-01 1.937E-03 -1.34E-01
3.548E+01 1.618E-01 2.396E-03 -1.37E-01
3.350E+01 1.673E-01 2.963E-03 -1.40E-01
3.162E+01 1.718E-01 3.667E-03 -1.42E-01
2.985E+01 1.756E-01 4.548E-03 -1.44E-01
2.818E+01 1.786E-01 5.657E-03 -1.46E-01
2.661E+01 1.815E-01 7.060E-03 -1.48E-01
2.512E+01 1.847E-01 8.845E-03 -1.49E-01
2.371E+01 1.897E-01 1.113E-02 -1.50E-01
2.239E+01 1.942E-01 1.405E-02 -1.52E-01
2.113E+01 1.999E-01 1.779E-02 -1.53E-01
1.995E+01 2.075E-01 2.259E-02 -1.54E-01
1.884E+01 2.173E-01 2.875E-02 -1.55E-01
1.778E+01 2.275E-01 3.666E-02 -1.57E-01
1.679E+01 2.391E-01 4.682E-02 -1.58E-01
1.585E+01 2.523E-01 5.986E-02 -1.58E-01
1.496E+01 2.667E-01 7.659E-02 -1.58E-01
1.413E+01 2.833E-01 9.803E-02 -1.57E-01
1.334E+01 3.025E-01 1.254E-01 -1.55E-01
1.259E+01 3.248E-01 1.604E-01 -1.52E-01
1.189E+01 3.494E-01 2.052E-01 -1.48E-01
1.122E+01 3.779E-01 2.599E-01 -1.44E-01
1.059E+01 4.078E-01 3.308E-01 -1.37E-01
1.000E+01 4.420E-01 4.176E-01 -1.28E-01
9.441E+00 4.794E-01 5.233E-01 -1.18E-01
8.913E+00 5.198E-01 6.490E-01 -1.06E-01
8.414E+00 5.619E-01 7.938E-01 -9.13E-02
7.943E+00 6.034E-01 9.540E-01 -7.41E-02
7.499E+00 6.400E-01 1.123E+00 -5.40E-02
7.079E+00 6.694E-01 1.293E+00 -3.00E-02
6.683E+00 6.899E-01 1.455E+00 -1.01E-03
6.310E+00 6.984E-01 1.601E+00  3.37E-02
5.957E+00 7.042E-01 1.734E+00  7.85E-02
5.623E+00 7.042E-01 1.863E+00  1.35E-01
5.309E+00 7.068E-01 2.019E+00  2.05E-01
5.012E+00 7.168E-01 2.250E+00  2.82E-01
4.732E+00 7.277E-01 2.555E+00  3.36E-01
4.467E+00 7.209E-01 2.715E+00  3.43E-01
4.217E+00 7.051E-01 2.642E+00  3.37E-01
3.981E+00 7.014E-01 2.519E+00  3.49E-01
3.758E+00 7.128E-01 2.452E+00  3.75E-01
3.548E+00 7.416E-01 2.488E+00  4.08E-01
3.350E+00 8.043E-01 2.752E+00  4.51E-01
3.162E+00 8.144E-01 2.945E+00  4.92E-01
2.985E+00 7.683E-01 2.646E+00  4.76E-01
2.818E+00 7.476E-01 2.423E+00  4.44E-01
2.661E+00 7.645E-01 2.246E+00  4.20E-01
2.512E+00 8.833E-01 2.311E+00  4.33E-01
2.371E+00 8.084E-01 1.969E+00  4.80E-01
2.239E+00 8.181E-01 1.888E+00  4.53E-01
2.113E+00 8.368E-01 1.737E+00  4.31E-01
1.995E+00 8.397E-01 1.613E+00  4.85E-01
1.884E+00 8.466E-01 1.581E+00  5.07E-01
1.778E+00 8.871E-01 1.664E+00  5.60E-01
1.679E+00 8.275E-01 1.678E+00  6.01E-01
1.585E+00 9.307E-01 1.812E+00  6.30E-01
1.496E+00 8.868E-01 1.897E+00  6.87E-01
1.413E+00 8.813E-01 1.868E+00  6.71E-01
1.334E+00 9.053E-01 1.893E+00  6.99E-01
1.259E+00 9.092E-01 1.725E+00  6.72E-01
1.189E+00 9.177E-01 1.657E+00  6.72E-01
1.122E+00 9.529E-01 1.525E+00  6.66E-01
1.059E+00 9.498E-01 1.521E+00  6.80E-01
1.000E+00 9.738E-01 1.549E+00  7.12E-01
9.441E-01 9.819E-01 1.577E+00  7.34E-01
8.913E-01 9.906E-01 1.560E+00  7.45E-01
8.414E-01 9.885E-01 1.503E+00  7.48E-01
7.943E-01 9.872E-01 1.465E+00  7.48E-01
7.499E-01 9.870E-01 1.464E+00  7.56E-01
7.079E-01 9.845E-01 1.468E+00  7.64E-01
6.683E-01 9.795E-01 1.456E+00  7.69E-01
6.310E-01 9.724E-01 1.443E+00  7.72E-01
5.957E-01 9.644E-01 1.439E+00  7.75E-01
5.623E-01 9.561E-01 1.435E+00  7.77E-01
5.309E-01 9.473E-01 1.431E+00  7.79E-01
5.012E-01 9.381E-01 1.428E+00  7.81E-01
4.732E-01 9.287E-01 1.426E+00  7.82E-01
4.467E-01 9.194E-01 1.425E+00  7.82E-01
4.217E-01 9.105E-01 1.425E+00  7.83E-01
3.981E-01 9.017E-01 1.425E+00  7.83E-01
3.758E-01 8.928E-01 1.425E+00  7.83E-01
3.548E-01 8.818E-01 1.428E+00  7.82E-01
3.350E-01 8.676E-01 1.435E+00  7.79E-01
3.162E-01 8.497E-01 1.449E+00  7.73E-01
2.985E-01 8.297E-01 1.467E+00  7.66E-01
2.818E-01 8.042E-01 1.496E+00  7.57E-01
2.661E-01 7.777E-01 1.531E+00  7.48E-01
2.512E-01 7.556E-01 1.558E+00  7.43E-01
2.371E-01 7.380E-01 1.561E+00  7.44E-01
2.239E-01 7.367E-01 1.528E+00  7.56E-01
2.113E-01 7.540E-01 1.474E+00  7.78E-01
1.995E-01 7.915E-01 1.408E+00  8.10E-01
1.884E-01 8.423E-01 1.332E+00  8.51E-01
1.778E-01 9.016E-01 1.250E+00  8.95E-01
1.679E-01 9.538E-01 1.182E+00  9.27E-01
1.585E-01 9.849E-01 1.150E+00  9.39E-01
1.496E-01 9.906E-01 1.153E+00  9.37E-01
1.413E-01 9.768E-01 1.171E+00  9.26E-01
1.334E-01 9.532E-01 1.193E+00  9.12E-01
1.259E-01 9.233E-01 1.219E+00  8.92E-01
1.189E-01 8.884E-01 1.252E+00  8.68E-01
1.122E-01 8.395E-01 1.301E+00  8.33E-01
1.059E-01 7.858E-01 1.362E+00  8.01E-01
1.000E-01 7.581E-01 1.389E+00  7.89E-01
9.441E-02 7.301E-01 1.412E+00  7.82E-01
8.913E-02 7.331E-01 1.399E+00  7.92E-01
8.414E-02 7.093E-01 1.419E+00  7.83E-01
7.943E-02 6.840E-01 1.437E+00  7.75E-01
7.499E-02 6.614E-01 1.450E+00  7.71E-01
7.079E-02 6.416E-01 1.460E+00  7.70E-01
6.683E-02 6.415E-01 1.449E+00  7.79E-01
6.310E-02 6.734E-01 1.409E+00  8.03E-01
5.957E-02 6.873E-01 1.389E+00  8.15E-01
5.623E-02 6.851E-01 1.386E+00  8.21E-01
5.309E-02 6.970E-01 1.368E+00  8.37E-01
5.012E-02 7.146E-01 1.345E+00  8.55E-01
4.732E-02 7.296E-01 1.325E+00  8.71E-01
4.467E-02 7.481E-01 1.302E+00  8.90E-01
4.217E-02 7.719E-01 1.273E+00  9.10E-01
3.981E-02 8.108E-01 1.230E+00  9.31E-01
3.758E-02 8.438E-01 1.194E+00  9.46E-01
3.548E-02 8.443E-01 1.192E+00  9.47E-01
3.350E-02 8.458E-01 1.188E+00  9.50E-01
3.162E-02 8.502E-01 1.181E+00  9.55E-01
2.985E-02 8.556E-01 1.173E+00  9.60E-01
2.818E-02 8.615E-01 1.165E+00  9.64E-01
2.661E-02 8.676E-01 1.156E+00  9.68E-01
2.512E-02 8.739E-01 1.148E+00  9.72E-01
2.371E-02 8.802E-01 1.139E+00  9.76E-01
2.239E-02 8.864E-01 1.131E+00  9.79E-01
2.113E-02 8.925E-01 1.123E+00  9.82E-01
1.995E-02 8.985E-01 1.115E+00  9.84E-01
1.884E-02 9.042E-01 1.108E+00  9.87E-01
1.778E-02 9.097E-01 1.101E+00  9.89E-01
1.679E-02 9.148E-01 1.094E+00  9.90E-01
1.585E-02 9.196E-01 1.087E+00  9.92E-01
1.496E-02 9.240E-01 1.081E+00  9.93E-01
1.413E-02 9.279E-01 1.076E+00  9.94E-01
1.334E-02 9.312E-01 1.073E+00  9.95E-01
1.259E-02 9.337E-01 1.070E+00  9.96E-01
1.189E-02 9.352E-01 1.069E+00  9.97E-01
1.122E-02 9.355E-01 1.065E+00  9.97E-01
1.059E-02 9.342E-01 1.061E+00  9.98E-01
1.000E-02 9.309E-01 1.062E+00  9.98E-01
9.441E-03 9.253E-01 1.065E+00  9.98E-01
8.913E-03 9.165E-01 1.065E+00  9.99E-01
8.414E-03 9.043E-01 1.067E+00  9.99E-01
7.943E-03 8.881E-01 1.094E+00  9.99E-01
7.499E-03 8.672E-01 1.142E+00  9.99E-01
7.079E-03 8.421E-01 1.167E+00  9.99E-01
6.683E-03 8.122E-01 1.152E+00  1.00E+00
6.310E-03 7.776E-01 1.161E+00  1.00E+00
5.957E-03 7.400E-01 1.259E+00  9.99E-01
5.623E-03 6.973E-01 1.302E+00  9.99E-01
5.309E-03 6.526E-01 1.346E+00  9.99E-01
5.012E-03 6.068E-01 1.390E+00  9.99E-01
4.732E-03 5.612E-01 1.418E+00  1.00E+00
4.467E-03 5.169E-01 1.460E+00  1.00E+00
4.217E-03 9.954E-01 1.004E+00  1.00E+00
3.981E-03 9.926E-01 1.007E+00  1.00E+00
3.758E-03 9.908E-01 1.009E+00  1.00E+00
3.548E-03 9.888E-01 1.011E+00  1.00E+00
3.350E-03 9.864E-01 1.013E+00  1.00E+00
3.162E-03 9.836E-01 1.016E+00  1.00E+00
2.985E-03 9.801E-01 1.019E+00  1.00E+00
2.818E-03 9.753E-01 1.024E+00  1.00E+00
2.661E-03 9.689E-01 1.030E+00  1.00E+00
2.512E-03 9.603E-01 1.039E+00  1.00E+00
2.371E-03 9.489E-01 1.050E+00  1.00E+00
2.239E-03 9.339E-01 1.064E+00  1.00E+00
2.113E-03 9.140E-01 1.084E+00  1.00E+00
1.995E-03 8.892E-01 1.108E+00  1.00E+00
1.884E-03 8.586E-01 1.138E+00  1.00E+00
1.778E-03 8.218E-01 1.173E+00  1.00E+00
1.679E-03 7.796E-01 1.214E+00  1.00E+00
1.585E-03 7.325E-01 1.260E+00  1.00E+00
1.496E-03 6.816E-01 1.309E+00  1.00E+00
1.413E-03 6.281E-01 1.359E+00  1.00E+00
1.334E-03 5.733E-01 1.411E+00  1.00E+00
1.259E-03 5.191E-01 1.461E+00  1.00E+00
1.189E-03 4.667E-01 1.507E+00  1.00E+00
1.122E-03 4.145E-01 1.552E+00  1.00E+00
1.059E-03 3.661E-01 1.592E+00  1.00E+00
1.000E-03 3.219E-01 1.624E+00  1.00E+00
