1.000E+03 4.737E-07 1.039E-19  0.00E+00
9.441E+02 5.247E-07 1.308E-19  0.00E+00
8.913E+02 5.815E-07 1.647E-19  0.00E+00
8.414E+02 6.448E-07 2.073E-19  0.00E+00
7.943E+02 7.155E-07 2.609E-19  0.00E+00
7.499E+02 7.945E-07 3.284E-19  0.00E+00
7.079E+02 8.827E-07 4.134E-19  0.00E+00
6.683E+02 9.814E-07 5.203E-19  0.00E+00
6.310E+02 1.092E-06 6.550E-19  0.00E+00
5.957E+02 1.215E-06 8.244E-19  0.00E+00
5.623E+02 1.354E-06 1.038E-18  0.00E+00
5.309E+02 1.509E-06 1.306E-18  0.00E+00
5.012E+02 1.683E-06 1.644E-18  0.00E+00
4.732E+02 1.877E-06 2.070E-18  0.00E+00
4.467E+02 2.095E-06 2.605E-18  0.00E+00
4.217E+02 2.340E-06 3.279E-18  0.00E+00
3.981E+02 2.614E-06 4.127E-18  0.00E+00
3.758E+02 2.921E-06 5.195E-18  0.00E+00
3.548E+02 3.265E-06 6.539E-18  0.00E+00
3.350E+02 3.651E-06 8.230E-18  0.00E+00
3.162E+02 4.084E-06 1.036E-17  0.00E+00
2.985E+02 4.570E-06 1.304E-17  0.00E+00
2.818E+02 5.114E-06 1.641E-17  0.00E+00
2.661E+02 5.724E-06 2.065E-17  0.00E+00
2.512E+02 6.407E-06 2.598E-17  0.00E+00
2.371E+02 7.173E-06 3.270E-17  0.00E+00
2.239E+02 8.032E-06 4.115E-17  0.00E+00
2.113E+02 8.993E-06 5.177E-17  0.00E+00
1.995E+02 1.007E-05 6.514E-17  0.00E+00
1.884E+02 1.128E-05 8.195E-17  0.00E+00
1.778E+02 1.263E-05 1.031E-16  0.00E+00
1.679E+02 1.414E-05 1.297E-16  0.00E+00
1.585E+02 1.584E-05 1.631E-16  0.00E+00
1.496E+02 1.773E-05 2.051E-16  0.00E+00
1.413E+02 1.985E-05 2.579E-16  0.00E+00
1.334E+02 2.223E-05 3.242E-16  0.00E+00
1.259E+02 2.488E-05 4.076E-16  0.00E+00
1.189E+02 2.785E-05 5.122E-16  0.00E+00
1.122E+02 3.115E-05 6.435E-16  0.00E+00
1.059E+02 3.484E-05 8.083E-16  0.00E+00
1.000E+02 3.895E-05 1.015E-15  0.00E+00
9.441E+01 4.349E-05 1.274E-15  0.00E+00
8.913E+01 4.851E-05 1.598E-15  0.00E+00
8.414E+01 5.403E-05 2.004E-15  0.00E+00
7.943E+01 6.011E-05 2.511E-15  0.00E+00
7.499E+01 6.676E-05 3.145E-15  0.00E+00
7.079E+01 7.398E-05 3.936E-15  0.00E+00
6.683E+01 8.178E-05 4.923E-15  0.00E+00
6.310E+01 9.015E-05 6.151E-15  0.00E+00
5.957E+01 9.905E-05 7.679E-15  0.00E+00
5.623E+01 1.084E-04 9.578E-15  0.00E+00
5.309E+01 1.181E-04 1.193E-14  0.00E+00
5.012E+01 1.280E-04 1.485E-14  0.00E+00
4.732E+01 1.379E-04 1.847E-14  0.00E+00
4.467E+01 1.475E-04 2.294E-14  0.00E+00
4.217E+01 1.567E-04 2.847E-14  0.00E+00
3.981E+01 1.650E-04 3.531E-14  0.00E+00
3.758E+01 1.721E-04 4.378E-14  0.00E+00
3.548E+01 1.779E-04 5.428E-14  0.00E+00
3.350E+01 1.820E-04 6.731E-14  0.00E+00
3.162E+01 1.844E-04 8.354E-14  0.00E+00
2.985E+01 1.851E-04 1.038E-13  0.00E+00
2.818E+01 1.844E-04 1.291E-13  0.00E+00
2.661E+01 1.823E-04 1.609E-13  0.00E+00
2.512E+01 1.793E-04 2.007E-13  0.00E+00
2.371E+01 1.754E-04 2.508E-13  0.00E+00
2.239E+01 1.708E-04 3.139E-13  0.00E+00
2.113E+01 1.664E-04 3.935E-13  0.00E+00
1.995E+01 1.622E-04 4.938E-13  0.00E+00
1.884E+01 1.583E-04 6.201E-13  0.00E+00
1.778E+01 1.549E-04 7.797E-13  0.00E+00
1.679E+01 1.524E-04 9.809E-13  0.00E+00
1.585E+01 1.510E-04 1.235E-12  0.00E+00
1.496E+01 1.508E-04 1.555E-12  0.00E+00
1.413E+01 1.521E-04 1.959E-12  0.00E+00
1.334E+01 1.551E-04 2.468E-12  3.47E-07
1.259E+01 1.595E-04 3.109E-12  4.43E-07
1.189E+01 1.644E-04 3.921E-12  5.54E-07
1.122E+01 1.747E-04 4.910E-12  6.61E-07
1.059E+01 1.821E-04 6.202E-12  7.76E-07
1.000E+01 1.934E-04 7.807E-12  9.00E-07
9.441E+00 2.066E-04 9.831E-12  1.03E-06
8.913E+00 2.223E-04 1.237E-11  1.17E-06
8.414E+00 2.405E-04 1.557E-11  1.34E-06
7.943E+00 2.610E-04 1.958E-11  1.53E-06
7.499E+00 2.832E-04 2.463E-11  1.75E-06
7.079E+00 3.086E-04 3.097E-11  1.97E-06
6.683E+00 3.369E-04 3.894E-11  2.22E-06
6.310E+00 3.633E-04 4.893E-11  2.56E-06
5.957E+00 4.036E-04 6.151E-11  2.78E-06
5.623E+00 4.424E-04 7.728E-11  3.11E-06
5.309E+00 4.854E-04 9.707E-11  3.47E-06
5.012E+00 5.322E-04 1.219E-10  3.88E-06
4.732E+00 5.822E-04 1.530E-10  4.34E-06
4.467E+00 6.372E-04 1.921E-10  4.84E-06
4.217E+00 6.976E-04 2.411E-10  5.39E-06
3.981E+00 7.638E-04 3.025E-10  6.00E-06
3.758E+00 8.359E-04 3.795E-10  6.66E-06
3.548E+00 9.150E-04 4.762E-10  7.38E-06
3.350E+00 1.003E-03 5.974E-10  8.16E-06
3.162E+00 1.095E-03 7.491E-10  9.04E-06
2.985E+00 1.201E-03 9.395E-10  1.00E-05
2.818E+00 1.315E-03 1.178E-09  1.11E-05
2.661E+00 1.438E-03 1.477E-09  1.22E-05
2.512E+00 1.571E-03 1.850E-09  1.36E-05
2.371E+00 1.715E-03 2.318E-09  1.50E-05
2.239E+00 1.874E-03 2.905E-09  1.66E-05
2.113E+00 2.048E-03 3.641E-09  1.83E-05
1.995E+00 2.235E-03 4.561E-09  2.02E-05
1.884E+00 2.441E-03 5.714E-09  2.23E-05
1.778E+00 2.668E-03 7.160E-09  2.46E-05
1.679E+00 2.917E-03 8.968E-09  2.71E-05
1.585E+00 3.184E-03 1.123E-08  2.99E-05
1.496E+00 3.475E-03 1.407E-08  3.30E-05
1.413E+00 3.800E-03 1.763E-08  3.63E-05
1.334E+00 4.162E-03 2.209E-08  3.99E-05
1.259E+00 4.556E-03 2.765E-08  4.39E-05
1.189E+00 4.983E-03 3.464E-08  4.83E-05
1.122E+00 5.457E-03 4.339E-08  5.32E-05
1.059E+00 5.988E-03 5.433E-08  5.84E-05
1.000E+00 6.575E-03 6.801E-08  6.42E-05
9.441E-01 7.217E-03 8.509E-08  7.06E-05
8.913E-01 7.917E-03 1.064E-07  7.79E-05
8.414E-01 8.673E-03 1.330E-07  8.60E-05
7.943E-01 9.491E-03 1.662E-07  9.52E-05
7.499E-01 1.037E-02 2.076E-07  1.06E-04
7.079E-01 1.131E-02 2.594E-07  1.17E-04
6.683E-01 1.232E-02 3.242E-07  1.31E-04
6.310E-01 1.339E-02 4.055E-07  1.46E-04
5.957E-01 1.456E-02 5.080E-07  1.63E-04
5.623E-01 1.586E-02 6.373E-07  1.82E-04
5.309E-01 1.730E-02 8.017E-07  2.03E-04
5.012E-01 1.894E-02 1.011E-06  2.26E-04
4.732E-01 2.083E-02 1.278E-06  2.51E-04
4.467E-01 2.311E-02 1.619E-06  2.77E-04
4.217E-01 2.584E-02 2.053E-06  3.03E-04
3.981E-01 2.881E-02 2.605E-06  3.31E-04
3.758E-01 3.190E-02 3.308E-06  3.59E-04
3.548E-01 3.515E-02 4.234E-06  3.88E-04
3.350E-01 3.906E-02 5.490E-06  4.13E-04
3.162E-01 4.436E-02 7.239E-06  4.16E-04
2.985E-01 5.133E-02 9.669E-06  3.78E-04
2.818E-01 6.007E-02 1.325E-05  2.73E-04
2.661E-01 7.266E-02 1.889E-05  1.16E-04
2.512E-01 9.366E-02 2.860E-05  3.08E-05
2.371E-01 1.364E-01 4.677E-05  6.35E-05
2.239E-01 2.114E-01 7.276E-05  1.77E-04
2.113E-01 2.692E-01 8.311E-05  3.39E-04
1.995E-01 2.240E-01 5.922E-05  5.32E-04
1.884E-01 1.547E-01 3.451E-05  7.54E-04
1.778E-01 1.075E-01 2.134E-05  1.02E-03
1.679E-01 7.901E-02 1.656E-05  1.32E-03
1.585E-01 6.084E-02 1.790E-05  1.63E-03
1.496E-01 4.883E-02 2.511E-05  1.96E-03
1.413E-01 4.262E-02 3.989E-05  2.32E-03
1.334E-01 4.231E-02 6.503E-05  2.73E-03
1.259E-01 4.820E-02 1.077E-04  3.28E-03
1.189E-01 6.293E-02 1.772E-04  3.96E-03
1.122E-01 8.494E-02 3.017E-04  4.41E-03
1.059E-01 1.490E-01 5.383E-04  3.11E-03
1.000E-01 2.389E-01 8.060E-04  3.03E-03
9.441E-02 3.621E-01 1.215E-03  2.69E-03
8.913E-02 4.324E-01 1.439E-03  2.98E-03
8.414E-02 4.978E-01 2.004E-03  2.74E-03
7.943E-02 6.420E-01 3.081E-03  2.71E-03
7.499E-02 8.077E-01 4.236E-03  3.29E-03
7.079E-02 8.489E-01 4.850E-03  4.08E-03
6.683E-02 7.134E-01 4.368E-03  5.07E-03
6.310E-02 5.679E-01 3.562E-03  6.13E-03
5.957E-02 4.894E-01 3.299E-03  7.20E-03
5.623E-02 4.109E-01 3.041E-03  8.38E-03
5.309E-02 3.302E-01 2.641E-03  9.67E-03
5.012E-02 2.749E-01 2.349E-03  1.11E-02
4.732E-02 2.302E-01 2.127E-03  1.27E-02
4.467E-02 1.931E-01 1.898E-03  1.45E-02
4.217E-02 1.612E-01 1.631E-03  1.65E-02
3.981E-02 1.506E-01 1.440E-03  1.88E-02
3.758E-02 1.537E-01 1.398E-03  2.13E-02
3.548E-02 1.583E-01 1.678E-03  2.40E-02
3.350E-02 1.426E-01 1.741E-03  2.71E-02
3.162E-02 1.281E-01 1.765E-03  3.06E-02
2.985E-02 1.147E-01 1.772E-03  3.45E-02
2.818E-02 1.024E-01 1.766E-03  3.90E-02
2.661E-02 9.144E-02 1.756E-03  4.40E-02
2.512E-02 8.147E-02 1.738E-03  4.97E-02
2.371E-02 7.251E-02 1.715E-03  5.60E-02
2.239E-02 6.448E-02 1.689E-03  6.32E-02
2.113E-02 5.732E-02 1.658E-03  7.13E-02
1.995E-02 5.092E-02 1.624E-03  8.04E-02
1.884E-02 4.511E-02 1.583E-03  9.06E-02
1.778E-02 3.997E-02 1.538E-03  1.02E-01
1.679E-02 3.538E-02 1.490E-03  1.15E-01
1.585E-02 3.130E-02 1.438E-03  1.30E-01
1.496E-02 2.766E-02 1.381E-03  1.46E-01
1.413E-02 2.442E-02 1.321E-03  1.65E-01
1.334E-02 2.155E-02 1.256E-03  1.85E-01
1.259E-02 1.901E-02 1.189E-03  2.09E-01
1.189E-02 1.678E-02 1.121E-03  2.35E-01
1.122E-02 1.473E-02 1.046E-03  2.64E-01
1.059E-02 1.295E-02 9.700E-04  2.96E-01
1.000E-02 1.138E-02 8.941E-04  3.31E-01
9.441E-03 9.993E-03 8.179E-04  3.70E-01
8.913E-03 8.761E-03 7.419E-04  4.12E-01
8.414E-03 7.678E-03 6.673E-04  4.57E-01
7.943E-03 6.723E-03 5.951E-04  5.04E-01
7.499E-03 5.876E-03 5.256E-04  5.52E-01
7.079E-03 5.142E-03 4.607E-04  6.00E-01
6.683E-03 4.493E-03 3.995E-04  6.45E-01
6.310E-03 3.920E-03 3.418E-04  6.85E-01
5.957E-03 3.425E-03 2.882E-04  7.19E-01
5.623E-03 2.977E-03 2.347E-04  7.47E-01
5.309E-03 2.590E-03 1.822E-04  7.67E-01
5.012E-03 2.255E-03 1.369E-04  7.82E-01
4.732E-03 1.963E-03 5.292E-05  7.94E-01
4.467E-03 1.708E-03 5.154E-05  8.06E-01
4.217E-03 3.428E-02 3.065E-04  8.22E-01
3.981E-03 3.075E-02 3.848E-04  8.38E-01
3.758E-03 2.744E-02 3.771E-04  8.56E-01
3.548E-03 2.436E-02 3.701E-04  8.72E-01
3.350E-03 2.154E-02 3.555E-04  8.85E-01
3.162E-03 1.897E-02 3.361E-04  8.94E-01
2.985E-03 1.670E-02 3.151E-04  9.01E-01
2.818E-03 1.457E-02 2.927E-04  9.08E-01
2.661E-03 1.265E-02 2.688E-04  9.18E-01
2.512E-03 1.097E-02 2.445E-04  9.27E-01
2.371E-03 9.506E-03 2.217E-04  9.34E-01
2.239E-03 8.220E-03 2.005E-04  9.38E-01
2.113E-03 7.078E-03 1.805E-04  9.43E-01
1.995E-03 6.093E-03 1.621E-04  9.49E-01
1.884E-03 5.233E-03 1.452E-04  9.54E-01
1.778E-03 4.482E-03 1.298E-04  9.58E-01
1.679E-03 3.835E-03 1.157E-04  9.62E-01
1.585E-03 3.276E-03 1.030E-04  9.66E-01
1.496E-03 2.796E-03 9.166E-05  9.69E-01
1.413E-03 2.382E-03 8.148E-05  9.71E-01
1.334E-03 2.027E-03 7.238E-05  9.74E-01
1.259E-03 1.726E-03 6.426E-05  9.76E-01
1.189E-03 1.470E-03 5.712E-05  9.79E-01
1.122E-03 1.243E-03 5.060E-05  9.81E-01
1.059E-03 1.052E-03 4.483E-05  9.82E-01
1.000E-03 8.921E-04 3.974E-05  9.84E-01
