1.000E+03 2.149E-06 1.043E-16  0.00E+00
9.441E+02 2.410E-06 1.314E-16  0.00E+00
8.913E+02 2.701E-06 1.654E-16  0.00E+00
8.414E+02 3.028E-06 2.082E-16  0.00E+00
7.943E+02 3.394E-06 2.620E-16  0.00E+00
7.499E+02 3.803E-06 3.299E-16  0.00E+00
7.079E+02 4.262E-06 4.152E-16  0.00E+00
6.683E+02 4.775E-06 5.227E-16  0.00E+00
6.310E+02 5.349E-06 6.580E-16  0.00E+00
5.957E+02 5.991E-06 8.282E-16  0.00E+00
5.623E+02 6.709E-06 1.043E-15  0.00E+00
5.309E+02 7.512E-06 1.312E-15  0.00E+00
5.012E+02 8.410E-06 1.652E-15  0.00E+00
4.732E+02 9.413E-06 2.079E-15  0.00E+00
4.467E+02 1.053E-05 2.617E-15  0.00E+00
4.217E+02 1.179E-05 3.294E-15  0.00E+00
3.981E+02 1.318E-05 4.146E-15  0.00E+00
3.758E+02 1.475E-05 5.218E-15  0.00E+00
3.548E+02 1.649E-05 6.568E-15  0.00E+00
3.350E+02 1.844E-05 8.266E-15  0.00E+00
3.162E+02 2.061E-05 1.040E-14  0.00E+00
2.985E+02 2.304E-05 1.309E-14  0.00E+00
2.818E+02 2.575E-05 1.648E-14  0.00E+00
2.661E+02 2.878E-05 2.074E-14  0.00E+00
2.512E+02 3.216E-05 2.610E-14  0.00E+00
2.371E+02 3.594E-05 3.285E-14  0.00E+00
2.239E+02 4.017E-05 4.134E-14  0.00E+00
2.113E+02 4.489E-05 5.202E-14  0.00E+00
1.995E+02 5.019E-05 6.546E-14  0.00E+00
1.884E+02 5.612E-05 8.238E-14  0.00E+00
1.778E+02 6.276E-05 1.037E-13  0.00E+00
1.679E+02 7.022E-05 1.305E-13  0.00E+00
1.585E+02 7.860E-05 1.642E-13  0.00E+00
1.496E+02 8.802E-05 2.066E-13  0.00E+00
1.413E+02 9.862E-05 2.600E-13  0.00E+00
1.334E+02 1.106E-04 3.271E-13  0.00E+00
1.259E+02 1.241E-04 4.116E-13  0.00E+00
1.189E+02 1.393E-04 5.178E-13  0.00E+00
1.122E+02 1.565E-04 6.514E-13  0.00E+00
1.059E+02 1.760E-04 8.193E-13  0.00E+00
1.000E+02 1.979E-04 1.030E-12  0.00E+00
9.441E+01 2.227E-04 1.295E-12  0.00E+00
8.913E+01 2.504E-04 1.628E-12  0.00E+00
8.414E+01 2.816E-04 2.045E-12  0.00E+00
7.943E+01 3.166E-04 2.568E-12  0.00E+00
7.499E+01 3.558E-04 3.223E-12  1.65E-05
7.079E+01 3.995E-04 4.043E-12  1.62E-05
6.683E+01 4.481E-04 5.068E-12  1.54E-05
6.310E+01 5.017E-04 6.348E-12  1.40E-05
5.957E+01 5.606E-04 7.942E-12  1.19E-05
5.623E+01 6.246E-04 9.926E-12  9.22E-06
5.309E+01 6.934E-04 1.239E-11  5.93E-06
5.012E+01 7.662E-04 1.544E-11  2.11E-06
4.732E+01 8.418E-04 1.920E-11 -1.74E-06
4.467E+01 9.181E-04 2.384E-11 -5.06E-06
4.217E+01 9.925E-04 2.955E-11 -7.48E-06
3.981E+01 1.062E-03 3.655E-11 -9.48E-06
3.758E+01 1.122E-03 4.515E-11 -1.14E-05
3.548E+01 1.170E-03 5.571E-11 -1.31E-05
3.350E+01 1.203E-03 6.872E-11 -1.46E-05
3.162E+01 1.218E-03 8.481E-11 -1.57E-05
2.985E+01 1.216E-03 1.048E-10 -1.64E-05
2.818E+01 1.200E-03 1.297E-10 -1.67E-05
2.661E+01 1.170E-03 1.610E-10 -1.65E-05
2.512E+01 1.131E-03 2.003E-10 -1.58E-05
2.371E+01 1.086E-03 2.498E-10 -1.42E-05
2.239E+01 1.038E-03 3.124E-10 -1.32E-05
2.113E+01 9.925E-04 3.915E-10 -1.20E-05
1.995E+01 9.511E-04 4.914E-10 -1.01E-05
1.884E+01 9.144E-04 6.174E-10 -7.80E-06
1.778E+01 8.839E-04 7.768E-10 -5.82E-06
1.679E+01 8.617E-04 9.781E-10 -3.75E-06
1.585E+01 8.481E-04 1.232E-09 -1.55E-06
1.496E+01 8.434E-04 1.553E-09  6.11E-07
1.413E+01 8.493E-04 1.957E-09  2.94E-06
1.334E+01 8.659E-04 2.467E-09  5.61E-06
1.259E+01 8.922E-04 3.109E-09  8.83E-06
1.189E+01 9.227E-04 3.922E-09  1.25E-05
1.122E+01 9.820E-04 4.913E-09  1.61E-05
1.059E+01 1.027E-03 6.206E-09  1.99E-05
1.000E+01 1.094E-03 7.812E-09  2.41E-05
9.441E+00 1.171E-03 9.838E-09  2.84E-05
8.913E+00 1.263E-03 1.238E-08  3.31E-05
8.414E+00 1.369E-03 1.558E-08  3.85E-05
7.943E+00 1.488E-03 1.960E-08  4.48E-05
7.499E+00 1.616E-03 2.464E-08  5.19E-05
7.079E+00 1.761E-03 3.099E-08  5.92E-05
6.683E+00 1.923E-03 3.896E-08  6.72E-05
6.310E+00 2.073E-03 4.895E-08  7.82E-05
5.957E+00 2.303E-03 6.153E-08  8.52E-05
5.623E+00 2.523E-03 7.730E-08  9.58E-05
5.309E+00 2.767E-03 9.709E-08  1.07E-04
5.012E+00 3.032E-03 1.219E-07  1.21E-04
4.732E+00 3.315E-03 1.530E-07  1.35E-04
4.467E+00 3.627E-03 1.921E-07  1.51E-04
4.217E+00 3.969E-03 2.411E-07  1.69E-04
3.981E+00 4.343E-03 3.025E-07  1.88E-04
3.758E+00 4.752E-03 3.796E-07  2.09E-04
3.548E+00 5.200E-03 4.763E-07  2.32E-04
3.350E+00 5.696E-03 5.975E-07  2.56E-04
3.162E+00 6.223E-03 7.494E-07  2.84E-04
2.985E+00 6.822E-03 9.399E-07  3.15E-04
2.818E+00 7.466E-03 1.179E-06  3.48E-04
2.661E+00 8.168E-03 1.477E-06  3.85E-04
2.512E+00 8.923E-03 1.851E-06  4.27E-04
2.371E+00 9.746E-03 2.320E-06  4.73E-04
2.239E+00 1.065E-02 2.908E-06  5.22E-04
2.113E+00 1.164E-02 3.645E-06  5.76E-04
1.995E+00 1.271E-02 4.567E-06  6.37E-04
1.884E+00 1.389E-02 5.723E-06  7.02E-04
1.778E+00 1.519E-02 7.172E-06  7.74E-04
1.679E+00 1.662E-02 8.985E-06  8.53E-04
1.585E+00 1.815E-02 1.125E-05  9.42E-04
1.496E+00 1.982E-02 1.410E-05  1.04E-03
1.413E+00 2.170E-02 1.768E-05  1.14E-03
1.334E+00 2.378E-02 2.215E-05  1.25E-03
1.259E+00 2.606E-02 2.775E-05  1.38E-03
1.189E+00 2.854E-02 3.478E-05  1.52E-03
1.122E+00 3.129E-02 4.358E-05  1.67E-03
1.059E+00 3.438E-02 5.460E-05  1.83E-03
1.000E+00 3.780E-02 6.838E-05  2.01E-03
9.441E-01 4.155E-02 8.562E-05  2.22E-03
8.913E-01 4.564E-02 1.071E-04  2.44E-03
8.414E-01 5.009E-02 1.340E-04  2.70E-03
7.943E-01 5.492E-02 1.676E-04  2.98E-03
7.499E-01 6.014E-02 2.096E-04  3.31E-03
7.079E-01 6.575E-02 2.621E-04  3.67E-03
6.683E-01 7.179E-02 3.279E-04  4.09E-03
6.310E-01 7.824E-02 4.107E-04  4.56E-03
5.957E-01 8.536E-02 5.152E-04  5.09E-03
5.623E-01 9.334E-02 6.474E-04  5.67E-03
5.309E-01 1.023E-01 8.158E-04  6.32E-03
5.012E-01 1.125E-01 1.031E-03  7.03E-03
4.732E-01 1.244E-01 1.306E-03  7.79E-03
4.467E-01 1.389E-01 1.659E-03  8.59E-03
4.217E-01 1.562E-01 2.109E-03  9.38E-03
3.981E-01 1.754E-01 2.684E-03  1.02E-02
3.758E-01 1.957E-01 3.422E-03  1.10E-02
3.548E-01 2.176E-01 4.398E-03  1.18E-02
3.350E-01 2.446E-01 5.733E-03  1.24E-02
3.162E-01 2.809E-01 7.607E-03  1.23E-02
2.985E-01 3.282E-01 1.024E-02  1.08E-02
2.818E-01 3.868E-01 1.419E-02  7.44E-03
2.661E-01 4.687E-01 2.054E-02  3.10E-03
2.512E-01 6.065E-01 3.168E-02  1.28E-03
2.371E-01 8.880E-01 5.240E-02  2.73E-03
2.239E-01 1.319E+00 7.775E-02  6.41E-03
2.113E-01 1.474E+00 7.719E-02  1.18E-02
1.995E-01 1.138E+00 5.065E-02  1.83E-02
1.884E-01 7.911E-01 2.979E-02  2.54E-02
1.778E-01 5.723E-01 1.943E-02  3.37E-02
1.679E-01 4.401E-01 1.594E-02  4.28E-02
1.585E-01 3.541E-01 1.793E-02  5.21E-02
1.496E-01 2.992E-01 2.587E-02  6.25E-02
1.413E-01 2.795E-01 4.198E-02  7.39E-02
1.334E-01 3.001E-01 6.996E-02  8.75E-02
1.259E-01 3.775E-01 1.196E-01  1.07E-01
1.189E-01 5.627E-01 2.032E-01  1.28E-01
1.122E-01 8.612E-01 3.543E-01  1.17E-01
1.059E-01 1.297E+00 5.699E-01  1.01E-01
1.000E-01 1.704E+00 7.140E-01  1.01E-01
9.441E-02 1.924E+00 8.195E-01  1.03E-01
8.913E-02 1.918E+00 7.996E-01  1.20E-01
8.414E-02 1.914E+00 9.199E-01  1.27E-01
7.943E-02 1.895E+00 9.784E-01  1.51E-01
7.499E-02 1.834E+00 9.357E-01  1.93E-01
7.079E-02 1.666E+00 8.576E-01  2.35E-01
6.683E-02 1.395E+00 7.249E-01  2.67E-01
6.310E-02 1.201E+00 6.038E-01  2.96E-01
5.957E-02 1.093E+00 5.589E-01  3.25E-01
5.623E-02 9.622E-01 5.245E-01  3.53E-01
5.309E-02 8.312E-01 4.689E-01  3.82E-01
5.012E-02 7.402E-01 4.237E-01  4.15E-01
4.732E-02 6.590E-01 3.862E-01  4.49E-01
4.467E-02 5.878E-01 3.458E-01  4.86E-01
4.217E-02 5.232E-01 2.978E-01  5.27E-01
3.981E-02 5.118E-01 2.524E-01  5.74E-01
3.758E-02 5.340E-01 2.272E-01  6.20E-01
3.548E-02 5.433E-01 2.464E-01  6.56E-01
3.350E-02 5.030E-01 2.423E-01  6.89E-01
3.162E-02 4.657E-01 2.336E-01  7.22E-01
2.985E-02 4.300E-01 2.231E-01  7.51E-01
2.818E-02 3.958E-01 2.117E-01  7.77E-01
2.661E-02 3.635E-01 2.003E-01  7.97E-01
2.512E-02 3.328E-01 1.888E-01  8.14E-01
2.371E-02 3.039E-01 1.774E-01  8.26E-01
2.239E-02 2.772E-01 1.663E-01  8.38E-01
2.113E-02 2.525E-01 1.552E-01  8.52E-01
1.995E-02 2.297E-01 1.443E-01  8.67E-01
1.884E-02 2.082E-01 1.332E-01  8.82E-01
1.778E-02 1.882E-01 1.226E-01  8.94E-01
1.679E-02 1.697E-01 1.125E-01  9.03E-01
1.585E-02 1.527E-01 1.030E-01  9.09E-01
1.496E-02 1.371E-01 9.397E-02  9.17E-01
1.413E-02 1.229E-01 8.534E-02  9.26E-01
1.334E-02 1.099E-01 7.718E-02  9.34E-01
1.259E-02 9.803E-02 6.967E-02  9.39E-01
1.189E-02 8.741E-02 6.280E-02  9.43E-01
1.122E-02 7.749E-02 5.623E-02  9.49E-01
1.059E-02 6.866E-02 5.017E-02  9.54E-01
1.000E-02 6.079E-02 4.468E-02  9.58E-01
9.441E-03 5.372E-02 3.966E-02  9.62E-01
8.913E-03 4.736E-02 3.503E-02  9.66E-01
8.414E-03 4.171E-02 3.081E-02  9.69E-01
7.943E-03 3.669E-02 2.697E-02  9.71E-01
7.499E-03 3.219E-02 2.343E-02  9.74E-01
7.079E-03 2.827E-02 2.024E-02  9.76E-01
6.683E-03 2.478E-02 1.731E-02  9.79E-01
6.310E-03 2.168E-02 1.460E-02  9.81E-01
5.957E-03 1.899E-02 1.211E-02  9.82E-01
5.623E-03 1.655E-02 9.686E-03  9.84E-01
5.309E-03 1.442E-02 7.367E-03  9.86E-01
5.012E-03 1.258E-02 5.415E-03  9.87E-01
4.732E-03 1.097E-02 2.049E-03  9.88E-01
4.467E-03 9.573E-03 1.955E-03  9.89E-01
4.217E-03 1.760E-01 1.042E-02  9.90E-01
3.981E-03 1.592E-01 1.302E-02  9.91E-01
3.758E-03 1.433E-01 1.273E-02  9.92E-01
3.548E-03 1.283E-01 1.247E-02  9.93E-01
3.350E-03 1.143E-01 1.195E-02  9.93E-01
3.162E-03 1.014E-01 1.125E-02  9.94E-01
2.985E-03 8.977E-02 1.050E-02  9.95E-01
2.818E-03 7.876E-02 9.718E-03  9.95E-01
2.661E-03 6.876E-02 8.906E-03  9.96E-01
2.512E-03 5.991E-02 8.088E-03  9.96E-01
2.371E-03 5.211E-02 7.314E-03  9.96E-01
2.239E-03 4.521E-02 6.593E-03  9.97E-01
2.113E-03 3.905E-02 5.921E-03  9.97E-01
1.995E-03 3.371E-02 5.306E-03  9.97E-01
1.884E-03 2.902E-02 4.744E-03  9.98E-01
1.778E-03 2.491E-02 4.228E-03  9.98E-01
1.679E-03 2.134E-02 3.762E-03  9.98E-01
1.585E-03 1.826E-02 3.344E-03  9.98E-01
1.496E-03 1.560E-02 2.969E-03  9.98E-01
1.413E-03 1.331E-02 2.635E-03  9.99E-01
1.334E-03 1.134E-02 2.337E-03  9.99E-01
1.259E-03 9.659E-03 2.071E-03  9.99E-01
1.189E-03 8.232E-03 1.838E-03  9.99E-01
1.122E-03 6.964E-03 1.626E-03  9.99E-01
1.059E-03 5.899E-03 1.439E-03  9.99E-01
1.000E-03 5.005E-03 1.274E-03  9.99E-01
