1.000E+03 2.627E-06 2.622E-16  0.00E+00
9.441E+02 2.947E-06 3.300E-16  0.00E+00
8.913E+02 3.305E-06 4.155E-16  0.00E+00
8.414E+02 3.707E-06 5.230E-16  0.00E+00
7.943E+02 4.158E-06 6.584E-16  0.00E+00
7.499E+02 4.663E-06 8.288E-16  0.00E+00
7.079E+02 5.229E-06 1.043E-15  0.00E+00
6.683E+02 5.864E-06 1.313E-15  0.00E+00
6.310E+02 6.575E-06 1.653E-15  0.00E+00
5.957E+02 7.372E-06 2.081E-15  0.00E+00
5.623E+02 8.265E-06 2.620E-15  0.00E+00
5.309E+02 9.266E-06 3.298E-15  0.00E+00
5.012E+02 1.039E-05 4.151E-15  0.00E+00
4.732E+02 1.164E-05 5.225E-15  0.00E+00
4.467E+02 1.305E-05 6.578E-15  0.00E+00
4.217E+02 1.462E-05 8.279E-15  0.00E+00
3.981E+02 1.638E-05 1.042E-14  0.00E+00
3.758E+02 1.834E-05 1.312E-14  0.00E+00
3.548E+02 2.055E-05 1.651E-14  0.00E+00
3.350E+02 2.301E-05 2.078E-14  0.00E+00
3.162E+02 2.576E-05 2.615E-14  0.00E+00
2.985E+02 2.883E-05 3.292E-14  0.00E+00
2.818E+02 3.227E-05 4.143E-14  0.00E+00
2.661E+02 3.611E-05 5.214E-14  0.00E+00
2.512E+02 4.039E-05 6.561E-14  0.00E+00
2.371E+02 4.518E-05 8.257E-14  0.00E+00
2.239E+02 5.053E-05 1.039E-13  0.00E+00
2.113E+02 5.651E-05 1.308E-13  0.00E+00
1.995E+02 6.319E-05 1.645E-13  0.00E+00
1.884E+02 7.065E-05 2.071E-13  0.00E+00
1.778E+02 7.900E-05 2.606E-13  0.00E+00
1.679E+02 8.836E-05 3.279E-13  0.00E+00
1.585E+02 9.885E-05 4.126E-13  0.00E+00
1.496E+02 1.106E-04 5.192E-13  0.00E+00
1.413E+02 1.239E-04 6.533E-13  0.00E+00
1.334E+02 1.388E-04 8.220E-13  0.00E+00
1.259E+02 1.556E-04 1.034E-12  0.00E+00
1.189E+02 1.747E-04 1.301E-12  0.00E+00
1.122E+02 1.962E-04 1.637E-12  0.00E+00
1.059E+02 2.206E-04 2.059E-12  0.00E+00
1.000E+02 2.481E-04 2.590E-12  0.00E+00
9.441E+01 2.792E-04 3.256E-12  2.08E-05
8.913E+01 3.141E-04 4.092E-12  2.26E-05
8.414E+01 3.533E-04 5.141E-12  2.42E-05
7.943E+01 3.973E-04 6.457E-12  2.50E-05
7.499E+01 4.467E-04 8.106E-12  2.51E-05
7.079E+01 5.019E-04 1.017E-11  2.46E-05
6.683E+01 5.632E-04 1.275E-11  2.32E-05
6.310E+01 6.311E-04 1.597E-11  2.10E-05
5.957E+01 7.057E-04 1.998E-11  1.77E-05
5.623E+01 7.870E-04 2.498E-11  1.34E-05
5.309E+01 8.745E-04 3.118E-11  8.16E-06
5.012E+01 9.672E-04 3.885E-11  2.12E-06
4.732E+01 1.064E-03 4.833E-11 -3.97E-06
4.467E+01 1.161E-03 6.002E-11 -9.21E-06
4.217E+01 1.257E-03 7.437E-11 -1.30E-05
3.981E+01 1.345E-03 9.199E-11 -1.62E-05
3.758E+01 1.423E-03 1.136E-10 -1.92E-05
3.548E+01 1.485E-03 1.402E-10 -2.19E-05
3.350E+01 1.527E-03 1.729E-10 -2.42E-05
3.162E+01 1.546E-03 2.132E-10 -2.59E-05
2.985E+01 1.544E-03 2.634E-10 -2.69E-05
2.818E+01 1.522E-03 3.260E-10 -2.74E-05
2.661E+01 1.483E-03 4.045E-10 -2.71E-05
2.512E+01 1.433E-03 5.032E-10 -2.60E-05
2.371E+01 1.375E-03 6.275E-10 -2.34E-05
2.239E+01 1.313E-03 7.846E-10 -2.17E-05
2.113E+01 1.254E-03 9.832E-10 -1.97E-05
1.995E+01 1.201E-03 1.234E-09 -1.67E-05
1.884E+01 1.154E-03 1.551E-09 -1.30E-05
1.778E+01 1.115E-03 1.951E-09 -9.77E-06
1.679E+01 1.087E-03 2.457E-09 -6.44E-06
1.585E+01 1.070E-03 3.095E-09 -2.90E-06
1.496E+01 1.064E-03 3.900E-09  5.55E-07
1.413E+01 1.071E-03 4.916E-09  4.28E-06
1.334E+01 1.093E-03 6.196E-09  8.55E-06
1.259E+01 1.126E-03 7.809E-09  1.37E-05
1.189E+01 1.164E-03 9.853E-09  1.96E-05
1.122E+01 1.239E-03 1.234E-08  2.52E-05
1.059E+01 1.297E-03 1.559E-08  3.13E-05
1.000E+01 1.381E-03 1.962E-08  3.79E-05
9.441E+00 1.479E-03 2.471E-08  4.48E-05
8.913E+00 1.595E-03 3.111E-08  5.23E-05
8.414E+00 1.728E-03 3.914E-08  6.08E-05
7.943E+00 1.878E-03 4.923E-08  7.08E-05
7.499E+00 2.040E-03 6.190E-08  8.21E-05
7.079E+00 2.224E-03 7.784E-08  9.36E-05
6.683E+00 2.428E-03 9.786E-08  1.06E-04
6.310E+00 2.618E-03 1.230E-07  1.24E-04
5.957E+00 2.908E-03 1.546E-07  1.35E-04
5.623E+00 3.186E-03 1.942E-07  1.52E-04
5.309E+00 3.494E-03 2.439E-07  1.70E-04
5.012E+00 3.830E-03 3.062E-07  1.91E-04
4.732E+00 4.188E-03 3.845E-07  2.14E-04
4.467E+00 4.581E-03 4.826E-07  2.39E-04
4.217E+00 5.014E-03 6.057E-07  2.67E-04
3.981E+00 5.488E-03 7.601E-07  2.97E-04
3.758E+00 6.005E-03 9.538E-07  3.31E-04
3.548E+00 6.572E-03 1.197E-06  3.67E-04
3.350E+00 7.200E-03 1.501E-06  4.06E-04
3.162E+00 7.868E-03 1.883E-06  4.50E-04
2.985E+00 8.626E-03 2.362E-06  4.98E-04
2.818E+00 9.443E-03 2.962E-06  5.51E-04
2.661E+00 1.033E-02 3.713E-06  6.09E-04
2.512E+00 1.129E-02 4.653E-06  6.76E-04
2.371E+00 1.233E-02 5.832E-06  7.48E-04
2.239E+00 1.348E-02 7.310E-06  8.26E-04
2.113E+00 1.474E-02 9.163E-06  9.11E-04
1.995E+00 1.611E-02 1.148E-05  1.01E-03
1.884E+00 1.761E-02 1.439E-05  1.11E-03
1.778E+00 1.926E-02 1.804E-05  1.22E-03
1.679E+00 2.108E-02 2.260E-05  1.35E-03
1.585E+00 2.303E-02 2.831E-05  1.49E-03
1.496E+00 2.517E-02 3.548E-05  1.64E-03
1.413E+00 2.756E-02 4.449E-05  1.80E-03
1.334E+00 3.023E-02 5.576E-05  1.98E-03
1.259E+00 3.315E-02 6.985E-05  2.18E-03
1.189E+00 3.632E-02 8.756E-05  2.40E-03
1.122E+00 3.985E-02 1.098E-04  2.64E-03
1.059E+00 4.381E-02 1.376E-04  2.89E-03
1.000E+00 4.821E-02 1.723E-04  3.18E-03
9.441E-01 5.304E-02 2.159E-04  3.50E-03
8.913E-01 5.832E-02 2.702E-04  3.85E-03
8.414E-01 6.406E-02 3.382E-04  4.25E-03
7.943E-01 7.031E-02 4.231E-04  4.70E-03
7.499E-01 7.709E-02 5.294E-04  5.21E-03
7.079E-01 8.440E-02 6.624E-04  5.79E-03
6.683E-01 9.229E-02 8.293E-04  6.44E-03
6.310E-01 1.008E-01 1.039E-03  7.18E-03
5.957E-01 1.101E-01 1.305E-03  8.01E-03
5.623E-01 1.207E-01 1.641E-03  8.92E-03
5.309E-01 1.326E-01 2.070E-03  9.93E-03
5.012E-01 1.462E-01 2.620E-03  1.10E-02
4.732E-01 1.622E-01 3.323E-03  1.22E-02
4.467E-01 1.816E-01 4.225E-03  1.35E-02
4.217E-01 2.051E-01 5.381E-03  1.47E-02
3.981E-01 2.310E-01 6.860E-03  1.59E-02
3.758E-01 2.588E-01 8.760E-03  1.71E-02
3.548E-01 2.893E-01 1.128E-02  1.83E-02
3.350E-01 3.269E-01 1.475E-02  1.91E-02
3.162E-01 3.774E-01 1.963E-02  1.87E-02
2.985E-01 4.423E-01 2.652E-02  1.62E-02
2.818E-01 5.220E-01 3.691E-02  1.10E-02
2.661E-01 6.315E-01 5.374E-02  4.77E-03
2.512E-01 8.161E-01 8.329E-02  2.62E-03
2.371E-01 1.184E+00 1.365E-01  5.25E-03
2.239E-01 1.672E+00 1.917E-01  1.12E-02
2.113E-01 1.727E+00 1.746E-01  2.00E-02
1.995E-01 1.308E+00 1.120E-01  3.07E-02
1.884E-01 9.265E-01 6.736E-02  4.21E-02
1.778E-01 6.895E-01 4.561E-02  5.50E-02
1.679E-01 5.446E-01 3.866E-02  6.91E-02
1.585E-01 4.488E-01 4.440E-02  8.38E-02
1.496E-01 3.896E-01 6.488E-02  1.01E-01
1.413E-01 3.771E-01 1.058E-01  1.20E-01
1.334E-01 4.212E-01 1.766E-01  1.44E-01
1.259E-01 5.582E-01 3.017E-01  1.79E-01
1.189E-01 8.678E-01 5.010E-01  2.07E-01
1.122E-01 1.212E+00 7.880E-01  1.76E-01
1.059E-01 1.604E+00 1.083E+00  1.78E-01
1.000E-01 1.806E+00 1.171E+00  1.73E-01
9.441E-02 1.840E+00 1.183E+00  1.86E-01
8.913E-02 1.793E+00 1.090E+00  2.20E-01
8.414E-02 1.739E+00 1.142E+00  2.44E-01
7.943E-02 1.747E+00 1.164E+00  2.94E-01
7.499E-02 1.727E+00 1.128E+00  3.51E-01
7.079E-02 1.581E+00 1.059E+00  3.90E-01
6.683E-02 1.343E+00 9.276E-01  4.15E-01
6.310E-02 1.183E+00 7.935E-01  4.42E-01
5.957E-02 1.092E+00 7.440E-01  4.71E-01
5.623E-02 9.753E-01 7.102E-01  4.96E-01
5.309E-02 8.598E-01 6.484E-01  5.24E-01
5.012E-02 7.797E-01 5.955E-01  5.56E-01
4.732E-02 7.061E-01 5.513E-01  5.89E-01
4.467E-02 6.406E-01 5.013E-01  6.25E-01
4.217E-02 5.799E-01 4.386E-01  6.65E-01
3.981E-02 5.725E-01 3.734E-01  7.07E-01
3.758E-02 5.982E-01 3.353E-01  7.42E-01
3.548E-02 6.068E-01 3.610E-01  7.66E-01
3.350E-02 5.655E-01 3.574E-01  7.88E-01
3.162E-02 5.269E-01 3.473E-01  8.07E-01
2.985E-02 4.893E-01 3.347E-01  8.23E-01
2.818E-02 4.534E-01 3.206E-01  8.37E-01
2.661E-02 4.196E-01 3.058E-01  8.50E-01
2.512E-02 3.875E-01 2.901E-01  8.63E-01
2.371E-02 3.572E-01 2.737E-01  8.78E-01
2.239E-02 3.285E-01 2.572E-01  8.91E-01
2.113E-02 3.011E-01 2.406E-01  9.02E-01
1.995E-02 2.752E-01 2.244E-01  9.09E-01
1.884E-02 2.505E-01 2.083E-01  9.16E-01
1.778E-02 2.278E-01 1.924E-01  9.24E-01
1.679E-02 2.064E-01 1.770E-01  9.33E-01
1.585E-02 1.865E-01 1.622E-01  9.39E-01
1.496E-02 1.680E-01 1.481E-01  9.43E-01
1.413E-02 1.510E-01 1.348E-01  9.49E-01
1.334E-02 1.355E-01 1.221E-01  9.54E-01
1.259E-02 1.212E-01 1.103E-01  9.58E-01
1.189E-02 1.083E-01 9.949E-02  9.61E-01
1.122E-02 9.620E-02 8.912E-02  9.65E-01
1.059E-02 8.538E-02 7.959E-02  9.69E-01
1.000E-02 7.571E-02 7.092E-02  9.71E-01
9.441E-03 6.700E-02 6.295E-02  9.74E-01
8.913E-03 5.914E-02 5.563E-02  9.76E-01
8.414E-03 5.214E-02 4.894E-02  9.79E-01
7.943E-03 4.590E-02 4.283E-02  9.81E-01
7.499E-03 4.031E-02 3.723E-02  9.82E-01
7.079E-03 3.542E-02 3.216E-02  9.84E-01
6.683E-03 3.107E-02 2.751E-02  9.86E-01
6.310E-03 2.720E-02 2.320E-02  9.87E-01
5.957E-03 2.383E-02 1.924E-02  9.88E-01
5.623E-03 2.077E-02 1.539E-02  9.89E-01
5.309E-03 1.812E-02 1.170E-02  9.90E-01
5.012E-03 1.580E-02 8.601E-03  9.91E-01
4.732E-03 1.378E-02 3.255E-03  9.92E-01
4.467E-03 1.204E-02 3.106E-03  9.93E-01
4.217E-03 2.156E-01 1.609E-02  9.93E-01
3.981E-03 1.956E-01 2.015E-02  9.94E-01
3.758E-03 1.765E-01 1.975E-02  9.95E-01
3.548E-03 1.584E-01 1.939E-02  9.95E-01
3.350E-03 1.414E-01 1.862E-02  9.96E-01
3.162E-03 1.257E-01 1.757E-02  9.96E-01
2.985E-03 1.115E-01 1.643E-02  9.96E-01
2.818E-03 9.798E-02 1.523E-02  9.97E-01
2.661E-03 8.567E-02 1.398E-02  9.97E-01
2.512E-03 7.475E-02 1.271E-02  9.97E-01
2.371E-03 6.509E-02 1.151E-02  9.98E-01
2.239E-03 5.654E-02 1.038E-02  9.98E-01
2.113E-03 4.888E-02 9.332E-03  9.98E-01
1.995E-03 4.222E-02 8.369E-03  9.98E-01
1.884E-03 3.638E-02 7.488E-03  9.98E-01
1.778E-03 3.124E-02 6.679E-03  9.99E-01
1.679E-03 2.679E-02 5.945E-03  9.99E-01
1.585E-03 2.293E-02 5.286E-03  9.99E-01
1.496E-03 1.960E-02 4.696E-03  9.99E-01
1.413E-03 1.672E-02 4.168E-03  9.99E-01
1.334E-03 1.425E-02 3.699E-03  9.99E-01
1.259E-03 1.214E-02 3.279E-03  9.99E-01
1.189E-03 1.035E-02 2.910E-03  9.99E-01
1.122E-03 8.759E-03 2.575E-03  9.99E-01
1.059E-03 7.419E-03 2.279E-03  9.99E-01
1.000E-03 6.296E-03 2.018E-03  9.99E-01
