9.100000e+01
9.400000e+01
9.600000e+01
9.800000e+01
1.000000e+02
1.020000e+02
1.040000e+02
1.060000e+02
1.080000e+02
1.100000e+02
1.140000e+02
1.180000e+02
1.210000e+02
1.250000e+02
1.270000e+02
1.280000e+02
1.310000e+02
1.320000e+02
1.340000e+02
1.370000e+02
1.400000e+02
1.430000e+02
1.470000e+02
1.510000e+02
1.550000e+02
1.590000e+02
1.620000e+02
1.660000e+02
1.700000e+02
1.730000e+02
1.770000e+02
1.800000e+02
1.820000e+02
1.860000e+02
1.910000e+02
1.940000e+02
1.980000e+02
2.020000e+02
2.050000e+02
2.100000e+02
2.160000e+02
2.200000e+02
2.230000e+02
2.270000e+02
2.300000e+02
2.340000e+02
2.400000e+02
2.460000e+02
2.520000e+02
2.570000e+02
2.600000e+02
2.640000e+02
2.690000e+02
2.740000e+02
2.790000e+02
2.840000e+02
2.900000e+02
2.960000e+02
3.010000e+02
3.080000e+02
3.180000e+02
3.280000e+02
3.380000e+02
3.480000e+02
3.570000e+02
3.660000e+02
3.750000e+02
3.850000e+02
3.950000e+02
4.050000e+02
4.140000e+02
4.220000e+02
4.300000e+02
4.410000e+02
4.510000e+02
4.600000e+02
4.700000e+02
4.800000e+02
4.900000e+02
5.000000e+02
5.060000e+02
5.120000e+02
5.200000e+02
5.300000e+02
5.400000e+02
5.500000e+02
5.600000e+02
5.700000e+02
5.800000e+02
5.900000e+02
6.000000e+02
6.100000e+02
6.200000e+02
6.300000e+02
6.400000e+02
6.500000e+02
6.580000e+02
6.650000e+02
6.750000e+02
6.850000e+02
6.950000e+02
7.050000e+02
7.160000e+02
7.260000e+02
7.350000e+02
7.450000e+02
7.550000e+02
7.650000e+02
7.750000e+02
7.850000e+02
7.950000e+02
8.050000e+02
8.150000e+02
8.250000e+02
8.350000e+02
8.450000e+02
8.550000e+02
8.650000e+02
8.750000e+02
8.850000e+02
8.950000e+02
9.050000e+02
9.150000e+02
9.250000e+02
9.350000e+02
9.450000e+02
9.550000e+02
9.650000e+02
9.750000e+02
9.850000e+02
9.950000e+02
1.005000e+03
1.015000e+03
1.025000e+03
1.035000e+03
1.045000e+03
1.055000e+03
1.065000e+03
1.075000e+03
1.085000e+03
1.095000e+03
1.105000e+03
1.115000e+03
1.125000e+03
1.135000e+03
1.145000e+03
1.155000e+03
1.165000e+03
1.175000e+03
1.185000e+03
1.195000e+03
1.205000e+03
1.215000e+03
1.225000e+03
1.235000e+03
1.245000e+03
1.255000e+03
1.265000e+03
1.275000e+03
1.285000e+03
1.295000e+03
1.305000e+03
1.315000e+03
1.325000e+03
1.335000e+03
1.345000e+03
1.355000e+03
1.365000e+03
1.375000e+03
1.385000e+03
1.395000e+03
1.405000e+03
1.415000e+03
1.425000e+03
1.435000e+03
1.442000e+03
1.447000e+03
1.455000e+03
1.465000e+03
1.475000e+03
1.485000e+03
1.495000e+03
1.505000e+03
1.512000e+03
1.517000e+03
1.525000e+03
1.535000e+03
1.545000e+03
1.555000e+03
1.565000e+03
1.575000e+03
1.585000e+03
1.595000e+03
1.605000e+03
1.615000e+03
1.625000e+03
1.635000e+03
1.645000e+03
1.655000e+03
1.665000e+03
1.672000e+03
1.677000e+03
1.685000e+03
1.695000e+03
1.705000e+03
1.715000e+03
1.725000e+03
1.735000e+03
1.745000e+03
1.755000e+03
1.765000e+03
1.775000e+03
1.785000e+03
1.795000e+03
1.805000e+03
1.815000e+03
1.825000e+03
1.835000e+03
1.845000e+03
1.855000e+03
1.865000e+03
1.875000e+03
1.885000e+03
1.895000e+03
1.905000e+03
1.915000e+03
1.925000e+03
1.935000e+03
1.945000e+03
1.955000e+03
1.967000e+03
1.976000e+03
1.984000e+03
1.995000e+03
2.005000e+03
2.015000e+03
2.025000e+03
2.035000e+03
2.045000e+03
2.055000e+03
2.065000e+03
2.074000e+03
2.078000e+03
2.085000e+03
2.095000e+03
2.105000e+03
2.115000e+03
2.125000e+03
2.135000e+03
2.145000e+03
2.155000e+03
2.165000e+03
2.175000e+03
2.185000e+03
2.195000e+03
2.205000e+03
2.215000e+03
2.225000e+03
2.235000e+03
2.245000e+03
2.255000e+03
2.265000e+03
2.275000e+03
2.285000e+03
2.295000e+03
2.305000e+03
2.315000e+03
2.325000e+03
2.335000e+03
2.345000e+03
2.355000e+03
2.365000e+03
2.375000e+03
2.385000e+03
2.395000e+03
2.405000e+03
2.415000e+03
2.425000e+03
2.435000e+03
2.445000e+03
2.455000e+03
2.465000e+03
2.475000e+03
2.485000e+03
2.495000e+03
2.505000e+03
2.513000e+03
2.518000e+03
2.525000e+03
2.535000e+03
2.545000e+03
2.555000e+03
2.565000e+03
2.575000e+03
2.585000e+03
2.595000e+03
2.605000e+03
2.615000e+03
2.625000e+03
2.635000e+03
2.645000e+03
2.655000e+03
2.665000e+03
2.675000e+03
2.685000e+03
2.695000e+03
2.705000e+03
2.715000e+03
2.725000e+03
2.735000e+03
2.745000e+03
2.755000e+03
2.765000e+03
2.775000e+03
2.785000e+03
2.795000e+03
2.805000e+03
2.815000e+03
2.825000e+03
2.835000e+03
2.845000e+03
2.855000e+03
2.865000e+03
2.875000e+03
2.885000e+03
2.895000e+03
2.910000e+03
2.930000e+03
2.950000e+03
2.970000e+03
2.990000e+03
3.010000e+03
3.030000e+03
3.050000e+03
3.070000e+03
3.090000e+03
3.110000e+03
3.130000e+03
3.150000e+03
3.170000e+03
3.190000e+03
3.210000e+03
3.230000e+03
3.250000e+03
3.270000e+03
3.290000e+03
3.310000e+03
3.330000e+03
3.350000e+03
3.370000e+03
3.390000e+03
3.410000e+03
3.430000e+03
3.450000e+03
3.470000e+03
3.490000e+03
3.510000e+03
3.530000e+03
3.550000e+03
3.570000e+03
3.590000e+03
3.610000e+03
3.630000e+03
3.640000e+03
3.650000e+03
3.670000e+03
3.690000e+03
3.710000e+03
3.730000e+03
3.750000e+03
3.770000e+03
3.790000e+03
3.810000e+03
3.830000e+03
3.850000e+03
3.870000e+03
3.890000e+03
3.910000e+03
3.930000e+03
3.950000e+03
3.970000e+03
3.990000e+03
4.010000e+03
4.030000e+03
4.050000e+03
4.070000e+03
4.090000e+03
4.110000e+03
4.130000e+03
4.150000e+03
4.170000e+03
4.190000e+03
4.210000e+03
4.230000e+03
4.250000e+03
4.270000e+03
4.290000e+03
4.310000e+03
4.330000e+03
4.350000e+03
4.370000e+03
4.390000e+03
4.410000e+03
4.430000e+03
4.450000e+03
4.470000e+03
4.490000e+03
4.510000e+03
4.530000e+03
4.550000e+03
4.570000e+03
4.590000e+03
4.610000e+03
4.630000e+03
4.650000e+03
4.670000e+03
4.690000e+03
4.710000e+03
4.730000e+03
4.750000e+03
4.770000e+03
4.790000e+03
4.810000e+03
4.830000e+03
4.850000e+03
4.870000e+03
4.890000e+03
4.910000e+03
4.930000e+03
4.950000e+03
4.970000e+03
4.990000e+03
5.010000e+03
5.030000e+03
5.050000e+03
5.070000e+03
5.090000e+03
5.110000e+03
5.130000e+03
5.150000e+03
5.170000e+03
5.190000e+03
5.210000e+03
5.230000e+03
5.250000e+03
5.270000e+03
5.290000e+03
5.310000e+03
5.330000e+03
5.350000e+03
5.370000e+03
5.390000e+03
5.410000e+03
5.430000e+03
5.450000e+03
5.470000e+03
5.490000e+03
5.510000e+03
5.530000e+03
5.550000e+03
5.570000e+03
5.590000e+03
5.610000e+03
5.630000e+03
5.650000e+03
5.670000e+03
5.690000e+03
5.710000e+03
5.730000e+03
5.750000e+03
5.770000e+03
5.790000e+03
5.810000e+03
5.830000e+03
5.850000e+03
5.870000e+03
5.890000e+03
5.910000e+03
5.930000e+03
5.950000e+03
5.970000e+03
5.990000e+03
6.010000e+03
6.030000e+03
6.050000e+03
6.070000e+03
6.090000e+03
6.110000e+03
6.130000e+03
6.150000e+03
6.170000e+03
6.190000e+03
6.210000e+03
6.230000e+03
6.250000e+03
6.270000e+03
6.290000e+03
6.310000e+03
6.330000e+03
6.350000e+03
6.370000e+03
6.390000e+03
6.410000e+03
6.430000e+03
6.450000e+03
6.470000e+03
6.490000e+03
6.510000e+03
6.530000e+03
6.550000e+03
6.570000e+03
6.590000e+03
6.610000e+03
6.630000e+03
6.650000e+03
6.670000e+03
6.690000e+03
6.710000e+03
6.730000e+03
6.750000e+03
6.770000e+03
6.790000e+03
6.810000e+03
6.830000e+03
6.850000e+03
6.870000e+03
6.890000e+03
6.910000e+03
6.930000e+03
6.950000e+03
6.970000e+03
6.990000e+03
7.010000e+03
7.030000e+03
7.050000e+03
7.070000e+03
7.090000e+03
7.110000e+03
7.130000e+03
7.150000e+03
7.170000e+03
7.190000e+03
7.210000e+03
7.230000e+03
7.250000e+03
7.270000e+03
7.290000e+03
7.310000e+03
7.330000e+03
7.350000e+03
7.370000e+03
7.390000e+03
7.410000e+03
7.430000e+03
7.450000e+03
7.470000e+03
7.490000e+03
7.510000e+03
7.530000e+03
7.550000e+03
7.570000e+03
7.590000e+03
7.610000e+03
7.630000e+03
7.650000e+03
7.670000e+03
7.690000e+03
7.710000e+03
7.730000e+03
7.750000e+03
7.770000e+03
7.790000e+03
7.810000e+03
7.830000e+03
7.850000e+03
7.870000e+03
7.890000e+03
7.910000e+03
7.930000e+03
7.950000e+03
7.970000e+03
7.990000e+03
8.010000e+03
8.030000e+03
8.050000e+03
8.070000e+03
8.090000e+03
8.110000e+03
8.130000e+03
8.150000e+03
8.170000e+03
8.190000e+03
8.210000e+03
8.230000e+03
8.250000e+03
8.270000e+03
8.290000e+03
8.310000e+03
8.330000e+03
8.350000e+03
8.370000e+03
8.390000e+03
8.410000e+03
8.430000e+03
8.450000e+03
8.470000e+03
8.490000e+03
8.510000e+03
8.530000e+03
8.550000e+03
8.570000e+03
8.590000e+03
8.610000e+03
8.630000e+03
8.650000e+03
8.670000e+03
8.690000e+03
8.710000e+03
8.730000e+03
8.750000e+03
8.770000e+03
8.790000e+03
8.810000e+03
8.830000e+03
8.850000e+03
8.870000e+03
8.890000e+03
8.910000e+03
8.930000e+03
8.950000e+03
8.970000e+03
8.990000e+03
9.010000e+03
9.030000e+03
9.050000e+03
9.070000e+03
9.090000e+03
9.110000e+03
9.130000e+03
9.150000e+03
9.170000e+03
9.190000e+03
9.210000e+03
9.230000e+03
9.250000e+03
9.270000e+03
9.290000e+03
9.310000e+03
9.330000e+03
9.350000e+03
9.370000e+03
9.390000e+03
9.410000e+03
9.430000e+03
9.450000e+03
9.470000e+03
9.490000e+03
9.510000e+03
9.530000e+03
9.550000e+03
9.570000e+03
9.590000e+03
9.610000e+03
9.630000e+03
9.650000e+03
9.670000e+03
9.690000e+03
9.710000e+03
9.730000e+03
9.750000e+03
9.770000e+03
9.790000e+03
9.810000e+03
9.830000e+03
9.850000e+03
9.870000e+03
9.890000e+03
9.910000e+03
9.930000e+03
9.950000e+03
9.970000e+03
9.990000e+03
1.002500e+04
1.007500e+04
1.012500e+04
1.017500e+04
1.022500e+04
1.027500e+04
1.032500e+04
1.037500e+04
1.042500e+04
1.047500e+04
1.052500e+04
1.057500e+04
1.062500e+04
1.067500e+04
1.072500e+04
1.077500e+04
1.082500e+04
1.087500e+04
1.092500e+04
1.097500e+04
1.102500e+04
1.107500e+04
1.112500e+04
1.117500e+04
1.122500e+04
1.127500e+04
1.132500e+04
1.137500e+04
1.142500e+04
1.147500e+04
1.152500e+04
1.157500e+04
1.162500e+04
1.167500e+04
1.172500e+04
1.177500e+04
1.182500e+04
1.187500e+04
1.192500e+04
1.197500e+04
1.202500e+04
1.207500e+04
1.212500e+04
1.217500e+04
1.222500e+04
1.227500e+04
1.232500e+04
1.237500e+04
1.242500e+04
1.247500e+04
1.252500e+04
1.257500e+04
1.262500e+04
1.267500e+04
1.272500e+04
1.277500e+04
1.282500e+04
1.287500e+04
1.292500e+04
1.297500e+04
1.302500e+04
1.307500e+04
1.312500e+04
1.317500e+04
1.322500e+04
1.327500e+04
1.332500e+04
1.337500e+04
1.342500e+04
1.347500e+04
1.352500e+04
1.357500e+04
1.362500e+04
1.367500e+04
1.372500e+04
1.377500e+04
1.382500e+04
1.387500e+04
1.392500e+04
1.397500e+04
1.402500e+04
1.407500e+04
1.412500e+04
1.417500e+04
1.422500e+04
1.427500e+04
1.432500e+04
1.437500e+04
1.442500e+04
1.447500e+04
1.452500e+04
1.457000e+04
1.462000e+04
1.467500e+04
1.472500e+04
1.477500e+04
1.482500e+04
1.487500e+04
1.492500e+04
1.497500e+04
1.502500e+04
1.507500e+04
1.512500e+04
1.517500e+04
1.522500e+04
1.527500e+04
1.532500e+04
1.537500e+04
1.542500e+04
1.547500e+04
1.552500e+04
1.557500e+04
1.562500e+04
1.567500e+04
1.572500e+04
1.577500e+04
1.582500e+04
1.587500e+04
1.592500e+04
1.597500e+04
1.605000e+04
1.615000e+04
1.625000e+04
1.635000e+04
1.645000e+04
1.655000e+04
1.665000e+04
1.675000e+04
1.685000e+04
1.695000e+04
1.705000e+04
1.715000e+04
1.725000e+04
1.735000e+04
1.745000e+04
1.755000e+04
1.765000e+04
1.775000e+04
1.785000e+04
1.795000e+04
1.805000e+04
1.815000e+04
1.825000e+04
1.835000e+04
1.845000e+04
1.855000e+04
1.865000e+04
1.875000e+04
1.885000e+04
1.895000e+04
1.905000e+04
1.915000e+04
1.925000e+04
1.935000e+04
1.945000e+04
1.955000e+04
1.965000e+04
1.975000e+04
1.985000e+04
1.995000e+04
2.005000e+04
2.015000e+04
2.025000e+04
2.035000e+04
2.045000e+04
2.055000e+04
2.065000e+04
2.075000e+04
2.085000e+04
2.095000e+04
2.105000e+04
2.115000e+04
2.125000e+04
2.135000e+04
2.145000e+04
2.155000e+04
2.165000e+04
2.175000e+04
2.185000e+04
2.195000e+04
2.205000e+04
2.215000e+04
2.225000e+04
2.235000e+04
2.245000e+04
2.255000e+04
2.265000e+04
2.275000e+04
2.285000e+04
2.295000e+04
2.305000e+04
2.315000e+04
2.325000e+04
2.335000e+04
2.345000e+04
2.355000e+04
2.365000e+04
2.375000e+04
2.385000e+04
2.395000e+04
2.405000e+04
2.415000e+04
2.425000e+04
2.435000e+04
2.445000e+04
2.455000e+04
2.465000e+04
2.475000e+04
2.485000e+04
2.495000e+04
2.505000e+04
2.515000e+04
2.525000e+04
2.535000e+04
2.545000e+04
2.555000e+04
2.565000e+04
2.575000e+04
2.585000e+04
2.595000e+04
2.605000e+04
2.615000e+04
2.625000e+04
2.635000e+04
2.645000e+04
2.655000e+04
2.665000e+04
2.675000e+04
2.685000e+04
2.695000e+04
2.705000e+04
2.715000e+04
2.725000e+04
2.735000e+04
2.745000e+04
2.755000e+04
2.765000e+04
2.775000e+04
2.785000e+04
2.795000e+04
2.805000e+04
2.815000e+04
2.825000e+04
2.835000e+04
2.845000e+04
2.855000e+04
2.865000e+04
2.875000e+04
2.885000e+04
2.895000e+04
2.905000e+04
2.915000e+04
2.925000e+04
2.935000e+04
2.945000e+04
2.955000e+04
2.965000e+04
2.975000e+04
2.985000e+04
2.995000e+04
3.005000e+04
3.015000e+04
3.025000e+04
3.035000e+04
3.045000e+04
3.055000e+04
3.065000e+04
3.075000e+04
3.085000e+04
3.095000e+04
3.105000e+04
3.115000e+04
3.125000e+04
3.135000e+04
3.145000e+04
3.155000e+04
3.165000e+04
3.175000e+04
3.185000e+04
3.195000e+04
3.210000e+04
3.230000e+04
3.250000e+04
3.270000e+04
3.290000e+04
3.310000e+04
3.330000e+04
3.350000e+04
3.370000e+04
3.390000e+04
3.410000e+04
3.430000e+04
3.450000e+04
3.470000e+04
3.490000e+04
3.510000e+04
3.530000e+04
3.550000e+04
3.570000e+04
3.590000e+04
3.610000e+04
3.630000e+04
3.650000e+04
3.670000e+04
3.690000e+04
3.710000e+04
3.730000e+04
3.750000e+04
3.770000e+04
3.790000e+04
3.810000e+04
3.830000e+04
3.850000e+04
3.870000e+04
3.890000e+04
3.910000e+04
3.930000e+04
3.950000e+04
3.970000e+04
3.990000e+04
4.010000e+04
4.030000e+04
4.050000e+04
4.070000e+04
4.090000e+04
4.110000e+04
4.130000e+04
4.150000e+04
4.170000e+04
4.190000e+04
4.210000e+04
4.230000e+04
4.250000e+04
4.270000e+04
4.290000e+04
4.310000e+04
4.330000e+04
4.350000e+04
4.370000e+04
4.390000e+04
4.410000e+04
4.430000e+04
4.450000e+04
4.470000e+04
4.490000e+04
4.510000e+04
4.530000e+04
4.550000e+04
4.570000e+04
4.590000e+04
4.610000e+04
4.630000e+04
4.650000e+04
4.670000e+04
4.690000e+04
4.710000e+04
4.730000e+04
4.750000e+04
4.770000e+04
4.790000e+04
4.810000e+04
4.830000e+04
4.850000e+04
4.870000e+04
4.890000e+04
4.910000e+04
4.930000e+04
4.950000e+04
4.970000e+04
4.990000e+04
5.010000e+04
5.030000e+04
5.050000e+04
5.070000e+04
5.090000e+04
5.110000e+04
5.130000e+04
5.150000e+04
5.170000e+04
5.190000e+04
5.210000e+04
5.230000e+04
5.250000e+04
5.270000e+04
5.290000e+04
5.310000e+04
5.330000e+04
5.350000e+04
5.370000e+04
5.390000e+04
5.410000e+04
5.430000e+04
5.450000e+04
5.470000e+04
5.490000e+04
5.510000e+04
5.530000e+04
5.550000e+04
5.570000e+04
5.590000e+04
5.610000e+04
5.630000e+04
5.650000e+04
5.670000e+04
5.690000e+04
5.710000e+04
5.730000e+04
5.750000e+04
5.770000e+04
5.790000e+04
5.810000e+04
5.830000e+04
5.850000e+04
5.870000e+04
5.890000e+04
5.910000e+04
5.930000e+04
5.950000e+04
5.970000e+04
5.990000e+04
6.010000e+04
6.030000e+04
6.050000e+04
6.070000e+04
6.090000e+04
6.110000e+04
6.130000e+04
6.150000e+04
6.170000e+04
6.190000e+04
6.210000e+04
6.230000e+04
6.250000e+04
6.270000e+04
6.290000e+04
6.310000e+04
6.330000e+04
6.350000e+04
6.370000e+04
6.390000e+04
6.420000e+04
6.460000e+04
6.500000e+04
6.540000e+04
6.580000e+04
6.620000e+04
6.660000e+04
6.700000e+04
6.740000e+04
6.780000e+04
6.820000e+04
6.860000e+04
6.900000e+04
6.940000e+04
6.980000e+04
7.020000e+04
7.060000e+04
7.100000e+04
7.140000e+04
7.180000e+04
7.220000e+04
7.260000e+04
7.300000e+04
7.340000e+04
7.380000e+04
7.420000e+04
7.460000e+04
7.500000e+04
7.540000e+04
7.580000e+04
7.620000e+04
7.660000e+04
7.700000e+04
7.740000e+04
7.780000e+04
7.820000e+04
7.860000e+04
7.900000e+04
7.940000e+04
7.980000e+04
8.020000e+04
8.060000e+04
8.100000e+04
8.140000e+04
8.180000e+04
8.220000e+04
8.260000e+04
8.300000e+04
8.340000e+04
8.380000e+04
8.420000e+04
8.460000e+04
8.500000e+04
8.540000e+04
8.580000e+04
8.620000e+04
8.660000e+04
8.700000e+04
8.740000e+04
8.780000e+04
8.820000e+04
8.860000e+04
8.900000e+04
8.940000e+04
8.980000e+04
9.020000e+04
9.060000e+04
9.100000e+04
9.140000e+04
9.180000e+04
9.220000e+04
9.260000e+04
9.300000e+04
9.340000e+04
9.380000e+04
9.420000e+04
9.460000e+04
9.500000e+04
9.540000e+04
9.580000e+04
9.620000e+04
9.660000e+04
9.700000e+04
9.740000e+04
9.780000e+04
9.820000e+04
9.860000e+04
9.900000e+04
9.940000e+04
9.980000e+04
1.000000e+05
1.009000e+05
1.019000e+05
1.028000e+05
1.038000e+05
1.047000e+05
1.057000e+05
1.067000e+05
1.076000e+05
1.086000e+05
1.096000e+05
1.107000e+05
1.117000e+05
1.127000e+05
1.138000e+05
1.148000e+05
1.159000e+05
1.169000e+05
1.180000e+05
1.191000e+05
1.202000e+05
1.213000e+05
1.225000e+05
1.236000e+05
1.247000e+05
1.259000e+05
1.271000e+05
1.282000e+05
1.294000e+05
1.306000e+05
1.318000e+05
1.330000e+05
1.343000e+05
1.355000e+05
1.368000e+05
1.380000e+05
1.393000e+05
1.406000e+05
1.419000e+05
1.432000e+05
1.445000e+05
1.459000e+05
1.472000e+05
1.486000e+05
1.500000e+05
1.514000e+05
1.528000e+05
1.542000e+05
1.556000e+05
1.570000e+05
1.585000e+05
1.600000e+05
1.614000e+05
1.629000e+05
1.644000e+05
1.660000e+05
1.675000e+05
1.690000e+05
1.706000e+05
1.722000e+05
1.738000e+05
1.754000e+05
1.770000e+05
1.786000e+05
1.803000e+05
1.820000e+05
1.837000e+05
1.854000e+05
1.871000e+05
1.888000e+05
1.905000e+05
1.923000e+05
1.941000e+05
1.959000e+05
1.977000e+05
1.995000e+05
2.014000e+05
2.032000e+05
2.051000e+05
2.070000e+05
2.089000e+05
2.109000e+05
2.128000e+05
2.148000e+05
2.168000e+05
2.188000e+05
2.208000e+05
2.228000e+05
2.249000e+05
2.270000e+05
2.291000e+05
2.312000e+05
2.333000e+05
2.355000e+05
2.377000e+05
2.399000e+05
2.421000e+05
2.443000e+05
2.466000e+05
2.489000e+05
2.512000e+05
2.535000e+05
2.559000e+05
2.582000e+05
2.606000e+05
2.630000e+05
2.655000e+05
2.679000e+05
2.704000e+05
2.729000e+05
2.754000e+05
2.780000e+05
2.805000e+05
2.831000e+05
2.858000e+05
2.884000e+05
2.911000e+05
2.938000e+05
2.965000e+05
2.992000e+05
3.020000e+05
3.048000e+05
3.076000e+05
3.105000e+05
3.133000e+05
3.162000e+05
3.192000e+05
3.221000e+05
3.251000e+05
3.281000e+05
3.311000e+05
3.342000e+05
3.373000e+05
3.404000e+05
3.436000e+05
3.467000e+05
3.499000e+05
3.532000e+05
3.565000e+05
3.597000e+05
3.631000e+05
3.664000e+05
3.698000e+05
3.733000e+05
3.767000e+05
3.802000e+05
3.837000e+05
3.873000e+05
3.908000e+05
3.945000e+05
3.981000e+05
4.018000e+05
4.055000e+05
4.093000e+05
4.130000e+05
4.169000e+05
4.207000e+05
4.246000e+05
4.285000e+05
4.325000e+05
4.365000e+05
4.406000e+05
4.446000e+05
4.487000e+05
4.529000e+05
4.571000e+05
4.613000e+05
4.656000e+05
4.699000e+05
4.742000e+05
4.786000e+05
4.831000e+05
4.875000e+05
4.920000e+05
4.966000e+05
5.012000e+05
5.058000e+05
5.105000e+05
5.152000e+05
5.200000e+05
5.248000e+05
5.297000e+05
5.346000e+05
5.395000e+05
5.445000e+05
5.495000e+05
5.546000e+05
5.598000e+05
5.649000e+05
5.702000e+05
5.754000e+05
5.808000e+05
5.861000e+05
5.916000e+05
5.970000e+05
6.026000e+05
6.081000e+05
6.138000e+05
6.194000e+05
6.252000e+05
6.310000e+05
6.368000e+05
6.427000e+05
6.486000e+05
6.546000e+05
6.607000e+05
6.668000e+05
6.730000e+05
6.792000e+05
6.855000e+05
6.918000e+05
6.982000e+05
7.047000e+05
7.112000e+05
7.178000e+05
7.244000e+05
7.311000e+05
7.379000e+05
7.447000e+05
7.516000e+05
7.586000e+05
7.656000e+05
7.727000e+05
7.798000e+05
7.870000e+05
7.943000e+05
8.017000e+05
8.091000e+05
8.166000e+05
8.241000e+05
8.318000e+05
8.395000e+05
8.472000e+05
8.551000e+05
8.630000e+05
8.710000e+05
8.790000e+05
8.872000e+05
8.954000e+05
9.036000e+05
9.120000e+05
9.204000e+05
9.290000e+05
9.376000e+05
9.462000e+05
9.550000e+05
9.638000e+05
9.727000e+05
9.817000e+05
9.908000e+05
1.000000e+06
1.009000e+06
1.019000e+06
1.028000e+06
1.038000e+06
1.047000e+06
1.057000e+06
1.067000e+06
1.076000e+06
1.086000e+06
1.096000e+06
1.107000e+06
1.117000e+06
1.127000e+06
1.138000e+06
1.148000e+06
1.159000e+06
1.169000e+06
1.180000e+06
1.191000e+06
1.202000e+06
1.213000e+06
1.225000e+06
1.236000e+06
1.247000e+06
1.259000e+06
1.271000e+06
1.282000e+06
1.294000e+06
1.306000e+06
1.318000e+06
1.330000e+06
1.343000e+06
1.355000e+06
1.368000e+06
1.380000e+06
1.393000e+06
1.406000e+06
1.419000e+06
1.432000e+06
1.445000e+06
1.459000e+06
1.472000e+06
1.486000e+06
1.500000e+06
1.514000e+06
1.528000e+06
1.542000e+06
1.556000e+06
1.570000e+06
1.585000e+06
1.600000e+06
1.614000e+06
1.629000e+06
1.644000e+06
1.660000e+06
1.675000e+06
1.690000e+06
1.706000e+06
1.722000e+06
1.738000e+06
1.754000e+06
1.770000e+06
1.786000e+06
1.803000e+06
1.820000e+06
1.837000e+06
1.854000e+06
1.871000e+06
1.888000e+06
1.905000e+06
1.923000e+06
1.941000e+06
1.959000e+06
1.977000e+06
1.995000e+06
2.014000e+06
2.032000e+06
2.051000e+06
2.070000e+06
2.089000e+06
2.109000e+06
2.128000e+06
2.148000e+06
2.168000e+06
2.188000e+06
2.208000e+06
2.228000e+06
2.249000e+06
2.270000e+06
2.291000e+06
2.312000e+06
2.333000e+06
2.355000e+06
2.377000e+06
2.399000e+06
2.421000e+06
2.443000e+06
2.466000e+06
2.489000e+06
2.512000e+06
2.535000e+06
2.559000e+06
2.582000e+06
2.606000e+06
2.630000e+06
2.655000e+06
2.679000e+06
2.704000e+06
2.729000e+06
2.754000e+06
2.780000e+06
2.805000e+06
2.831000e+06
2.858000e+06
2.884000e+06
2.911000e+06
2.938000e+06
2.965000e+06
2.992000e+06
3.020000e+06
3.048000e+06
3.076000e+06
3.105000e+06
3.133000e+06
3.162000e+06
3.192000e+06
3.221000e+06
3.251000e+06
3.281000e+06
3.311000e+06
3.342000e+06
3.373000e+06
3.404000e+06
3.436000e+06
3.467000e+06
3.499000e+06
3.532000e+06
3.565000e+06
3.597000e+06
3.631000e+06
3.664000e+06
3.698000e+06
3.733000e+06
3.767000e+06
3.802000e+06
3.837000e+06
3.873000e+06
3.908000e+06
3.945000e+06
3.981000e+06
4.018000e+06
4.055000e+06
4.093000e+06
4.130000e+06
4.169000e+06
4.207000e+06
4.246000e+06
4.285000e+06
4.325000e+06
4.365000e+06
4.406000e+06
4.446000e+06
4.487000e+06
4.529000e+06
4.571000e+06
4.613000e+06
4.656000e+06
4.699000e+06
4.742000e+06
4.786000e+06
4.831000e+06
4.875000e+06
4.920000e+06
4.966000e+06
5.012000e+06
5.058000e+06
5.105000e+06
5.152000e+06
5.200000e+06
5.248000e+06
5.297000e+06
5.346000e+06
5.395000e+06
5.445000e+06
5.495000e+06
5.546000e+06
5.598000e+06
5.649000e+06
5.702000e+06
5.754000e+06
5.808000e+06
5.861000e+06
5.916000e+06
5.970000e+06
6.026000e+06
6.081000e+06
6.138000e+06
6.194000e+06
6.252000e+06
6.310000e+06
6.368000e+06
6.427000e+06
6.486000e+06
6.546000e+06
6.607000e+06
6.668000e+06
6.730000e+06
6.792000e+06
6.855000e+06
6.918000e+06
6.982000e+06
7.047000e+06
7.112000e+06
7.178000e+06
7.244000e+06
7.311000e+06
7.379000e+06
7.447000e+06
7.516000e+06
7.586000e+06
7.656000e+06
7.727000e+06
7.798000e+06
7.870000e+06
7.943000e+06
8.017000e+06
8.091000e+06
8.166000e+06
8.241000e+06
8.318000e+06
8.395000e+06
8.472000e+06
8.551000e+06
8.630000e+06
8.710000e+06
8.790000e+06
8.872000e+06
8.954000e+06
9.036000e+06
9.120000e+06
9.204000e+06
9.290000e+06
9.376000e+06
9.462000e+06
9.550000e+06
9.638000e+06
9.727000e+06
9.817000e+06
9.908000e+06
1.000000e+07
1.009000e+07
1.019000e+07
1.028000e+07
1.038000e+07
1.047000e+07
1.057000e+07
1.067000e+07
1.076000e+07
1.086000e+07
1.096000e+07
1.107000e+07
1.117000e+07
1.127000e+07
1.138000e+07
1.148000e+07
1.159000e+07
1.169000e+07
1.180000e+07
1.191000e+07
1.202000e+07
1.213000e+07
1.225000e+07
1.236000e+07
1.247000e+07
1.259000e+07
1.271000e+07
1.282000e+07
1.294000e+07
1.306000e+07
1.318000e+07
1.330000e+07
1.343000e+07
1.355000e+07
1.368000e+07
1.380000e+07
1.393000e+07
1.406000e+07
1.419000e+07
1.432000e+07
1.445000e+07
1.459000e+07
1.472000e+07
1.486000e+07
1.500000e+07
1.514000e+07
1.528000e+07
1.542000e+07
1.556000e+07
1.570000e+07
1.585000e+07
1.600000e+07
1.614000e+07
1.629000e+07
1.644000e+07
1.660000e+07
1.675000e+07
1.690000e+07
1.706000e+07
1.722000e+07
1.738000e+07
1.754000e+07
1.770000e+07
1.786000e+07
1.803000e+07
1.820000e+07
1.837000e+07
1.854000e+07
1.871000e+07
1.888000e+07
1.905000e+07
1.923000e+07
1.941000e+07
1.959000e+07
1.977000e+07
1.995000e+07
2.014000e+07
2.032000e+07
2.051000e+07
2.070000e+07
2.089000e+07
2.109000e+07
2.128000e+07
2.148000e+07
2.168000e+07
2.188000e+07
2.208000e+07
2.228000e+07
2.249000e+07
2.270000e+07
2.291000e+07
2.312000e+07
2.333000e+07
2.355000e+07
2.377000e+07
2.399000e+07
2.421000e+07
2.443000e+07
2.466000e+07
2.489000e+07
2.512000e+07
2.535000e+07
2.559000e+07
2.582000e+07
2.606000e+07
2.630000e+07
2.655000e+07
2.679000e+07
2.704000e+07
2.729000e+07
2.754000e+07
2.780000e+07
2.805000e+07
2.831000e+07
2.858000e+07
2.884000e+07
2.911000e+07
2.938000e+07
2.965000e+07
2.992000e+07
3.020000e+07
3.048000e+07
3.076000e+07
3.105000e+07
3.133000e+07
3.162000e+07
3.192000e+07
3.221000e+07
3.251000e+07
3.281000e+07
3.311000e+07
3.342000e+07
3.373000e+07
3.404000e+07
3.436000e+07
3.467000e+07
3.499000e+07
3.532000e+07
3.565000e+07
3.597000e+07
3.631000e+07
3.664000e+07
3.698000e+07
3.733000e+07
3.767000e+07
3.802000e+07
3.837000e+07
3.873000e+07
3.908000e+07
3.945000e+07
3.981000e+07
4.018000e+07
4.055000e+07
4.093000e+07
4.130000e+07
4.169000e+07
4.207000e+07
4.246000e+07
4.285000e+07
4.325000e+07
4.365000e+07
4.406000e+07
4.446000e+07
4.487000e+07
4.529000e+07
4.571000e+07
4.613000e+07
4.656000e+07
4.699000e+07
4.742000e+07
4.786000e+07
4.831000e+07
4.875000e+07
4.920000e+07
4.966000e+07
5.012000e+07
5.058000e+07
5.105000e+07
5.152000e+07
5.200000e+07
5.248000e+07
5.297000e+07
5.346000e+07
5.395000e+07
5.445000e+07
5.495000e+07
5.546000e+07
5.598000e+07
5.649000e+07
5.702000e+07
5.754000e+07
5.808000e+07
5.861000e+07
5.916000e+07
5.970000e+07
6.026000e+07
6.081000e+07
6.138000e+07
6.194000e+07
6.252000e+07
6.310000e+07
6.368000e+07
6.427000e+07
6.486000e+07
6.546000e+07
6.607000e+07
6.668000e+07
6.730000e+07
6.792000e+07
6.855000e+07
6.918000e+07
6.982000e+07
7.047000e+07
7.112000e+07
7.178000e+07
7.244000e+07
7.311000e+07
7.379000e+07
7.447000e+07
7.516000e+07
7.586000e+07
7.656000e+07
7.727000e+07
7.798000e+07
7.870000e+07
7.943000e+07
8.017000e+07
8.091000e+07
8.166000e+07
8.241000e+07
8.318000e+07
8.395000e+07
8.472000e+07
8.551000e+07
8.630000e+07
8.710000e+07
8.790000e+07
8.872000e+07
8.954000e+07
9.036000e+07
9.120000e+07
9.204000e+07
9.290000e+07
9.376000e+07
9.462000e+07
9.550000e+07
9.638000e+07
9.727000e+07
9.817000e+07
9.908000e+07
1.000000e+08
