1.000E+03 2.736E-04 4.010E-08  7.96E-05
9.441E+02 3.070E-04 5.049E-08  8.93E-05
8.913E+02 3.445E-04 6.356E-08  1.00E-04
8.414E+02 3.866E-04 8.002E-08  1.12E-04
7.943E+02 4.339E-04 1.007E-07  1.26E-04
7.499E+02 4.870E-04 1.268E-07  1.42E-04
7.079E+02 5.465E-04 1.597E-07  1.59E-04
6.683E+02 6.133E-04 2.010E-07  1.78E-04
6.310E+02 6.883E-04 2.531E-07  2.00E-04
5.957E+02 7.725E-04 3.187E-07  2.24E-04
5.623E+02 8.670E-04 4.012E-07  2.52E-04
5.309E+02 9.731E-04 5.052E-07  2.82E-04
5.012E+02 1.092E-03 6.360E-07  3.17E-04
4.732E+02 1.226E-03 8.008E-07  3.55E-04
4.467E+02 1.377E-03 1.008E-06  3.98E-04
4.217E+02 1.546E-03 1.269E-06  4.47E-04
3.981E+02 1.736E-03 1.598E-06  5.01E-04
3.758E+02 1.949E-03 2.012E-06  5.62E-04
3.548E+02 2.188E-03 2.534E-06  6.31E-04
3.350E+02 2.458E-03 3.191E-06  7.07E-04
3.162E+02 2.762E-03 4.018E-06  7.93E-04
2.985E+02 3.103E-03 5.059E-06  8.89E-04
2.818E+02 3.486E-03 6.372E-06  9.97E-04
2.661E+02 3.917E-03 8.025E-06  1.12E-03
2.512E+02 4.402E-03 1.011E-05  1.25E-03
2.371E+02 4.950E-03 1.273E-05  1.41E-03
2.239E+02 5.568E-03 1.603E-05  1.57E-03
2.113E+02 6.263E-03 2.019E-05  1.76E-03
1.995E+02 7.048E-03 2.543E-05  1.98E-03
1.884E+02 7.931E-03 3.204E-05  2.22E-03
1.778E+02 8.928E-03 4.036E-05  2.48E-03
1.679E+02 1.006E-02 5.085E-05  2.78E-03
1.585E+02 1.133E-02 6.408E-05  3.11E-03
1.496E+02 1.278E-02 8.075E-05  3.48E-03
1.413E+02 1.441E-02 1.018E-04  3.90E-03
1.334E+02 1.627E-02 1.283E-04  4.36E-03
1.259E+02 1.838E-02 1.617E-04  4.87E-03
1.189E+02 2.077E-02 2.039E-04  5.44E-03
1.122E+02 2.348E-02 2.572E-04  6.08E-03
1.059E+02 2.659E-02 3.243E-04  6.78E-03
1.000E+02 3.013E-02 4.091E-04  7.55E-03
9.441E+01 3.419E-02 5.161E-04  8.41E-03
8.913E+01 3.882E-02 6.512E-04  9.36E-03
8.414E+01 4.413E-02 8.219E-04  1.04E-02
7.943E+01 5.024E-02 1.037E-03  1.15E-02
7.499E+01 5.720E-02 1.310E-03  1.28E-02
7.079E+01 6.525E-02 1.654E-03  1.41E-02
6.683E+01 7.452E-02 2.089E-03  1.55E-02
6.310E+01 8.516E-02 2.638E-03  1.71E-02
5.957E+01 9.737E-02 3.332E-03  1.87E-02
5.623E+01 1.114E-01 4.208E-03  2.05E-02
5.309E+01 1.275E-01 5.313E-03  2.23E-02
5.012E+01 1.459E-01 6.709E-03  2.42E-02
4.732E+01 1.670E-01 8.469E-03  2.63E-02
4.467E+01 1.911E-01 1.069E-02  2.84E-02
4.217E+01 2.186E-01 1.349E-02  3.07E-02
3.981E+01 2.496E-01 1.698E-02  3.30E-02
3.758E+01 2.845E-01 2.138E-02  3.55E-02
3.548E+01 3.233E-01 2.700E-02  3.83E-02
3.350E+01 3.681E-01 3.410E-02  4.12E-02
3.162E+01 4.213E-01 4.301E-02  4.40E-02
2.985E+01 4.827E-01 5.414E-02  4.69E-02
2.818E+01 5.512E-01 6.780E-02  5.01E-02
2.661E+01 6.297E-01 8.477E-02  5.33E-02
2.512E+01 7.195E-01 1.058E-01  5.68E-02
2.371E+01 8.153E-01 1.301E-01  6.08E-02
2.239E+01 9.221E-01 1.590E-01  6.50E-02
2.113E+01 1.033E+00 1.896E-01  7.00E-02
1.995E+01 1.147E+00 2.203E-01  7.56E-02
1.884E+01 1.213E+00 2.325E-01  8.36E-02
1.778E+01 1.179E+00 2.271E-01  9.64E-02
1.679E+01 1.081E+00 2.244E-01  1.13E-01
1.585E+01 9.717E-01 2.458E-01  1.35E-01
1.496E+01 9.019E-01 3.131E-01  1.63E-01
1.413E+01 9.351E-01 4.657E-01  2.02E-01
1.334E+01 1.219E+00 6.907E-01  2.38E-01
1.259E+01 1.492E+00 8.593E-01  2.50E-01
1.189E+01 1.634E+00 9.437E-01  2.54E-01
1.122E+01 1.677E+00 9.550E-01  2.66E-01
1.059E+01 1.683E+00 9.197E-01  2.87E-01
1.000E+01 1.633E+00 7.838E-01  3.25E-01
9.441E+00 1.531E+00 6.319E-01  3.63E-01
8.913E+00 1.236E+00 3.642E-01  3.98E-01
8.414E+00 9.746E-01 2.146E-01  4.40E-01
7.943E+00 6.002E-01 1.346E-01  4.85E-01
7.499E+00 3.597E-01 3.373E-01  5.61E-01
7.079E+00 3.488E-01 6.959E-01  6.28E-01
6.683E+00 3.917E-01 1.085E+00  6.50E-01
6.310E+00 4.111E-01 1.465E+00  6.45E-01
5.957E+00 4.090E-01 1.792E+00  6.39E-01
5.623E+00 4.187E-01 2.076E+00  6.53E-01
5.309E+00 4.607E-01 2.409E+00  6.86E-01
5.012E+00 5.146E-01 2.835E+00  7.19E-01
4.732E+00 5.262E-01 3.149E+00  7.28E-01
4.467E+00 5.134E-01 3.214E+00  7.16E-01
4.217E+00 5.441E-01 3.236E+00  7.03E-01
3.981E+00 6.301E-01 3.455E+00  7.13E-01
3.758E+00 6.395E-01 3.565E+00  7.31E-01
3.548E+00 6.075E-01 3.279E+00  7.21E-01
3.350E+00 6.714E-01 3.022E+00  6.87E-01
3.162E+00 7.415E-01 3.036E+00  6.83E-01
2.985E+00 6.681E-01 2.653E+00  6.73E-01
2.818E+00 7.320E-01 2.169E+00  6.20E-01
2.661E+00 7.918E-01 2.036E+00  6.03E-01
2.512E+00 7.157E-01 1.664E+00  5.60E-01
2.371E+00 8.541E-01 1.394E+00  5.14E-01
2.239E+00 7.818E-01 1.365E+00  5.47E-01
2.113E+00 8.469E-01 1.217E+00  5.43E-01
1.995E+00 8.238E-01 1.423E+00  6.48E-01
1.884E+00 8.683E-01 1.489E+00  7.12E-01
1.778E+00 8.445E-01 1.799E+00  7.71E-01
1.679E+00 8.434E-01 1.876E+00  8.25E-01
1.585E+00 8.383E-01 1.986E+00  8.38E-01
1.496E+00 8.607E-01 1.969E+00  8.41E-01
1.413E+00 8.415E-01 1.765E+00  8.41E-01
1.334E+00 8.547E-01 1.541E+00  8.18E-01
1.259E+00 8.524E-01 1.376E+00  8.00E-01
1.189E+00 8.673E-01 1.330E+00  7.92E-01
1.122E+00 8.900E-01 1.403E+00  8.16E-01
1.059E+00 9.075E-01 1.539E+00  8.41E-01
1.000E+00 9.189E-01 1.622E+00  8.56E-01
9.441E-01 9.278E-01 1.562E+00  8.61E-01
8.913E-01 9.333E-01 1.400E+00  8.59E-01
8.414E-01 9.340E-01 1.274E+00  8.58E-01
7.943E-01 9.390E-01 1.289E+00  8.71E-01
7.499E-01 9.533E-01 1.395E+00  8.88E-01
7.079E-01 9.545E-01 1.421E+00  8.93E-01
6.683E-01 9.593E-01 1.297E+00  8.87E-01
6.310E-01 9.625E-01 1.233E+00  8.86E-01
5.957E-01 9.754E-01 1.296E+00  8.99E-01
5.623E-01 9.756E-01 1.318E+00  9.06E-01
5.309E-01 9.757E-01 1.228E+00  9.03E-01
5.012E-01 9.782E-01 1.227E+00  9.08E-01
4.732E-01 9.806E-01 1.272E+00  9.13E-01
4.467E-01 9.837E-01 1.206E+00  9.12E-01
4.217E-01 9.819E-01 1.222E+00  9.16E-01
3.981E-01 9.827E-01 1.221E+00  9.18E-01
3.758E-01 9.800E-01 1.195E+00  9.18E-01
3.548E-01 9.781E-01 1.212E+00  9.20E-01
3.350E-01 9.760E-01 1.191E+00  9.20E-01
3.162E-01 9.731E-01 1.193E+00  9.21E-01
2.985E-01 9.692E-01 1.199E+00  9.22E-01
2.818E-01 9.649E-01 1.184E+00  9.20E-01
2.661E-01 9.604E-01 1.183E+00  9.20E-01
2.512E-01 9.549E-01 1.185E+00  9.19E-01
2.371E-01 9.478E-01 1.186E+00  9.16E-01
2.239E-01 9.416E-01 1.190E+00  9.14E-01
2.113E-01 9.349E-01 1.192E+00  9.11E-01
1.995E-01 9.257E-01 1.197E+00  9.07E-01
1.884E-01 9.151E-01 1.203E+00  9.01E-01
1.778E-01 9.036E-01 1.210E+00  8.94E-01
1.679E-01 8.909E-01 1.219E+00  8.87E-01
1.585E-01 8.730E-01 1.233E+00  8.75E-01
1.496E-01 8.450E-01 1.260E+00  8.55E-01
1.413E-01 8.581E-01 1.245E+00  8.70E-01
1.334E-01 8.641E-01 1.234E+00  8.77E-01
1.259E-01 8.609E-01 1.234E+00  8.76E-01
1.189E-01 8.488E-01 1.243E+00  8.70E-01
1.122E-01 8.448E-01 1.244E+00  8.70E-01
1.059E-01 8.262E-01 1.260E+00  8.59E-01
1.000E-01 8.152E-01 1.268E+00  8.56E-01
9.441E-02 8.088E-01 1.271E+00  8.56E-01
8.913E-02 8.126E-01 1.262E+00  8.64E-01
8.414E-02 8.080E-01 1.264E+00  8.62E-01
7.943E-02 7.899E-01 1.279E+00  8.54E-01
7.499E-02 7.685E-01 1.297E+00  8.45E-01
7.079E-02 7.517E-01 1.310E+00  8.41E-01
6.683E-02 7.312E-01 1.326E+00  8.35E-01
6.310E-02 7.110E-01 1.341E+00  8.33E-01
5.957E-02 7.348E-01 1.311E+00  8.63E-01
5.623E-02 8.122E-01 1.229E+00  9.12E-01
5.309E-02 8.425E-01 1.196E+00  9.31E-01
5.012E-02 8.618E-01 1.174E+00  9.42E-01
4.732E-02 8.749E-01 1.159E+00  9.50E-01
4.467E-02 8.845E-01 1.148E+00  9.56E-01
4.217E-02 8.921E-01 1.138E+00  9.61E-01
3.981E-02 8.983E-01 1.130E+00  9.65E-01
3.758E-02 9.035E-01 1.123E+00  9.68E-01
3.548E-02 9.082E-01 1.117E+00  9.71E-01
3.350E-02 9.126E-01 1.111E+00  9.74E-01
3.162E-02 9.167E-01 1.106E+00  9.77E-01
2.985E-02 9.206E-01 1.100E+00  9.79E-01
2.818E-02 9.245E-01 1.095E+00  9.81E-01
2.661E-02 9.285E-01 1.090E+00  9.83E-01
2.512E-02 9.327E-01 1.084E+00  9.85E-01
2.371E-02 9.375E-01 1.078E+00  9.87E-01
2.239E-02 9.427E-01 1.072E+00  9.89E-01
2.113E-02 9.464E-01 1.067E+00  9.91E-01
1.995E-02 9.513E-01 1.061E+00  9.92E-01
1.884E-02 9.566E-01 1.055E+00  9.93E-01
1.778E-02 9.567E-01 1.054E+00  9.94E-01
1.679E-02 9.587E-01 1.051E+00  9.94E-01
1.585E-02 9.612E-01 1.048E+00  9.95E-01
1.496E-02 9.636E-01 1.045E+00  9.96E-01
1.413E-02 9.663E-01 1.041E+00  9.96E-01
1.334E-02 9.703E-01 1.036E+00  9.97E-01
1.259E-02 9.717E-01 1.034E+00  9.97E-01
1.189E-02 9.731E-01 1.027E+00  9.98E-01
1.122E-02 9.762E-01 1.024E+00  9.98E-01
1.059E-02 9.816E-01 1.018E+00  9.99E-01
1.000E-02 9.788E-01 1.021E+00  9.98E-01
9.441E-03 9.790E-01 1.021E+00  9.99E-01
8.913E-03 9.798E-01 1.020E+00  9.99E-01
8.414E-03 9.808E-01 1.019E+00  9.99E-01
7.943E-03 9.820E-01 1.018E+00  9.99E-01
7.499E-03 9.835E-01 1.017E+00  9.99E-01
7.079E-03 9.845E-01 1.016E+00  9.99E-01
6.683E-03 9.851E-01 1.015E+00  9.99E-01
6.310E-03 9.859E-01 1.014E+00  9.99E-01
5.957E-03 9.866E-01 1.013E+00  1.00E+00
5.623E-03 9.872E-01 1.013E+00  1.00E+00
5.309E-03 9.876E-01 1.012E+00  1.00E+00
5.012E-03 9.878E-01 1.012E+00  1.00E+00
4.732E-03 9.877E-01 1.012E+00  1.00E+00
4.467E-03 9.875E-01 1.012E+00  1.00E+00
4.217E-03 9.871E-01 1.013E+00  1.00E+00
3.981E-03 9.865E-01 1.014E+00  1.00E+00
3.758E-03 9.856E-01 1.014E+00  1.00E+00
3.548E-03 9.844E-01 1.016E+00  9.99E-01
3.350E-03 9.828E-01 1.017E+00  9.99E-01
3.162E-03 9.806E-01 1.019E+00  9.99E-01
2.985E-03 9.779E-01 1.022E+00  9.99E-01
2.818E-03 9.741E-01 1.026E+00  1.00E+00
2.661E-03 9.689E-01 1.031E+00  1.00E+00
2.512E-03 9.619E-01 1.038E+00  1.00E+00
2.371E-03 9.528E-01 1.047E+00  1.00E+00
2.239E-03 9.899E-01 1.010E+00  1.00E+00
2.113E-03 9.878E-01 1.012E+00  1.00E+00
1.995E-03 9.851E-01 1.015E+00  1.00E+00
1.884E-03 9.816E-01 1.018E+00  1.00E+00
1.778E-03 9.769E-01 1.023E+00  1.00E+00
1.679E-03 9.707E-01 1.029E+00  1.00E+00
1.585E-03 9.879E-01 1.012E+00  1.00E+00
1.496E-03 9.846E-01 1.015E+00  1.00E+00
1.413E-03 9.837E-01 1.016E+00  1.00E+00
1.334E-03 9.791E-01 1.021E+00  1.00E+00
1.259E-03 9.730E-01 1.027E+00  1.00E+00
1.189E-03 9.649E-01 1.035E+00  1.00E+00
1.122E-03 9.536E-01 1.046E+00  1.00E+00
1.059E-03 9.388E-01 1.060E+00  1.00E+00
1.000E-03 9.193E-01 1.080E+00  1.00E+00
