1.000E+03 6.122E-05 1.007E-10  3.99E-06
9.441E+02 6.870E-05 1.268E-10  4.48E-06
8.913E+02 7.709E-05 1.596E-10  5.02E-06
8.414E+02 8.650E-05 2.010E-10  5.63E-06
7.943E+02 9.707E-05 2.530E-10  6.32E-06
7.499E+02 1.089E-04 3.185E-10  7.09E-06
7.079E+02 1.222E-04 4.010E-10  7.96E-06
6.683E+02 1.372E-04 5.048E-10  8.93E-06
6.310E+02 1.539E-04 6.356E-10  1.00E-05
5.957E+02 1.727E-04 8.002E-10  1.12E-05
5.623E+02 1.938E-04 1.007E-09  1.26E-05
5.309E+02 2.175E-04 1.268E-09  1.41E-05
5.012E+02 2.441E-04 1.597E-09  1.59E-05
4.732E+02 2.739E-04 2.010E-09  1.78E-05
4.467E+02 3.075E-04 2.531E-09  2.00E-05
4.217E+02 3.452E-04 3.186E-09  2.24E-05
3.981E+02 3.874E-04 4.011E-09  2.51E-05
3.758E+02 4.348E-04 5.051E-09  2.82E-05
3.548E+02 4.880E-04 6.359E-09  3.16E-05
3.350E+02 5.480E-04 8.006E-09  3.54E-05
3.162E+02 6.153E-04 1.008E-08  3.97E-05
2.985E+02 6.909E-04 1.269E-08  4.45E-05
2.818E+02 7.757E-04 1.598E-08  4.99E-05
2.661E+02 8.711E-04 2.012E-08  5.60E-05
2.512E+02 9.782E-04 2.534E-08  6.28E-05
2.371E+02 1.099E-03 3.190E-08  7.04E-05
2.239E+02 1.235E-03 4.017E-08  7.89E-05
2.113E+02 1.387E-03 5.057E-08  8.84E-05
1.995E+02 1.559E-03 6.368E-08  9.90E-05
1.884E+02 1.752E-03 8.019E-08  1.11E-04
1.778E+02 1.969E-03 1.010E-07  1.24E-04
1.679E+02 2.214E-03 1.272E-07  1.39E-04
1.585E+02 2.490E-03 1.602E-07  1.56E-04
1.496E+02 2.801E-03 2.017E-07  1.74E-04
1.413E+02 3.152E-03 2.540E-07  1.95E-04
1.334E+02 3.548E-03 3.199E-07  2.18E-04
1.259E+02 3.995E-03 4.030E-07  2.43E-04
1.189E+02 4.499E-03 5.076E-07  2.72E-04
1.122E+02 5.068E-03 6.395E-07  3.04E-04
1.059E+02 5.714E-03 8.055E-07  3.39E-04
1.000E+02 6.445E-03 1.015E-06  3.77E-04
9.441E+01 7.274E-03 1.278E-06  4.20E-04
8.913E+01 8.213E-03 1.610E-06  4.67E-04
8.414E+01 9.277E-03 2.028E-06  5.19E-04
7.943E+01 1.049E-02 2.555E-06  5.75E-04
7.499E+01 1.185E-02 3.219E-06  6.37E-04
7.079E+01 1.341E-02 4.053E-06  7.04E-04
6.683E+01 1.518E-02 5.104E-06  7.76E-04
6.310E+01 1.718E-02 6.425E-06  8.53E-04
5.957E+01 1.944E-02 8.087E-06  9.37E-04
5.623E+01 2.201E-02 1.017E-05  1.03E-03
5.309E+01 2.490E-02 1.279E-05  1.12E-03
5.012E+01 2.815E-02 1.608E-05  1.22E-03
4.732E+01 3.181E-02 2.019E-05  1.33E-03
4.467E+01 3.593E-02 2.535E-05  1.44E-03
4.217E+01 4.056E-02 3.180E-05  1.56E-03
3.981E+01 4.569E-02 3.980E-05  1.69E-03
3.758E+01 5.136E-02 4.979E-05  1.82E-03
3.548E+01 5.744E-02 6.245E-05  1.98E-03
3.350E+01 6.437E-02 7.832E-05  2.14E-03
3.162E+01 7.259E-02 9.817E-05  2.30E-03
2.985E+01 8.207E-02 1.229E-04  2.47E-03
2.818E+01 9.264E-02 1.532E-04  2.64E-03
2.661E+01 1.048E-01 1.911E-04  2.83E-03
2.512E+01 1.190E-01 2.386E-04  3.02E-03
2.371E+01 1.346E-01 2.950E-04  3.22E-03
2.239E+01 1.530E-01 3.649E-04  3.43E-03
2.113E+01 1.742E-01 4.450E-04  3.65E-03
1.995E+01 1.995E-01 5.364E-04  3.87E-03
1.884E+01 2.216E-01 5.990E-04  4.17E-03
1.778E+01 2.223E-01 6.144E-04  4.71E-03
1.679E+01 2.025E-01 6.209E-04  5.48E-03
1.585E+01 1.736E-01 6.765E-04  6.47E-03
1.496E+01 1.481E-01 8.417E-04  7.72E-03
1.413E+01 1.346E-01 1.213E-03  9.37E-03
1.334E+01 1.626E-01 1.880E-03  1.10E-02
1.259E+01 2.165E-01 2.719E-03  1.18E-02
1.189E+01 2.887E-01 3.759E-03  1.20E-02
1.122E+01 3.751E-01 4.976E-03  1.19E-02
1.059E+01 4.923E-01 6.536E-03  1.16E-02
1.000E+01 5.877E-01 7.179E-03  1.20E-02
9.441E+00 6.404E-01 7.049E-03  1.29E-02
8.913E+00 4.679E-01 3.682E-03  1.53E-02
8.414E+00 3.042E-01 1.844E-03  1.81E-02
7.943E+00 1.433E-01 9.209E-04  2.13E-02
7.499E+00 6.529E-02 2.001E-03  2.53E-02
7.079E+00 5.247E-02 4.042E-03  2.96E-02
6.683E+00 5.286E-02 6.426E-03  3.41E-02
6.310E+00 5.343E-02 9.303E-03  3.89E-02
5.957E+00 5.313E-02 1.294E-02  4.42E-02
5.623E+00 5.325E-02 1.758E-02  5.01E-02
5.309E+00 5.428E-02 2.352E-02  5.66E-02
5.012E+00 5.619E-02 3.113E-02  6.40E-02
4.732E+00 5.893E-02 4.079E-02  7.22E-02
4.467E+00 6.233E-02 5.307E-02  8.15E-02
4.217E+00 6.639E-02 6.857E-02  9.18E-02
3.981E+00 7.077E-02 8.811E-02  1.04E-01
3.758E+00 7.548E-02 1.127E-01  1.17E-01
3.548E+00 8.072E-02 1.434E-01  1.32E-01
3.350E+00 8.641E-02 1.814E-01  1.49E-01
3.162E+00 9.223E-02 2.284E-01  1.69E-01
2.985E+00 9.886E-02 2.858E-01  1.91E-01
2.818E+00 1.064E-01 3.550E-01  2.18E-01
2.661E+00 1.150E-01 4.370E-01  2.49E-01
2.512E+00 1.248E-01 5.326E-01  2.86E-01
2.371E+00 1.366E-01 6.426E-01  3.30E-01
2.239E+00 1.508E-01 7.693E-01  3.82E-01
2.113E+00 1.687E-01 9.175E-01  4.40E-01
1.995E+00 1.917E-01 1.100E+00  5.01E-01
1.884E+00 2.201E-01 1.334E+00  5.55E-01
1.778E+00 2.506E-01 1.634E+00  5.91E-01
1.679E+00 2.745E-01 1.971E+00  5.99E-01
1.585E+00 2.823E-01 2.261E+00  5.89E-01
1.496E+00 2.770E-01 2.441E+00  5.77E-01
1.413E+00 2.744E-01 2.542E+00  5.77E-01
1.334E+00 2.905E-01 2.658E+00  5.97E-01
1.259E+00 3.348E-01 2.897E+00  6.36E-01
1.189E+00 3.960E-01 3.302E+00  6.79E-01
1.122E+00 4.207E-01 3.644E+00  7.01E-01
1.059E+00 4.011E-01 3.657E+00  6.95E-01
1.000E+00 3.959E-01 3.520E+00  6.75E-01
9.441E-01 4.504E-01 3.546E+00  6.66E-01
8.913E-01 5.330E-01 3.841E+00  6.89E-01
8.414E-01 5.090E-01 3.759E+00  7.08E-01
7.943E-01 4.930E-01 3.333E+00  6.90E-01
7.499E-01 5.824E-01 3.115E+00  6.44E-01
7.079E-01 6.240E-01 3.122E+00  6.52E-01
6.683E-01 5.633E-01 2.624E+00  6.40E-01
6.310E-01 6.603E-01 2.153E+00  5.71E-01
5.957E-01 6.855E-01 2.033E+00  5.63E-01
5.623E-01 6.342E-01 1.618E+00  5.14E-01
5.309E-01 7.873E-01 1.411E+00  4.82E-01
5.012E-01 7.048E-01 1.397E+00  5.21E-01
4.732E-01 8.094E-01 1.285E+00  5.39E-01
4.467E-01 7.649E-01 1.551E+00  6.55E-01
4.217E-01 8.159E-01 1.638E+00  7.27E-01
3.981E-01 7.883E-01 1.948E+00  7.87E-01
3.758E-01 7.666E-01 2.045E+00  8.22E-01
3.548E-01 8.205E-01 2.026E+00  8.37E-01
3.350E-01 8.038E-01 1.904E+00  8.17E-01
3.162E-01 8.088E-01 1.636E+00  8.00E-01
2.985E-01 8.070E-01 1.404E+00  7.61E-01
2.818E-01 8.315E-01 1.372E+00  7.61E-01
2.661E-01 8.504E-01 1.561E+00  8.00E-01
2.512E-01 8.663E-01 1.722E+00  8.27E-01
2.371E-01 8.494E-01 1.593E+00  8.19E-01
2.239E-01 8.699E-01 1.341E+00  8.06E-01
2.113E-01 9.795E-01 1.413E+00  8.63E-01
1.995E-01 1.040E+00 1.295E+00  8.76E-01
1.884E-01 1.065E+00 1.238E+00  8.86E-01
1.778E-01 1.055E+00 1.245E+00  8.85E-01
1.679E-01 1.034E+00 1.253E+00  8.78E-01
1.585E-01 1.008E+00 1.268E+00  8.67E-01
1.496E-01 9.730E-01 1.299E+00  8.49E-01
1.413E-01 9.852E-01 1.281E+00  8.65E-01
1.334E-01 9.858E-01 1.269E+00  8.71E-01
1.259E-01 9.776E-01 1.268E+00  8.72E-01
1.189E-01 9.607E-01 1.279E+00  8.66E-01
1.122E-01 9.522E-01 1.280E+00  8.67E-01
1.059E-01 9.293E-01 1.299E+00  8.57E-01
1.000E-01 9.132E-01 1.308E+00  8.54E-01
9.441E-02 9.009E-01 1.311E+00  8.55E-01
8.913E-02 8.975E-01 1.300E+00  8.63E-01
8.414E-02 8.888E-01 1.302E+00  8.61E-01
7.943E-02 8.645E-01 1.319E+00  8.54E-01
7.499E-02 8.349E-01 1.338E+00  8.46E-01
7.079E-02 8.092E-01 1.351E+00  8.42E-01
6.683E-02 7.787E-01 1.367E+00  8.37E-01
6.310E-02 7.467E-01 1.381E+00  8.35E-01
5.957E-02 7.590E-01 1.344E+00  8.63E-01
5.623E-02 8.351E-01 1.251E+00  9.11E-01
5.309E-02 8.647E-01 1.212E+00  9.29E-01
5.012E-02 8.831E-01 1.187E+00  9.40E-01
4.732E-02 8.950E-01 1.169E+00  9.48E-01
4.467E-02 9.032E-01 1.156E+00  9.54E-01
4.217E-02 9.093E-01 1.145E+00  9.59E-01
3.981E-02 9.138E-01 1.136E+00  9.63E-01
3.758E-02 9.175E-01 1.128E+00  9.67E-01
3.548E-02 9.204E-01 1.120E+00  9.70E-01
3.350E-02 9.231E-01 1.114E+00  9.73E-01
3.162E-02 9.256E-01 1.107E+00  9.75E-01
2.985E-02 9.279E-01 1.101E+00  9.78E-01
2.818E-02 9.302E-01 1.095E+00  9.80E-01
2.661E-02 9.327E-01 1.089E+00  9.82E-01
2.512E-02 9.354E-01 1.082E+00  9.84E-01
2.371E-02 9.388E-01 1.075E+00  9.87E-01
2.239E-02 9.434E-01 1.068E+00  9.88E-01
2.113E-02 9.461E-01 1.062E+00  9.90E-01
1.995E-02 9.502E-01 1.055E+00  9.91E-01
1.884E-02 9.563E-01 1.048E+00  9.93E-01
1.778E-02 9.549E-01 1.047E+00  9.93E-01
1.679E-02 9.559E-01 1.044E+00  9.94E-01
1.585E-02 9.574E-01 1.041E+00  9.95E-01
1.496E-02 9.589E-01 1.037E+00  9.95E-01
1.413E-02 9.606E-01 1.033E+00  9.96E-01
1.334E-02 9.648E-01 1.028E+00  9.97E-01
1.259E-02 9.658E-01 1.026E+00  9.97E-01
1.189E-02 9.654E-01 1.025E+00  9.97E-01
1.122E-02 9.674E-01 1.022E+00  9.98E-01
1.059E-02 9.786E-01 1.010E+00  9.98E-01
1.000E-02 9.725E-01 1.018E+00  9.98E-01
9.441E-03 9.708E-01 1.019E+00  9.98E-01
8.913E-03 9.699E-01 1.020E+00  9.98E-01
8.414E-03 9.692E-01 1.020E+00  9.99E-01
7.943E-03 9.686E-01 1.022E+00  9.99E-01
7.499E-03 9.682E-01 1.023E+00  9.99E-01
7.079E-03 9.691E-01 1.023E+00  9.99E-01
6.683E-03 9.674E-01 1.027E+00  9.99E-01
6.310E-03 9.653E-01 1.032E+00  9.99E-01
5.957E-03 9.628E-01 1.037E+00  9.99E-01
5.623E-03 9.593E-01 1.044E+00  9.99E-01
5.309E-03 9.548E-01 1.051E+00  1.00E+00
5.012E-03 9.489E-01 1.057E+00  1.00E+00
4.732E-03 9.413E-01 1.063E+00  1.00E+00
4.467E-03 9.315E-01 1.069E+00  1.00E+00
4.217E-03 9.192E-01 1.078E+00  1.00E+00
3.981E-03 9.039E-01 1.093E+00  1.00E+00
3.758E-03 8.852E-01 1.122E+00  1.00E+00
3.548E-03 8.628E-01 1.170E+00  1.00E+00
3.350E-03 8.364E-01 1.243E+00  1.00E+00
3.162E-03 8.062E-01 1.344E+00  1.00E+00
2.985E-03 7.729E-01 1.467E+00  1.00E+00
2.818E-03 7.344E-01 1.617E+00  1.00E+00
2.661E-03 6.913E-01 1.287E+00  1.00E+00
2.512E-03 6.477E-01 1.320E+00  1.00E+00
2.371E-03 6.029E-01 1.315E+00  1.00E+00
2.239E-03 8.588E-01 1.107E+00  1.00E+00
2.113E-03 8.324E-01 1.133E+00  1.00E+00
1.995E-03 8.012E-01 1.160E+00  1.00E+00
1.884E-03 7.655E-01 1.186E+00  1.00E+00
1.778E-03 7.256E-01 1.209E+00  1.00E+00
1.679E-03 6.822E-01 1.178E+00  1.00E+00
1.585E-03 8.221E-01 1.118E+00  1.00E+00
1.496E-03 7.861E-01 1.143E+00  1.00E+00
1.413E-03 7.777E-01 1.153E+00  1.00E+00
1.334E-03 7.382E-01 1.181E+00  1.00E+00
1.259E-03 6.952E-01 1.208E+00  1.00E+00
1.189E-03 6.497E-01 1.234E+00  1.00E+00
1.122E-03 6.005E-01 1.257E+00  1.00E+00
1.059E-03 5.506E-01 1.273E+00  1.00E+00
1.000E-03 5.001E-01 1.276E+00  1.00E+00
