1.000E+03 7.707E-05 2.530E-10  6.32E-06
9.441E+02 8.649E-05 3.185E-10  7.09E-06
8.913E+02 9.705E-05 4.010E-10  7.96E-06
8.414E+02 1.089E-04 5.048E-10  8.93E-06
7.943E+02 1.222E-04 6.355E-10  1.00E-05
7.499E+02 1.371E-04 8.000E-10  1.12E-05
7.079E+02 1.539E-04 1.007E-09  1.26E-05
6.683E+02 1.727E-04 1.268E-09  1.41E-05
6.310E+02 1.938E-04 1.596E-09  1.59E-05
5.957E+02 2.174E-04 2.010E-09  1.78E-05
5.623E+02 2.440E-04 2.531E-09  2.00E-05
5.309E+02 2.738E-04 3.186E-09  2.24E-05
5.012E+02 3.073E-04 4.011E-09  2.51E-05
4.732E+02 3.449E-04 5.050E-09  2.82E-05
4.467E+02 3.871E-04 6.357E-09  3.16E-05
4.217E+02 4.346E-04 8.003E-09  3.55E-05
3.981E+02 4.877E-04 1.008E-08  3.98E-05
3.758E+02 5.474E-04 1.269E-08  4.46E-05
3.548E+02 6.145E-04 1.597E-08  5.01E-05
3.350E+02 6.899E-04 2.011E-08  5.61E-05
3.162E+02 7.747E-04 2.532E-08  6.29E-05
2.985E+02 8.700E-04 3.188E-08  7.06E-05
2.818E+02 9.768E-04 4.014E-08  7.92E-05
2.661E+02 1.097E-03 5.054E-08  8.87E-05
2.512E+02 1.232E-03 6.364E-08  9.95E-05
2.371E+02 1.384E-03 8.013E-08  1.12E-04
2.239E+02 1.555E-03 1.009E-07  1.25E-04
2.113E+02 1.747E-03 1.270E-07  1.40E-04
1.995E+02 1.964E-03 1.600E-07  1.57E-04
1.884E+02 2.207E-03 2.014E-07  1.76E-04
1.778E+02 2.480E-03 2.537E-07  1.97E-04
1.679E+02 2.789E-03 3.195E-07  2.20E-04
1.585E+02 3.136E-03 4.023E-07  2.47E-04
1.496E+02 3.529E-03 5.067E-07  2.76E-04
1.413E+02 3.971E-03 6.382E-07  3.09E-04
1.334E+02 4.471E-03 8.039E-07  3.45E-04
1.259E+02 5.034E-03 1.013E-06  3.86E-04
1.189E+02 5.670E-03 1.275E-06  4.31E-04
1.122E+02 6.387E-03 1.607E-06  4.81E-04
1.059E+02 7.203E-03 2.024E-06  5.37E-04
1.000E+02 8.126E-03 2.550E-06  5.98E-04
9.441E+01 9.172E-03 3.212E-06  6.66E-04
8.913E+01 1.036E-02 4.047E-06  7.40E-04
8.414E+01 1.170E-02 5.098E-06  8.22E-04
7.943E+01 1.323E-02 6.422E-06  9.11E-04
7.499E+01 1.495E-02 8.091E-06  1.01E-03
7.079E+01 1.692E-02 1.019E-05  1.12E-03
6.683E+01 1.916E-02 1.283E-05  1.23E-03
6.310E+01 2.170E-02 1.615E-05  1.35E-03
5.957E+01 2.456E-02 2.033E-05  1.48E-03
5.623E+01 2.782E-02 2.558E-05  1.63E-03
5.309E+01 3.148E-02 3.217E-05  1.78E-03
5.012E+01 3.560E-02 4.044E-05  1.94E-03
4.732E+01 4.025E-02 5.080E-05  2.10E-03
4.467E+01 4.548E-02 6.379E-05  2.28E-03
4.217E+01 5.137E-02 8.005E-05  2.47E-03
3.981E+01 5.789E-02 1.002E-04  2.67E-03
3.758E+01 6.511E-02 1.254E-04  2.89E-03
3.548E+01 7.286E-02 1.573E-04  3.13E-03
3.350E+01 8.171E-02 1.973E-04  3.38E-03
3.162E+01 9.220E-02 2.474E-04  3.64E-03
2.985E+01 1.043E-01 3.098E-04  3.90E-03
2.818E+01 1.178E-01 3.864E-04  4.18E-03
2.661E+01 1.334E-01 4.821E-04  4.47E-03
2.512E+01 1.515E-01 6.022E-04  4.77E-03
2.371E+01 1.716E-01 7.449E-04  5.09E-03
2.239E+01 1.951E-01 9.217E-04  5.42E-03
2.113E+01 2.222E-01 1.124E-03  5.77E-03
1.995E+01 2.544E-01 1.355E-03  6.12E-03
1.884E+01 2.824E-01 1.512E-03  6.60E-03
1.778E+01 2.832E-01 1.549E-03  7.45E-03
1.679E+01 2.579E-01 1.565E-03  8.66E-03
1.585E+01 2.216E-01 1.706E-03  1.02E-02
1.496E+01 1.896E-01 2.125E-03  1.22E-02
1.413E+01 1.733E-01 3.071E-03  1.48E-02
1.334E+01 2.106E-01 4.771E-03  1.73E-02
1.259E+01 2.814E-01 6.910E-03  1.87E-02
1.189E+01 3.757E-01 9.554E-03  1.90E-02
1.122E+01 4.872E-01 1.263E-02  1.88E-02
1.059E+01 6.358E-01 1.650E-02  1.84E-02
1.000E+01 7.504E-01 1.792E-02  1.91E-02
9.441E+00 8.053E-01 1.732E-02  2.07E-02
8.913E+00 5.840E-01 8.959E-03  2.45E-02
8.414E+00 3.817E-01 4.497E-03  2.89E-02
7.943E+00 1.817E-01 2.261E-03  3.39E-02
7.499E+00 8.401E-02 4.960E-03  4.01E-02
7.079E+00 6.828E-02 1.008E-02  4.69E-02
6.683E+00 6.940E-02 1.607E-02  5.39E-02
6.310E+00 7.071E-02 2.331E-02  6.15E-02
5.957E+00 7.088E-02 3.246E-02  6.99E-02
5.623E+00 7.164E-02 4.414E-02  7.92E-02
5.309E+00 7.363E-02 5.906E-02  8.97E-02
5.012E+00 7.685E-02 7.807E-02  1.02E-01
4.732E+00 8.127E-02 1.020E-01  1.15E-01
4.467E+00 8.666E-02 1.321E-01  1.30E-01
4.217E+00 9.303E-02 1.696E-01  1.47E-01
3.981E+00 9.990E-02 2.157E-01  1.67E-01
3.758E+00 1.073E-01 2.722E-01  1.90E-01
3.548E+00 1.155E-01 3.401E-01  2.16E-01
3.350E+00 1.245E-01 4.206E-01  2.48E-01
3.162E+00 1.341E-01 5.149E-01  2.85E-01
2.985E+00 1.456E-01 6.239E-01  3.28E-01
2.818E+00 1.599E-01 7.497E-01  3.80E-01
2.661E+00 1.781E-01 8.974E-01  4.38E-01
2.512E+00 2.013E-01 1.078E+00  4.99E-01
2.371E+00 2.303E-01 1.309E+00  5.54E-01
2.239E+00 2.613E-01 1.604E+00  5.90E-01
2.113E+00 2.851E-01 1.938E+00  6.00E-01
1.995E+00 2.925E-01 2.233E+00  5.90E-01
1.884E+00 2.863E-01 2.420E+00  5.78E-01
1.778E+00 2.828E-01 2.526E+00  5.78E-01
1.679E+00 2.989E-01 2.645E+00  5.98E-01
1.585E+00 3.440E-01 2.882E+00  6.37E-01
1.496E+00 4.051E-01 3.284E+00  6.80E-01
1.413E+00 4.289E-01 3.626E+00  7.01E-01
1.334E+00 4.078E-01 3.644E+00  6.96E-01
1.259E+00 4.012E-01 3.512E+00  6.76E-01
1.189E+00 4.557E-01 3.538E+00  6.66E-01
1.122E+00 5.386E-01 3.832E+00  6.90E-01
1.059E+00 5.141E-01 3.750E+00  7.08E-01
1.000E+00 4.979E-01 3.328E+00  6.90E-01
9.441E-01 5.868E-01 3.110E+00  6.46E-01
8.913E-01 6.304E-01 3.120E+00  6.54E-01
8.414E-01 5.690E-01 2.632E+00  6.42E-01
7.943E-01 6.622E-01 2.161E+00  5.76E-01
7.499E-01 6.935E-01 2.047E+00  5.69E-01
7.079E-01 6.375E-01 1.642E+00  5.22E-01
6.683E-01 7.907E-01 1.421E+00  4.84E-01
6.310E-01 7.098E-01 1.401E+00  5.23E-01
5.957E-01 8.046E-01 1.267E+00  5.29E-01
5.623E-01 7.676E-01 1.511E+00  6.44E-01
5.309E-01 8.275E-01 1.581E+00  7.13E-01
5.012E-01 7.974E-01 1.902E+00  7.74E-01
4.732E-01 7.846E-01 1.977E+00  8.22E-01
4.467E-01 8.103E-01 2.034E+00  8.36E-01
4.217E-01 8.303E-01 1.984E+00  8.28E-01
3.981E-01 8.045E-01 1.727E+00  8.23E-01
3.758E-01 8.195E-01 1.459E+00  7.87E-01
3.548E-01 8.281E-01 1.319E+00  7.74E-01
3.350E-01 8.268E-01 1.393E+00  7.84E-01
3.162E-01 8.349E-01 1.589E+00  8.16E-01
2.985E-01 8.513E-01 1.690E+00  8.41E-01
2.818E-01 8.724E-01 1.540E+00  8.42E-01
2.661E-01 8.976E-01 1.309E+00  8.31E-01
2.512E-01 8.964E-01 1.372E+00  8.43E-01
2.371E-01 8.756E-01 1.555E+00  8.58E-01
2.239E-01 9.007E-01 1.362E+00  8.42E-01
2.113E-01 9.954E-01 1.306E+00  8.79E-01
1.995E-01 1.030E+00 1.251E+00  8.90E-01
1.884E-01 1.034E+00 1.239E+00  8.93E-01
1.778E-01 1.019E+00 1.237E+00  8.88E-01
1.679E-01 1.000E+00 1.247E+00  8.81E-01
1.585E-01 9.760E-01 1.263E+00  8.70E-01
1.496E-01 9.432E-01 1.292E+00  8.51E-01
1.413E-01 9.555E-01 1.275E+00  8.67E-01
1.334E-01 9.573E-01 1.263E+00  8.73E-01
1.259E-01 9.502E-01 1.263E+00  8.74E-01
1.189E-01 9.345E-01 1.273E+00  8.68E-01
1.122E-01 9.269E-01 1.274E+00  8.68E-01
1.059E-01 9.050E-01 1.293E+00  8.58E-01
1.000E-01 8.899E-01 1.301E+00  8.55E-01
9.441E-02 8.788E-01 1.304E+00  8.56E-01
8.913E-02 8.770E-01 1.294E+00  8.63E-01
8.414E-02 8.692E-01 1.295E+00  8.62E-01
7.943E-02 8.463E-01 1.312E+00  8.54E-01
7.499E-02 8.185E-01 1.331E+00  8.46E-01
7.079E-02 7.949E-01 1.343E+00  8.42E-01
6.683E-02 7.668E-01 1.360E+00  8.37E-01
6.310E-02 7.378E-01 1.374E+00  8.35E-01
5.957E-02 7.531E-01 1.339E+00  8.64E-01
5.623E-02 8.297E-01 1.248E+00  9.12E-01
5.309E-02 8.595E-01 1.211E+00  9.30E-01
5.012E-02 8.781E-01 1.187E+00  9.41E-01
4.732E-02 8.904E-01 1.169E+00  9.49E-01
4.467E-02 8.990E-01 1.156E+00  9.55E-01
4.217E-02 9.054E-01 1.146E+00  9.60E-01
3.981E-02 9.104E-01 1.137E+00  9.64E-01
3.758E-02 9.144E-01 1.129E+00  9.67E-01
3.548E-02 9.178E-01 1.122E+00  9.70E-01
3.350E-02 9.209E-01 1.115E+00  9.73E-01
3.162E-02 9.238E-01 1.109E+00  9.76E-01
2.985E-02 9.265E-01 1.103E+00  9.78E-01
2.818E-02 9.292E-01 1.097E+00  9.80E-01
2.661E-02 9.321E-01 1.091E+00  9.83E-01
2.512E-02 9.352E-01 1.085E+00  9.85E-01
2.371E-02 9.389E-01 1.078E+00  9.87E-01
2.239E-02 9.438E-01 1.071E+00  9.89E-01
2.113E-02 9.467E-01 1.065E+00  9.90E-01
1.995E-02 9.510E-01 1.058E+00  9.92E-01
1.884E-02 9.569E-01 1.051E+00  9.93E-01
1.778E-02 9.559E-01 1.051E+00  9.93E-01
1.679E-02 9.572E-01 1.047E+00  9.94E-01
1.585E-02 9.589E-01 1.044E+00  9.95E-01
1.496E-02 9.607E-01 1.040E+00  9.95E-01
1.413E-02 9.627E-01 1.036E+00  9.96E-01
1.334E-02 9.668E-01 1.030E+00  9.97E-01
1.259E-02 9.679E-01 1.029E+00  9.97E-01
1.189E-02 9.679E-01 1.027E+00  9.97E-01
1.122E-02 9.701E-01 1.023E+00  9.98E-01
1.059E-02 9.802E-01 1.013E+00  9.98E-01
1.000E-02 9.747E-01 1.020E+00  9.98E-01
9.441E-03 9.734E-01 1.020E+00  9.98E-01
8.913E-03 9.729E-01 1.020E+00  9.98E-01
8.414E-03 9.726E-01 1.019E+00  9.99E-01
7.943E-03 9.725E-01 1.019E+00  9.99E-01
7.499E-03 9.727E-01 1.019E+00  9.99E-01
7.079E-03 9.737E-01 1.018E+00  9.99E-01
6.683E-03 9.727E-01 1.019E+00  9.99E-01
6.310E-03 9.717E-01 1.021E+00  9.99E-01
5.957E-03 9.704E-01 1.024E+00  9.99E-01
5.623E-03 9.685E-01 1.029E+00  1.00E+00
5.309E-03 9.660E-01 1.035E+00  1.00E+00
5.012E-03 9.626E-01 1.043E+00  1.00E+00
4.732E-03 9.580E-01 1.054E+00  1.00E+00
4.467E-03 9.519E-01 1.065E+00  1.00E+00
4.217E-03 9.440E-01 1.076E+00  1.00E+00
3.981E-03 9.338E-01 1.083E+00  1.00E+00
3.758E-03 9.208E-01 1.087E+00  1.00E+00
3.548E-03 9.046E-01 1.088E+00  1.00E+00
3.350E-03 8.846E-01 1.112E+00  9.99E-01
3.162E-03 8.608E-01 1.135E+00  9.99E-01
2.985E-03 8.334E-01 1.162E+00  9.99E-01
2.818E-03 8.007E-01 1.193E+00  9.99E-01
2.661E-03 7.628E-01 1.228E+00  1.00E+00
2.512E-03 7.227E-01 1.264E+00  1.00E+00
2.371E-03 6.800E-01 1.284E+00  1.00E+00
2.239E-03 9.030E-01 1.082E+00  1.00E+00
2.113E-03 8.827E-01 1.102E+00  1.00E+00
1.995E-03 8.578E-01 1.125E+00  1.00E+00
1.884E-03 8.283E-01 1.150E+00  1.00E+00
1.778E-03 7.939E-01 1.177E+00  1.00E+00
1.679E-03 7.549E-01 1.179E+00  1.00E+00
1.585E-03 8.749E-01 1.098E+00  1.00E+00
1.496E-03 8.456E-01 1.122E+00  1.00E+00
1.413E-03 8.387E-01 1.130E+00  1.00E+00
1.334E-03 8.049E-01 1.159E+00  1.00E+00
1.259E-03 7.668E-01 1.189E+00  1.00E+00
1.189E-03 7.249E-01 1.222E+00  1.00E+00
1.122E-03 6.779E-01 1.256E+00  1.00E+00
1.059E-03 6.287E-01 1.289E+00  1.00E+00
1.000E-03 5.773E-01 1.316E+00  1.00E+00
