1.000E+03 1.725E-05 6.355E-13  0.00E+00
9.441E+02 1.936E-05 8.000E-13  0.00E+00
8.913E+02 2.173E-05 1.007E-12  0.00E+00
8.414E+02 2.438E-05 1.268E-12  0.00E+00
7.943E+02 2.736E-05 1.596E-12  0.00E+00
7.499E+02 3.070E-05 2.010E-12  5.63E-07
7.079E+02 3.445E-05 2.530E-12  6.32E-07
6.683E+02 3.865E-05 3.185E-12  7.09E-07
6.310E+02 4.337E-05 4.010E-12  7.96E-07
5.957E+02 4.867E-05 5.049E-12  8.93E-07
5.623E+02 5.462E-05 6.356E-12  1.00E-06
5.309E+02 6.129E-05 8.002E-12  1.12E-06
5.012E+02 6.878E-05 1.007E-11  1.26E-06
4.732E+02 7.720E-05 1.268E-11  1.41E-06
4.467E+02 8.665E-05 1.597E-11  1.59E-06
4.217E+02 9.727E-05 2.010E-11  1.78E-06
3.981E+02 1.092E-04 2.531E-11  1.99E-06
3.758E+02 1.225E-04 3.187E-11  2.24E-06
3.548E+02 1.375E-04 4.012E-11  2.51E-06
3.350E+02 1.544E-04 5.051E-11  2.81E-06
3.162E+02 1.734E-04 6.359E-11  3.15E-06
2.985E+02 1.947E-04 8.006E-11  3.54E-06
2.818E+02 2.186E-04 1.008E-10  3.97E-06
2.661E+02 2.454E-04 1.269E-10  4.45E-06
2.512E+02 2.756E-04 1.598E-10  4.99E-06
2.371E+02 3.096E-04 2.013E-10  5.59E-06
2.239E+02 3.478E-04 2.534E-10  6.26E-06
2.113E+02 3.908E-04 3.190E-10  7.02E-06
1.995E+02 4.392E-04 4.017E-10  7.86E-06
1.884E+02 4.935E-04 5.059E-10  8.81E-06
1.778E+02 5.546E-04 6.370E-10  9.86E-06
1.679E+02 6.235E-04 8.022E-10  1.10E-05
1.585E+02 7.011E-04 1.010E-09  1.24E-05
1.496E+02 7.887E-04 1.272E-09  1.38E-05
1.413E+02 8.874E-04 1.602E-09  1.55E-05
1.334E+02 9.987E-04 2.018E-09  1.73E-05
1.259E+02 1.124E-03 2.542E-09  1.93E-05
1.189E+02 1.266E-03 3.202E-09  2.16E-05
1.122E+02 1.426E-03 4.033E-09  2.41E-05
1.059E+02 1.607E-03 5.080E-09  2.69E-05
1.000E+02 1.812E-03 6.398E-09  3.00E-05
9.441E+01 2.045E-03 8.059E-09  3.34E-05
8.913E+01 2.308E-03 1.015E-08  3.71E-05
8.414E+01 2.607E-03 1.279E-08  4.12E-05
7.943E+01 2.946E-03 1.610E-08  4.57E-05
7.499E+01 3.327E-03 2.029E-08  5.06E-05
7.079E+01 3.763E-03 2.554E-08  5.59E-05
6.683E+01 4.258E-03 3.216E-08  6.16E-05
6.310E+01 4.817E-03 4.048E-08  6.78E-05
5.957E+01 5.448E-03 5.094E-08  7.44E-05
5.623E+01 6.164E-03 6.406E-08  8.15E-05
5.309E+01 6.970E-03 8.053E-08  8.90E-05
5.012E+01 7.874E-03 1.012E-07  9.70E-05
4.732E+01 8.892E-03 1.271E-07  1.06E-04
4.467E+01 1.004E-02 1.595E-07  1.15E-04
4.217E+01 1.132E-02 2.000E-07  1.24E-04
3.981E+01 1.274E-02 2.502E-07  1.34E-04
3.758E+01 1.431E-02 3.129E-07  1.45E-04
3.548E+01 1.599E-02 3.922E-07  1.57E-04
3.350E+01 1.790E-02 4.917E-07  1.70E-04
3.162E+01 2.017E-02 6.160E-07  1.83E-04
2.985E+01 2.278E-02 7.706E-07  1.97E-04
2.818E+01 2.569E-02 9.603E-07  2.11E-04
2.661E+01 2.903E-02 1.197E-06  2.26E-04
2.512E+01 3.291E-02 1.494E-06  2.41E-04
2.371E+01 3.722E-02 1.846E-06  2.57E-04
2.239E+01 4.225E-02 2.282E-06  2.74E-04
2.113E+01 4.808E-02 2.781E-06  2.92E-04
1.995E+01 5.503E-02 3.352E-06  3.09E-04
1.884E+01 6.119E-02 3.747E-06  3.33E-04
1.778E+01 6.143E-02 3.848E-06  3.76E-04
1.679E+01 5.591E-02 3.892E-06  4.36E-04
1.585E+01 4.782E-02 4.238E-06  5.16E-04
1.496E+01 4.057E-02 5.262E-06  6.16E-04
1.413E+01 3.657E-02 7.555E-06  7.48E-04
1.334E+01 4.373E-02 1.165E-05  8.75E-04
1.259E+01 5.779E-02 1.679E-05  9.47E-04
1.189E+01 7.682E-02 2.317E-05  9.66E-04
1.122E+01 9.988E-02 3.070E-05  9.60E-04
1.059E+01 1.319E-01 4.052E-05  9.33E-04
1.000E+01 1.599E-01 4.516E-05  9.58E-04
9.441E+00 1.782E-01 4.539E-05  1.02E-03
8.913E+00 1.324E-01 2.418E-05  1.20E-03
8.414E+00 8.553E-02 1.210E-05  1.43E-03
7.943E+00 3.974E-02 5.997E-06  1.69E-03
7.499E+00 1.768E-02 1.283E-05  2.02E-03
7.079E+00 1.393E-02 2.565E-05  2.37E-03
6.683E+00 1.381E-02 4.052E-05  2.73E-03
6.310E+00 1.374E-02 5.836E-05  3.12E-03
5.957E+00 1.345E-02 8.079E-05  3.55E-03
5.623E+00 1.325E-02 1.093E-04  4.03E-03
5.309E+00 1.326E-02 1.456E-04  4.56E-03
5.012E+00 1.346E-02 1.920E-04  5.16E-03
4.732E+00 1.382E-02 2.506E-04  5.82E-03
4.467E+00 1.430E-02 3.251E-04  6.56E-03
4.217E+00 1.487E-02 4.191E-04  7.40E-03
3.981E+00 1.546E-02 5.380E-04  8.33E-03
3.758E+00 1.606E-02 6.886E-04  9.37E-03
3.548E+00 1.671E-02 8.787E-04  1.05E-02
3.350E+00 1.738E-02 1.119E-03  1.18E-02
3.162E+00 1.800E-02 1.423E-03  1.33E-02
2.985E+00 1.871E-02 1.807E-03  1.49E-02
2.818E+00 1.951E-02 2.295E-03  1.68E-02
2.661E+00 2.038E-02 2.911E-03  1.88E-02
2.512E+00 2.133E-02 3.689E-03  2.11E-02
2.371E+00 2.240E-02 4.672E-03  2.37E-02
2.239E+00 2.355E-02 5.915E-03  2.66E-02
2.113E+00 2.482E-02 7.481E-03  2.98E-02
1.995E+00 2.621E-02 9.465E-03  3.34E-02
1.884E+00 2.772E-02 1.197E-02  3.75E-02
1.778E+00 2.940E-02 1.514E-02  4.21E-02
1.679E+00 3.131E-02 1.915E-02  4.71E-02
1.585E+00 3.345E-02 2.420E-02  5.28E-02
1.496E+00 3.578E-02 3.058E-02  5.92E-02
1.413E+00 3.834E-02 3.864E-02  6.64E-02
1.334E+00 4.116E-02 4.881E-02  7.45E-02
1.259E+00 4.429E-02 6.162E-02  8.36E-02
1.189E+00 4.789E-02 7.778E-02  9.38E-02
1.122E+00 5.192E-02 9.807E-02  1.05E-01
1.059E+00 5.639E-02 1.234E-01  1.18E-01
1.000E+00 6.138E-02 1.550E-01  1.33E-01
9.441E-01 6.695E-02 1.940E-01  1.50E-01
8.913E-01 7.315E-02 2.419E-01  1.70E-01
8.414E-01 8.004E-02 3.003E-01  1.93E-01
7.943E-01 8.772E-02 3.704E-01  2.19E-01
7.499E-01 9.635E-02 4.535E-01  2.51E-01
7.079E-01 1.062E-01 5.504E-01  2.88E-01
6.683E-01 1.178E-01 6.620E-01  3.31E-01
6.310E-01 1.320E-01 7.915E-01  3.83E-01
5.957E-01 1.500E-01 9.449E-01  4.42E-01
5.623E-01 1.731E-01 1.136E+00  5.03E-01
5.309E-01 2.018E-01 1.385E+00  5.57E-01
5.012E-01 2.328E-01 1.706E+00  5.91E-01
4.732E-01 2.567E-01 2.067E+00  5.96E-01
4.467E-01 2.636E-01 2.371E+00  5.83E-01
4.217E-01 2.582E-01 2.548E+00  5.69E-01
3.981E-01 2.578E-01 2.647E+00  5.70E-01
3.758E-01 2.795E-01 2.789E+00  5.93E-01
3.548E-01 3.349E-01 3.107E+00  6.35E-01
3.350E-01 4.003E-01 3.618E+00  6.77E-01
3.162E-01 4.048E-01 3.899E+00  6.88E-01
2.985E-01 3.754E-01 3.756E+00  6.66E-01
2.818E-01 3.924E-01 3.583E+00  6.31E-01
2.661E-01 5.085E-01 3.830E+00  6.29E-01
2.512E-01 5.136E-01 3.872E+00  6.59E-01
2.371E-01 4.489E-01 3.177E+00  6.19E-01
2.239E-01 6.213E-01 2.659E+00  4.82E-01
2.113E-01 7.362E-01 2.072E+00  4.98E-01
1.995E-01 9.517E-01 1.272E+00  4.52E-01
1.884E-01 1.126E+00 1.117E+00  5.73E-01
1.778E-01 1.311E+00 1.233E+00  7.81E-01
1.679E-01 1.325E+00 1.387E+00  8.32E-01
1.585E-01 1.307E+00 1.354E+00  8.25E-01
1.496E-01 1.259E+00 1.329E+00  8.06E-01
1.413E-01 1.265E+00 1.299E+00  8.26E-01
1.334E-01 1.258E+00 1.287E+00  8.36E-01
1.259E-01 1.239E+00 1.287E+00  8.39E-01
1.189E-01 1.211E+00 1.300E+00  8.36E-01
1.122E-01 1.193E+00 1.300E+00  8.39E-01
1.059E-01 1.160E+00 1.325E+00  8.32E-01
1.000E-01 1.136E+00 1.334E+00  8.32E-01
9.441E-02 1.115E+00 1.334E+00  8.34E-01
8.913E-02 1.099E+00 1.315E+00  8.44E-01
8.414E-02 1.082E+00 1.320E+00  8.44E-01
7.943E-02 1.047E+00 1.341E+00  8.38E-01
7.499E-02 1.003E+00 1.363E+00  8.32E-01
7.079E-02 9.585E-01 1.375E+00  8.29E-01
6.683E-02 9.045E-01 1.389E+00  8.25E-01
6.310E-02 8.411E-01 1.399E+00  8.25E-01
5.957E-02 8.179E-01 1.342E+00  8.53E-01
5.623E-02 8.845E-01 1.220E+00  9.00E-01
5.309E-02 9.099E-01 1.170E+00  9.18E-01
5.012E-02 9.242E-01 1.138E+00  9.30E-01
4.732E-02 9.319E-01 1.116E+00  9.39E-01
4.467E-02 9.358E-01 1.101E+00  9.45E-01
4.217E-02 9.373E-01 1.088E+00  9.51E-01
3.981E-02 9.373E-01 1.079E+00  9.56E-01
3.758E-02 9.363E-01 1.071E+00  9.60E-01
3.548E-02 9.346E-01 1.064E+00  9.63E-01
3.350E-02 9.327E-01 1.058E+00  9.67E-01
3.162E-02 9.305E-01 1.053E+00  9.70E-01
2.985E-02 9.282E-01 1.049E+00  9.73E-01
2.818E-02 9.258E-01 1.046E+00  9.76E-01
2.661E-02 9.237E-01 1.043E+00  9.79E-01
2.512E-02 9.217E-01 1.041E+00  9.81E-01
2.371E-02 9.204E-01 1.039E+00  9.84E-01
2.239E-02 9.229E-01 1.033E+00  9.86E-01
2.113E-02 9.218E-01 1.034E+00  9.88E-01
1.995E-02 9.224E-01 1.031E+00  9.89E-01
1.884E-02 9.311E-01 1.014E+00  9.91E-01
1.778E-02 9.252E-01 1.029E+00  9.91E-01
1.679E-02 9.221E-01 1.037E+00  9.92E-01
1.585E-02 9.194E-01 1.044E+00  9.93E-01
1.496E-02 9.165E-01 1.052E+00  9.94E-01
1.413E-02 9.132E-01 1.059E+00  9.95E-01
1.334E-02 9.163E-01 1.042E+00  9.96E-01
1.259E-02 9.151E-01 1.048E+00  9.96E-01
1.189E-02 9.079E-01 1.069E+00  9.97E-01
1.122E-02 9.018E-01 1.065E+00  9.97E-01
1.059E-02 9.326E-01 9.436E-01  9.98E-01
1.000E-02 9.194E-01 1.033E+00  9.98E-01
9.441E-03 9.097E-01 1.071E+00  9.98E-01
8.913E-03 8.993E-01 1.101E+00  9.98E-01
8.414E-03 8.874E-01 1.130E+00  9.98E-01
7.943E-03 8.735E-01 1.156E+00  9.99E-01
7.499E-03 8.577E-01 1.168E+00  9.99E-01
7.079E-03 8.574E-01 1.168E+00  9.99E-01
6.683E-03 8.380E-01 1.203E+00  9.99E-01
6.310E-03 8.160E-01 1.231E+00  9.99E-01
5.957E-03 7.917E-01 1.252E+00  9.99E-01
5.623E-03 7.640E-01 1.268E+00  9.99E-01
5.309E-03 7.340E-01 1.274E+00  1.00E+00
5.012E-03 7.020E-01 1.271E+00  1.00E+00
4.732E-03 6.678E-01 1.259E+00  1.00E+00
4.467E-03 6.319E-01 1.238E+00  1.00E+00
4.217E-03 5.947E-01 1.208E+00  1.00E+00
3.981E-03 5.567E-01 1.168E+00  1.00E+00
3.758E-03 5.182E-01 1.121E+00  1.00E+00
3.548E-03 4.796E-01 1.064E+00  1.00E+00
3.350E-03 4.414E-01 1.002E+00  1.00E+00
3.162E-03 4.043E-01 9.346E-01  1.00E+00
2.985E-03 3.690E-01 8.644E-01  1.00E+00
2.818E-03 3.337E-01 7.850E-01  1.00E+00
2.661E-03 2.993E-01 6.999E-01  1.00E+00
2.512E-03 2.683E-01 5.939E-01  1.00E+00
2.371E-03 2.396E-01 3.700E-01  1.00E+00
2.239E-03 4.690E-01 4.258E-01  1.00E+00
2.113E-03 4.332E-01 4.498E-01  1.00E+00
1.995E-03 3.967E-01 4.456E-01  1.00E+00
1.884E-03 3.606E-01 4.149E-01  1.00E+00
1.778E-03 3.254E-01 3.677E-01  1.00E+00
1.679E-03 2.918E-01 2.384E-01  1.00E+00
1.585E-03 4.200E-01 3.277E-01  1.00E+00
1.496E-03 3.804E-01 3.175E-01  1.00E+00
1.413E-03 3.720E-01 3.260E-01  1.00E+00
1.334E-03 3.358E-01 3.178E-01  1.00E+00
1.259E-03 3.013E-01 3.014E-01  1.00E+00
1.189E-03 2.691E-01 2.829E-01  1.00E+00
1.122E-03 2.380E-01 2.623E-01  1.00E+00
1.059E-03 2.096E-01 2.401E-01  1.00E+00
1.000E-03 1.834E-01 2.147E-01  1.00E+00
