1.000E+03 1.936E-04 1.007E-08  3.99E-05
9.441E+02 2.173E-04 1.268E-08  4.48E-05
8.913E+02 2.438E-04 1.596E-08  5.02E-05
8.414E+02 2.736E-04 2.010E-08  5.63E-05
7.943E+02 3.071E-04 2.530E-08  6.32E-05
7.499E+02 3.446E-04 3.185E-08  7.09E-05
7.079E+02 3.867E-04 4.010E-08  7.96E-05
6.683E+02 4.339E-04 5.049E-08  8.93E-05
6.310E+02 4.870E-04 6.357E-08  1.00E-04
5.957E+02 5.465E-04 8.003E-08  1.12E-04
5.623E+02 6.133E-04 1.008E-07  1.26E-04
5.309E+02 6.883E-04 1.269E-07  1.41E-04
5.012E+02 7.725E-04 1.597E-07  1.59E-04
4.732E+02 8.672E-04 2.011E-07  1.78E-04
4.467E+02 9.735E-04 2.532E-07  2.00E-04
4.217E+02 1.093E-03 3.187E-07  2.24E-04
3.981E+02 1.227E-03 4.013E-07  2.51E-04
3.758E+02 1.377E-03 5.053E-07  2.82E-04
3.548E+02 1.546E-03 6.362E-07  3.16E-04
3.350E+02 1.736E-03 8.010E-07  3.54E-04
3.162E+02 1.950E-03 1.009E-06  3.97E-04
2.985E+02 2.191E-03 1.270E-06  4.45E-04
2.818E+02 2.460E-03 1.599E-06  5.00E-04
2.661E+02 2.763E-03 2.014E-06  5.60E-04
2.512E+02 3.104E-03 2.536E-06  6.28E-04
2.371E+02 3.489E-03 3.193E-06  7.04E-04
2.239E+02 3.922E-03 4.021E-06  7.89E-04
2.113E+02 4.410E-03 5.064E-06  8.84E-04
1.995E+02 4.959E-03 6.377E-06  9.90E-04
1.884E+02 5.576E-03 8.032E-06  1.11E-03
1.778E+02 6.271E-03 1.012E-05  1.24E-03
1.679E+02 7.057E-03 1.274E-05  1.39E-03
1.585E+02 7.944E-03 1.605E-05  1.56E-03
1.496E+02 8.947E-03 2.022E-05  1.74E-03
1.413E+02 1.008E-02 2.548E-05  1.95E-03
1.334E+02 1.136E-02 3.210E-05  2.18E-03
1.259E+02 1.281E-02 4.045E-05  2.44E-03
1.189E+02 1.445E-02 5.098E-05  2.72E-03
1.122E+02 1.631E-02 6.426E-05  3.04E-03
1.059E+02 1.843E-02 8.098E-05  3.39E-03
1.000E+02 2.083E-02 1.021E-04  3.78E-03
9.441E+01 2.357E-02 1.287E-04  4.21E-03
8.913E+01 2.668E-02 1.622E-04  4.68E-03
8.414E+01 3.023E-02 2.045E-04  5.20E-03
7.943E+01 3.429E-02 2.579E-04  5.76E-03
7.499E+01 3.888E-02 3.253E-04  6.38E-03
7.079E+01 4.417E-02 4.102E-04  7.05E-03
6.683E+01 5.021E-02 5.171E-04  7.77E-03
6.310E+01 5.710E-02 6.521E-04  8.54E-03
5.957E+01 6.494E-02 8.221E-04  9.37E-03
5.623E+01 7.390E-02 1.036E-03  1.03E-02
5.309E+01 8.408E-02 1.305E-03  1.12E-02
5.012E+01 9.561E-02 1.645E-03  1.22E-02
4.732E+01 1.087E-01 2.071E-03  1.32E-02
4.467E+01 1.236E-01 2.607E-03  1.43E-02
4.217E+01 1.405E-01 3.280E-03  1.55E-02
3.981E+01 1.594E-01 4.118E-03  1.67E-02
3.758E+01 1.804E-01 5.169E-03  1.80E-02
3.548E+01 2.035E-01 6.507E-03  1.95E-02
3.350E+01 2.300E-01 8.194E-03  2.10E-02
3.162E+01 2.616E-01 1.031E-02  2.25E-02
2.985E+01 2.981E-01 1.296E-02  2.40E-02
2.818E+01 3.391E-01 1.622E-02  2.57E-02
2.661E+01 3.865E-01 2.030E-02  2.74E-02
2.512E+01 4.415E-01 2.542E-02  2.91E-02
2.371E+01 5.021E-01 3.147E-02  3.11E-02
2.239E+01 5.723E-01 3.892E-02  3.31E-02
2.113E+01 6.507E-01 4.726E-02  3.54E-02
1.995E+01 7.395E-01 5.643E-02  3.77E-02
1.884E+01 8.067E-01 6.178E-02  4.11E-02
1.778E+01 7.987E-01 6.212E-02  4.68E-02
1.679E+01 7.300E-01 6.220E-02  5.48E-02
1.585E+01 6.415E-01 6.813E-02  6.48E-02
1.496E+01 5.724E-01 8.630E-02  7.75E-02
1.413E+01 5.595E-01 1.282E-01  9.45E-02
1.334E+01 7.216E-01 2.016E-01  1.11E-01
1.259E+01 9.683E-01 2.845E-01  1.19E-01
1.189E+01 1.224E+00 3.683E-01  1.21E-01
1.122E+01 1.435E+00 4.375E-01  1.23E-01
1.059E+01 1.607E+00 4.872E-01  1.27E-01
1.000E+01 1.612E+00 4.424E-01  1.41E-01
9.441E+00 1.507E+00 3.620E-01  1.59E-01
8.913E+00 1.126E+00 1.884E-01  1.83E-01
8.414E+00 8.180E-01 1.022E-01  2.08E-01
7.943E+00 4.519E-01 5.797E-02  2.33E-01
7.499E+00 2.426E-01 1.394E-01  2.71E-01
7.079E+00 2.152E-01 2.829E-01  3.23E-01
6.683E+00 2.325E-01 4.315E-01  3.82E-01
6.310E+00 2.519E-01 5.912E-01  4.48E-01
5.957E+00 2.715E-01 7.798E-01  5.15E-01
5.623E+00 2.974E-01 1.017E+00  5.74E-01
5.309E+00 3.275E-01 1.317E+00  6.11E-01
5.012E+00 3.507E-01 1.660E+00  6.18E-01
4.732E+00 3.573E-01 1.963E+00  6.08E-01
4.467E+00 3.553E-01 2.178E+00  6.02E-01
4.217E+00 3.659E-01 2.344E+00  6.12E-01
3.981E+00 4.044E-01 2.564E+00  6.44E-01
3.758E+00 4.671E-01 2.916E+00  6.85E-01
3.548E+00 5.064E-01 3.294E+00  7.11E-01
3.350E+00 4.910E-01 3.427E+00  7.10E-01
3.162E+00 4.751E-01 3.368E+00  6.93E-01
2.985E+00 5.182E-01 3.388E+00  6.82E-01
2.818E+00 6.027E-01 3.650E+00  7.01E-01
2.661E+00 5.845E-01 3.649E+00  7.18E-01
2.512E+00 5.581E-01 3.281E+00  7.03E-01
2.371E+00 6.387E-01 3.048E+00  6.63E-01
2.239E+00 6.891E-01 3.058E+00  6.66E-01
2.113E+00 6.200E-01 2.612E+00  6.54E-01
1.995E+00 7.035E-01 2.143E+00  5.94E-01
1.884E+00 7.413E-01 2.025E+00  5.83E-01
1.778E+00 6.766E-01 1.639E+00  5.38E-01
1.679E+00 8.239E-01 1.402E+00  4.98E-01
1.585E+00 7.459E-01 1.381E+00  5.35E-01
1.496E+00 8.258E-01 1.239E+00  5.35E-01
1.413E+00 7.959E-01 1.460E+00  6.44E-01
1.334E+00 8.482E-01 1.521E+00  7.09E-01
1.259E+00 8.220E-01 1.834E+00  7.68E-01
1.189E+00 8.219E-01 1.905E+00  8.23E-01
1.122E+00 8.203E-01 2.011E+00  8.36E-01
1.059E+00 8.465E-01 1.991E+00  8.38E-01
1.000E+00 8.275E-01 1.778E+00  8.38E-01
9.441E-01 8.440E-01 1.548E+00  8.15E-01
8.913E-01 8.431E-01 1.381E+00  7.98E-01
8.414E-01 8.590E-01 1.336E+00  7.90E-01
7.943E-01 8.824E-01 1.411E+00  8.14E-01
7.499E-01 9.003E-01 1.551E+00  8.40E-01
7.079E-01 9.116E-01 1.634E+00  8.54E-01
6.683E-01 9.200E-01 1.568E+00  8.59E-01
6.310E-01 9.251E-01 1.399E+00  8.56E-01
5.957E-01 9.259E-01 1.275E+00  8.56E-01
5.623E-01 9.345E-01 1.303E+00  8.70E-01
5.309E-01 9.493E-01 1.417E+00  8.87E-01
5.012E-01 9.462E-01 1.417E+00  8.90E-01
4.732E-01 9.585E-01 1.279E+00  8.83E-01
4.467E-01 9.560E-01 1.244E+00  8.84E-01
4.217E-01 9.696E-01 1.329E+00  9.00E-01
3.981E-01 9.748E-01 1.302E+00  9.03E-01
3.758E-01 9.752E-01 1.213E+00  9.00E-01
3.548E-01 9.764E-01 1.272E+00  9.07E-01
3.350E-01 9.761E-01 1.252E+00  9.09E-01
3.162E-01 9.746E-01 1.212E+00  9.08E-01
2.985E-01 9.758E-01 1.250E+00  9.13E-01
2.818E-01 9.739E-01 1.202E+00  9.11E-01
2.661E-01 9.712E-01 1.225E+00  9.13E-01
2.512E-01 9.668E-01 1.219E+00  9.13E-01
2.371E-01 9.590E-01 1.200E+00  9.09E-01
2.239E-01 9.570E-01 1.198E+00  9.09E-01
2.113E-01 9.582E-01 1.198E+00  9.09E-01
1.995E-01 9.494E-01 1.204E+00  9.06E-01
1.884E-01 9.375E-01 1.210E+00  9.00E-01
1.778E-01 9.249E-01 1.217E+00  8.94E-01
1.679E-01 9.111E-01 1.226E+00  8.86E-01
1.585E-01 8.921E-01 1.241E+00  8.74E-01
1.496E-01 8.634E-01 1.268E+00  8.55E-01
1.413E-01 8.762E-01 1.252E+00  8.70E-01
1.334E-01 8.813E-01 1.241E+00  8.76E-01
1.259E-01 8.774E-01 1.241E+00  8.76E-01
1.189E-01 8.646E-01 1.251E+00  8.70E-01
1.122E-01 8.599E-01 1.251E+00  8.70E-01
1.059E-01 8.406E-01 1.268E+00  8.59E-01
1.000E-01 8.288E-01 1.276E+00  8.56E-01
9.441E-02 8.214E-01 1.279E+00  8.56E-01
8.913E-02 8.241E-01 1.270E+00  8.64E-01
8.414E-02 8.189E-01 1.271E+00  8.62E-01
7.943E-02 7.999E-01 1.287E+00  8.54E-01
7.499E-02 7.772E-01 1.305E+00  8.46E-01
7.079E-02 7.592E-01 1.318E+00  8.41E-01
6.683E-02 7.374E-01 1.334E+00  8.36E-01
6.310E-02 7.156E-01 1.349E+00  8.34E-01
5.957E-02 7.380E-01 1.318E+00  8.63E-01
5.623E-02 8.154E-01 1.234E+00  9.13E-01
5.309E-02 8.456E-01 1.201E+00  9.31E-01
5.012E-02 8.648E-01 1.178E+00  9.42E-01
4.732E-02 8.778E-01 1.163E+00  9.50E-01
4.467E-02 8.872E-01 1.151E+00  9.56E-01
4.217E-02 8.946E-01 1.141E+00  9.60E-01
3.981E-02 9.006E-01 1.133E+00  9.64E-01
3.758E-02 9.056E-01 1.126E+00  9.68E-01
3.548E-02 9.101E-01 1.120E+00  9.71E-01
3.350E-02 9.142E-01 1.114E+00  9.74E-01
3.162E-02 9.181E-01 1.108E+00  9.76E-01
2.985E-02 9.219E-01 1.102E+00  9.79E-01
2.818E-02 9.256E-01 1.097E+00  9.81E-01
2.661E-02 9.294E-01 1.091E+00  9.83E-01
2.512E-02 9.334E-01 1.086E+00  9.85E-01
2.371E-02 9.380E-01 1.079E+00  9.87E-01
2.239E-02 9.431E-01 1.073E+00  9.89E-01
2.113E-02 9.467E-01 1.068E+00  9.90E-01
1.995E-02 9.515E-01 1.062E+00  9.92E-01
1.884E-02 9.569E-01 1.055E+00  9.93E-01
1.778E-02 9.568E-01 1.055E+00  9.94E-01
1.679E-02 9.587E-01 1.052E+00  9.94E-01
1.585E-02 9.611E-01 1.048E+00  9.95E-01
1.496E-02 9.634E-01 1.045E+00  9.96E-01
1.413E-02 9.660E-01 1.041E+00  9.96E-01
1.334E-02 9.701E-01 1.036E+00  9.97E-01
1.259E-02 9.714E-01 1.034E+00  9.97E-01
1.189E-02 9.721E-01 1.033E+00  9.98E-01
1.122E-02 9.749E-01 1.029E+00  9.98E-01
1.059E-02 9.824E-01 1.021E+00  9.98E-01
1.000E-02 9.783E-01 1.025E+00  9.98E-01
9.441E-03 9.778E-01 1.025E+00  9.98E-01
8.913E-03 9.781E-01 1.024E+00  9.99E-01
8.414E-03 9.806E-01 1.019E+00  9.99E-01
7.943E-03 9.816E-01 1.018E+00  9.99E-01
7.499E-03 9.829E-01 1.017E+00  9.99E-01
7.079E-03 9.839E-01 1.016E+00  9.99E-01
6.683E-03 9.843E-01 1.016E+00  9.99E-01
6.310E-03 9.848E-01 1.015E+00  9.99E-01
5.957E-03 9.853E-01 1.015E+00  1.00E+00
5.623E-03 9.856E-01 1.014E+00  1.00E+00
5.309E-03 9.857E-01 1.014E+00  1.00E+00
5.012E-03 9.855E-01 1.014E+00  1.00E+00
4.732E-03 9.851E-01 1.015E+00  1.00E+00
4.467E-03 9.844E-01 1.016E+00  1.00E+00
4.217E-03 9.833E-01 1.017E+00  1.00E+00
3.981E-03 9.819E-01 1.018E+00  9.99E-01
3.758E-03 9.798E-01 1.020E+00  9.99E-01
3.548E-03 9.772E-01 1.023E+00  9.99E-01
3.350E-03 9.736E-01 1.026E+00  9.99E-01
3.162E-03 9.689E-01 1.031E+00  9.99E-01
2.985E-03 9.629E-01 1.037E+00  9.99E-01
2.818E-03 9.547E-01 1.045E+00  1.00E+00
2.661E-03 9.435E-01 1.056E+00  1.00E+00
2.512E-03 9.295E-01 1.070E+00  1.00E+00
2.371E-03 9.121E-01 1.087E+00  1.00E+00
2.239E-03 9.817E-01 1.018E+00  1.00E+00
2.113E-03 9.776E-01 1.022E+00  1.00E+00
1.995E-03 9.722E-01 1.027E+00  1.00E+00
1.884E-03 9.651E-01 1.034E+00  1.00E+00
1.778E-03 9.557E-01 1.043E+00  1.00E+00
1.679E-03 9.434E-01 1.054E+00  1.00E+00
1.585E-03 9.768E-01 1.022E+00  1.00E+00
1.496E-03 9.701E-01 1.029E+00  1.00E+00
1.413E-03 9.684E-01 1.031E+00  1.00E+00
1.334E-03 9.594E-01 1.039E+00  1.00E+00
1.259E-03 9.476E-01 1.051E+00  1.00E+00
1.189E-03 9.324E-01 1.066E+00  1.00E+00
1.122E-03 9.121E-01 1.086E+00  1.00E+00
1.059E-03 8.869E-01 1.110E+00  1.00E+00
1.000E-03 8.556E-01 1.141E+00  1.00E+00
