1.000E+03 1.234E-03 1.601E-05  1.59E-03
9.441E+02 1.386E-03 2.016E-05  1.78E-03
8.913E+02 1.558E-03 2.538E-05  2.00E-03
8.414E+02 1.750E-03 3.197E-05  2.25E-03
7.943E+02 1.968E-03 4.027E-05  2.52E-03
7.499E+02 2.212E-03 5.072E-05  2.83E-03
7.079E+02 2.488E-03 6.389E-05  3.17E-03
6.683E+02 2.798E-03 8.049E-05  3.56E-03
6.310E+02 3.149E-03 1.014E-04  4.00E-03
5.957E+02 3.544E-03 1.278E-04  4.49E-03
5.623E+02 3.991E-03 1.610E-04  5.04E-03
5.309E+02 4.496E-03 2.029E-04  5.65E-03
5.012E+02 5.067E-03 2.558E-04  6.34E-03
4.732E+02 5.715E-03 3.224E-04  7.12E-03
4.467E+02 6.449E-03 4.065E-04  7.99E-03
4.217E+02 7.283E-03 5.126E-04  8.97E-03
3.981E+02 8.230E-03 6.465E-04  1.01E-02
3.758E+02 9.308E-03 8.157E-04  1.13E-02
3.548E+02 1.054E-02 1.029E-03  1.27E-02
3.350E+02 1.195E-02 1.299E-03  1.42E-02
3.162E+02 1.356E-02 1.641E-03  1.60E-02
2.985E+02 1.541E-02 2.072E-03  1.80E-02
2.818E+02 1.754E-02 2.619E-03  2.02E-02
2.661E+02 1.999E-02 3.311E-03  2.27E-02
2.512E+02 2.284E-02 4.189E-03  2.55E-02
2.371E+02 2.615E-02 5.302E-03  2.86E-02
2.239E+02 3.001E-02 6.714E-03  3.22E-02
2.113E+02 3.454E-02 8.509E-03  3.61E-02
1.995E+02 3.987E-02 1.079E-02  4.06E-02
1.884E+02 4.617E-02 1.370E-02  4.57E-02
1.778E+02 5.367E-02 1.742E-02  5.14E-02
1.679E+02 6.266E-02 2.217E-02  5.79E-02
1.585E+02 7.353E-02 2.824E-02  6.52E-02
1.496E+02 8.676E-02 3.604E-02  7.35E-02
1.413E+02 1.030E-01 4.606E-02  8.28E-02
1.334E+02 1.231E-01 5.898E-02  9.35E-02
1.259E+02 1.483E-01 7.568E-02  1.06E-01
1.189E+02 1.802E-01 9.732E-02  1.19E-01
1.122E+02 2.212E-01 1.255E-01  1.35E-01
1.059E+02 2.744E-01 1.621E-01  1.52E-01
1.000E+02 3.442E-01 2.101E-01  1.71E-01
9.441E+01 4.369E-01 2.731E-01  1.93E-01
8.913E+01 5.602E-01 3.558E-01  2.15E-01
8.414E+01 7.229E-01 4.642E-01  2.36E-01
7.943E+01 9.308E-01 6.050E-01  2.54E-01
7.499E+01 1.179E+00 7.844E-01  2.64E-01
7.079E+01 1.436E+00 1.001E+00  2.61E-01
6.683E+01 1.655E+00 1.242E+00  2.47E-01
6.310E+01 1.795E+00 1.483E+00  2.27E-01
5.957E+01 1.852E+00 1.688E+00  2.12E-01
5.623E+01 1.850E+00 1.826E+00  2.07E-01
5.309E+01 1.815E+00 1.882E+00  2.13E-01
5.012E+01 1.764E+00 1.862E+00  2.29E-01
4.732E+01 1.709E+00 1.791E+00  2.53E-01
4.467E+01 1.661E+00 1.698E+00  2.86E-01
4.217E+01 1.625E+00 1.608E+00  3.26E-01
3.981E+01 1.607E+00 1.538E+00  3.73E-01
3.758E+01 1.604E+00 1.493E+00  4.24E-01
3.548E+01 1.609E+00 1.475E+00  4.73E-01
3.350E+01 1.614E+00 1.476E+00  5.15E-01
3.162E+01 1.607E+00 1.485E+00  5.47E-01
2.985E+01 1.586E+00 1.488E+00  5.69E-01
2.818E+01 1.555E+00 1.482E+00  5.86E-01
2.661E+01 1.524E+00 1.466E+00  6.02E-01
2.512E+01 1.500E+00 1.448E+00  6.21E-01
2.371E+01 1.490E+00 1.430E+00  6.43E-01
2.239E+01 1.484E+00 1.417E+00  6.67E-01
2.113E+01 1.477E+00 1.403E+00  6.89E-01
1.995E+01 1.464E+00 1.382E+00  7.08E-01
1.884E+01 1.455E+00 1.336E+00  7.32E-01
1.778E+01 1.450E+00 1.283E+00  7.59E-01
1.679E+01 1.449E+00 1.256E+00  7.83E-01
1.585E+01 1.454E+00 1.265E+00  8.01E-01
1.496E+01 1.455E+00 1.273E+00  8.07E-01
1.413E+01 1.426E+00 1.255E+00  8.03E-01
1.334E+01 1.366E+00 1.304E+00  7.97E-01
1.259E+01 1.318E+00 1.335E+00  7.91E-01
1.189E+01 1.285E+00 1.354E+00  7.90E-01
1.122E+01 1.262E+00 1.360E+00  7.94E-01
1.059E+01 1.239E+00 1.361E+00  7.99E-01
1.000E+01 1.224E+00 1.316E+00  8.16E-01
9.441E+00 1.191E+00 1.255E+00  8.34E-01
8.913E+00 1.168E+00 1.083E+00  8.79E-01
8.414E+00 1.171E+00 9.377E-01  9.16E-01
7.943E+00 1.143E+00 1.007E+00  9.41E-01
7.499E+00 1.060E+00 1.899E+00  9.10E-01
7.079E+00 1.064E+00 1.422E+00  8.28E-01
6.683E+00 1.105E+00 1.127E+00  8.00E-01
6.310E+00 1.103E+00 1.257E+00  8.43E-01
5.957E+00 1.073E+00 1.495E+00  8.82E-01
5.623E+00 1.047E+00 1.578E+00  8.96E-01
5.309E+00 1.029E+00 1.450E+00  8.88E-01
5.012E+00 1.016E+00 1.269E+00  8.68E-01
4.732E+00 1.010E+00 1.218E+00  8.61E-01
4.467E+00 1.010E+00 1.317E+00  8.74E-01
4.217E+00 1.017E+00 1.421E+00  8.88E-01
3.981E+00 1.027E+00 1.396E+00  8.93E-01
3.758E+00 1.030E+00 1.274E+00  8.90E-01
3.548E+00 1.024E+00 1.205E+00  8.90E-01
3.350E+00 1.017E+00 1.257E+00  8.99E-01
3.162E+00 1.019E+00 1.332E+00  9.08E-01
2.985E+00 1.010E+00 1.292E+00  9.07E-01
2.818E+00 1.013E+00 1.207E+00  9.03E-01
2.661E+00 1.010E+00 1.226E+00  9.07E-01
2.512E+00 1.006E+00 1.279E+00  9.14E-01
2.371E+00 1.005E+00 1.229E+00  9.14E-01
2.239E+00 1.003E+00 1.194E+00  9.14E-01
2.113E+00 1.000E+00 1.239E+00  9.19E-01
1.995E+00 9.988E-01 1.213E+00  9.19E-01
1.884E+00 9.978E-01 1.187E+00  9.20E-01
1.778E+00 9.942E-01 1.219E+00  9.24E-01
1.679E+00 9.923E-01 1.184E+00  9.23E-01
1.585E+00 9.894E-01 1.196E+00  9.25E-01
1.496E+00 9.865E-01 1.186E+00  9.26E-01
1.413E+00 9.835E-01 1.183E+00  9.27E-01
1.334E+00 9.803E-01 1.181E+00  9.28E-01
1.259E+00 9.769E-01 1.179E+00  9.28E-01
1.189E+00 9.736E-01 1.173E+00  9.29E-01
1.122E+00 9.703E-01 1.177E+00  9.30E-01
1.059E+00 9.669E-01 1.169E+00  9.30E-01
1.000E+00 9.635E-01 1.170E+00  9.30E-01
9.441E-01 9.601E-01 1.170E+00  9.31E-01
8.913E-01 9.568E-01 1.166E+00  9.31E-01
8.414E-01 9.535E-01 1.164E+00  9.31E-01
7.943E-01 9.503E-01 1.163E+00  9.31E-01
7.499E-01 9.472E-01 1.163E+00  9.31E-01
7.079E-01 9.442E-01 1.162E+00  9.31E-01
6.683E-01 9.412E-01 1.161E+00  9.31E-01
6.310E-01 9.384E-01 1.160E+00  9.31E-01
5.957E-01 9.356E-01 1.159E+00  9.31E-01
5.623E-01 9.329E-01 1.158E+00  9.31E-01
5.309E-01 9.303E-01 1.158E+00  9.31E-01
5.012E-01 9.277E-01 1.157E+00  9.31E-01
4.732E-01 9.253E-01 1.156E+00  9.31E-01
4.467E-01 9.228E-01 1.155E+00  9.30E-01
4.217E-01 9.204E-01 1.155E+00  9.30E-01
3.981E-01 9.180E-01 1.155E+00  9.30E-01
3.758E-01 9.156E-01 1.154E+00  9.29E-01
3.548E-01 9.131E-01 1.154E+00  9.29E-01
3.350E-01 9.106E-01 1.154E+00  9.28E-01
3.162E-01 9.081E-01 1.154E+00  9.27E-01
2.985E-01 9.054E-01 1.155E+00  9.26E-01
2.818E-01 9.025E-01 1.155E+00  9.25E-01
2.661E-01 8.993E-01 1.156E+00  9.24E-01
2.512E-01 8.959E-01 1.158E+00  9.22E-01
2.371E-01 8.918E-01 1.160E+00  9.19E-01
2.239E-01 8.864E-01 1.163E+00  9.16E-01
2.113E-01 8.804E-01 1.167E+00  9.12E-01
1.995E-01 8.739E-01 1.172E+00  9.07E-01
1.884E-01 8.659E-01 1.178E+00  9.01E-01
1.778E-01 8.569E-01 1.186E+00  8.95E-01
1.679E-01 8.465E-01 1.195E+00  8.87E-01
1.585E-01 8.307E-01 1.209E+00  8.74E-01
1.496E-01 8.039E-01 1.235E+00  8.54E-01
1.413E-01 8.185E-01 1.220E+00  8.69E-01
1.334E-01 8.264E-01 1.210E+00  8.76E-01
1.259E-01 8.249E-01 1.210E+00  8.75E-01
1.189E-01 8.145E-01 1.219E+00  8.69E-01
1.122E-01 8.124E-01 1.220E+00  8.69E-01
1.059E-01 7.843E-01 1.216E+00  8.55E-01
1.000E-01 7.766E-01 1.223E+00  8.52E-01
9.441E-02 7.735E-01 1.226E+00  8.52E-01
8.913E-02 7.889E-01 1.239E+00  8.62E-01
8.414E-02 7.780E-01 1.222E+00  8.58E-01
7.943E-02 7.629E-01 1.237E+00  8.50E-01
7.499E-02 7.451E-01 1.255E+00  8.41E-01
7.079E-02 7.367E-01 1.286E+00  8.39E-01
6.683E-02 7.190E-01 1.303E+00  8.33E-01
6.310E-02 7.018E-01 1.318E+00  8.31E-01
5.957E-02 7.284E-01 1.290E+00  8.61E-01
5.623E-02 8.058E-01 1.211E+00  9.12E-01
5.309E-02 8.339E-01 1.166E+00  9.29E-01
5.012E-02 8.534E-01 1.147E+00  9.41E-01
4.732E-02 8.668E-01 1.133E+00  9.49E-01
4.467E-02 8.768E-01 1.123E+00  9.55E-01
4.217E-02 8.849E-01 1.115E+00  9.60E-01
3.981E-02 8.915E-01 1.108E+00  9.64E-01
3.758E-02 8.974E-01 1.103E+00  9.68E-01
3.548E-02 9.026E-01 1.097E+00  9.71E-01
3.350E-02 9.075E-01 1.092E+00  9.74E-01
3.162E-02 9.122E-01 1.088E+00  9.76E-01
2.985E-02 9.167E-01 1.083E+00  9.79E-01
2.818E-02 9.211E-01 1.079E+00  9.81E-01
2.661E-02 9.256E-01 1.074E+00  9.83E-01
2.512E-02 9.302E-01 1.070E+00  9.85E-01
2.371E-02 9.354E-01 1.065E+00  9.87E-01
2.239E-02 9.408E-01 1.059E+00  9.89E-01
2.113E-02 9.448E-01 1.055E+00  9.91E-01
1.995E-02 9.499E-01 1.050E+00  9.92E-01
1.884E-02 9.548E-01 1.045E+00  9.93E-01
1.778E-02 9.556E-01 1.044E+00  9.94E-01
1.679E-02 9.580E-01 1.042E+00  9.94E-01
1.585E-02 9.607E-01 1.039E+00  9.95E-01
1.496E-02 9.635E-01 1.037E+00  9.96E-01
1.413E-02 9.664E-01 1.034E+00  9.96E-01
1.334E-02 9.703E-01 1.030E+00  9.97E-01
1.259E-02 9.718E-01 1.028E+00  9.97E-01
1.189E-02 9.731E-01 1.027E+00  9.98E-01
1.122E-02 9.762E-01 1.024E+00  9.98E-01
1.059E-02 9.816E-01 1.018E+00  9.99E-01
1.000E-02 9.788E-01 1.021E+00  9.98E-01
9.441E-03 9.790E-01 1.021E+00  9.99E-01
8.913E-03 9.798E-01 1.020E+00  9.99E-01
8.414E-03 9.809E-01 1.019E+00  9.99E-01
7.943E-03 9.821E-01 1.018E+00  9.99E-01
7.499E-03 9.837E-01 1.016E+00  9.99E-01
7.079E-03 9.847E-01 1.015E+00  9.99E-01
6.683E-03 9.855E-01 1.014E+00  9.99E-01
6.310E-03 9.865E-01 1.013E+00  9.99E-01
5.957E-03 9.875E-01 1.012E+00  1.00E+00
5.623E-03 9.884E-01 1.012E+00  1.00E+00
5.309E-03 9.892E-01 1.011E+00  1.00E+00
5.012E-03 9.899E-01 1.010E+00  1.00E+00
4.732E-03 9.904E-01 1.010E+00  1.00E+00
4.467E-03 9.907E-01 1.009E+00  1.00E+00
4.217E-03 9.910E-01 1.009E+00  1.00E+00
3.981E-03 9.912E-01 1.009E+00  1.00E+00
3.758E-03 9.914E-01 1.009E+00  1.00E+00
3.548E-03 9.915E-01 1.008E+00  1.00E+00
3.350E-03 9.917E-01 1.008E+00  1.00E+00
3.162E-03 9.919E-01 1.008E+00  1.00E+00
2.985E-03 9.924E-01 1.008E+00  1.00E+00
2.818E-03 9.933E-01 1.007E+00  1.00E+00
2.661E-03 9.945E-01 1.006E+00  1.00E+00
2.512E-03 9.954E-01 1.005E+00  1.00E+00
2.371E-03 9.963E-01 1.004E+00  1.00E+00
2.239E-03 9.990E-01 1.001E+00  1.00E+00
2.113E-03 9.989E-01 1.001E+00  1.00E+00
1.995E-03 9.988E-01 1.001E+00  1.00E+00
1.884E-03 9.987E-01 1.001E+00  1.00E+00
1.778E-03 9.986E-01 1.001E+00  1.00E+00
1.679E-03 9.985E-01 1.002E+00  1.00E+00
1.585E-03 9.995E-01 1.001E+00  1.00E+00
1.496E-03 9.993E-01 1.001E+00  1.00E+00
1.413E-03 9.993E-01 1.001E+00  1.00E+00
1.334E-03 9.990E-01 1.001E+00  1.00E+00
1.259E-03 9.987E-01 1.001E+00  1.00E+00
1.189E-03 9.983E-01 1.002E+00  1.00E+00
1.122E-03 9.977E-01 1.002E+00  1.00E+00
1.059E-03 9.968E-01 1.003E+00  1.00E+00
1.000E-03 9.957E-01 1.004E+00  1.00E+00
