1.000E+03 4.863E-07 4.010E-19  0.00E+00
9.441E+02 5.457E-07 5.048E-19  0.00E+00
8.913E+02 6.123E-07 6.355E-19  0.00E+00
8.414E+02 6.871E-07 8.000E-19  0.00E+00
7.943E+02 7.710E-07 1.007E-18  0.00E+00
7.499E+02 8.652E-07 1.268E-18  0.00E+00
7.079E+02 9.709E-07 1.596E-18  0.00E+00
6.683E+02 1.089E-06 2.010E-18  0.00E+00
6.310E+02 1.222E-06 2.530E-18  0.00E+00
5.957E+02 1.372E-06 3.185E-18  0.00E+00
5.623E+02 1.539E-06 4.010E-18  0.00E+00
5.309E+02 1.727E-06 5.049E-18  0.00E+00
5.012E+02 1.939E-06 6.357E-18  0.00E+00
4.732E+02 2.176E-06 8.003E-18  0.00E+00
4.467E+02 2.442E-06 1.007E-17  0.00E+00
4.217E+02 2.741E-06 1.268E-17  0.00E+00
3.981E+02 3.077E-06 1.597E-17  0.00E+00
3.758E+02 3.453E-06 2.011E-17  0.00E+00
3.548E+02 3.876E-06 2.532E-17  0.00E+00
3.350E+02 4.352E-06 3.187E-17  0.00E+00
3.162E+02 4.886E-06 4.012E-17  0.00E+00
2.985E+02 5.487E-06 5.052E-17  0.00E+00
2.818E+02 6.160E-06 6.361E-17  0.00E+00
2.661E+02 6.917E-06 8.009E-17  0.00E+00
2.512E+02 7.767E-06 1.009E-16  0.00E+00
2.371E+02 8.725E-06 1.270E-16  0.00E+00
2.239E+02 9.803E-06 1.599E-16  0.00E+00
2.113E+02 1.101E-05 2.013E-16  0.00E+00
1.995E+02 1.238E-05 2.535E-16  0.00E+00
1.884E+02 1.391E-05 3.192E-16  0.00E+00
1.778E+02 1.563E-05 4.019E-16  0.00E+00
1.679E+02 1.757E-05 5.061E-16  0.00E+00
1.585E+02 1.976E-05 6.374E-16  0.00E+00
1.496E+02 2.223E-05 8.027E-16  0.00E+00
1.413E+02 2.501E-05 1.011E-15  0.00E+00
1.334E+02 2.815E-05 1.273E-15  0.00E+00
1.259E+02 3.168E-05 1.604E-15  0.00E+00
1.189E+02 3.568E-05 2.020E-15  0.00E+00
1.122E+02 4.018E-05 2.545E-15  0.00E+00
1.059E+02 4.529E-05 3.205E-15  0.00E+00
1.000E+02 5.107E-05 4.037E-15  0.00E+00
9.441E+01 5.763E-05 5.085E-15  0.00E+00
8.913E+01 6.504E-05 6.405E-15  0.00E+00
8.414E+01 7.345E-05 8.067E-15  0.00E+00
7.943E+01 8.299E-05 1.016E-14  0.00E+00
7.499E+01 9.374E-05 1.280E-14  0.00E+00
7.079E+01 1.060E-04 1.612E-14  0.00E+00
6.683E+01 1.199E-04 2.029E-14  0.00E+00
6.310E+01 1.357E-04 2.554E-14  0.00E+00
5.957E+01 1.535E-04 3.213E-14  0.00E+00
5.623E+01 1.736E-04 4.041E-14  0.00E+00
5.309E+01 1.963E-04 5.080E-14  0.00E+00
5.012E+01 2.218E-04 6.383E-14  0.00E+00
4.732E+01 2.504E-04 8.015E-14  0.00E+00
4.467E+01 2.827E-04 1.006E-13  0.00E+00
4.217E+01 3.188E-04 1.262E-13  0.00E+00
3.981E+01 3.588E-04 1.578E-13  0.00E+00
3.758E+01 4.030E-04 1.973E-13  0.00E+00
3.548E+01 4.503E-04 2.474E-13  0.00E+00
3.350E+01 5.040E-04 3.101E-13  0.00E+00
3.162E+01 5.678E-04 3.885E-13  0.00E+00
2.985E+01 6.412E-04 4.859E-13  0.00E+00
2.818E+01 7.229E-04 6.055E-13  0.00E+00
2.661E+01 8.170E-04 7.547E-13  0.00E+00
2.512E+01 9.261E-04 9.417E-13  0.00E+00
2.371E+01 1.047E-03 1.164E-12  0.00E+00
2.239E+01 1.189E-03 1.438E-12  0.00E+00
2.113E+01 1.353E-03 1.753E-12  2.32E-07
1.995E+01 1.548E-03 2.113E-12  2.46E-07
1.884E+01 1.721E-03 2.362E-12  2.65E-07
1.778E+01 1.728E-03 2.426E-12  2.98E-07
1.679E+01 1.573E-03 2.454E-12  3.47E-07
1.585E+01 1.345E-03 2.672E-12  4.10E-07
1.496E+01 1.141E-03 3.317E-12  4.89E-07
1.413E+01 1.027E-03 4.761E-12  5.94E-07
1.334E+01 1.227E-03 7.339E-12  6.95E-07
1.259E+01 1.621E-03 1.057E-11  7.53E-07
1.189E+01 2.153E-03 1.459E-11  7.69E-07
1.122E+01 2.799E-03 1.932E-11  7.64E-07
1.059E+01 3.697E-03 2.551E-11  7.42E-07
1.000E+01 4.488E-03 2.845E-11  7.62E-07
9.441E+00 5.011E-03 2.865E-11  8.12E-07
8.913E+00 3.727E-03 1.529E-11  9.55E-07
8.414E+00 2.220E-03 7.585E-12  2.11E-06
7.943E+00 1.062E-03 4.029E-12  2.36E-06
7.499E+00 4.686E-04 9.302E-12  2.65E-06
7.079E+00 3.904E-04 1.619E-11  1.88E-06
6.683E+00 3.864E-04 2.555E-11  2.17E-06
6.310E+00 3.840E-04 3.679E-11  2.48E-06
5.957E+00 3.751E-04 5.089E-11  2.82E-06
5.623E+00 3.689E-04 6.881E-11  3.20E-06
5.309E+00 3.685E-04 9.164E-11  3.63E-06
5.012E+00 3.732E-04 1.207E-10  4.10E-06
4.732E+00 3.824E-04 1.575E-10  4.63E-06
4.467E+00 3.945E-04 2.041E-10  5.23E-06
4.217E+00 4.092E-04 2.630E-10  5.89E-06
3.981E+00 4.241E-04 3.373E-10  6.64E-06
3.758E+00 4.390E-04 4.313E-10  7.47E-06
3.548E+00 4.548E-04 5.498E-10  8.40E-06
3.350E+00 4.711E-04 6.991E-10  9.45E-06
3.162E+00 4.856E-04 8.879E-10  1.06E-05
2.985E+00 5.019E-04 1.126E-09  1.19E-05
2.818E+00 5.202E-04 1.428E-09  1.34E-05
2.661E+00 5.397E-04 1.808E-09  1.51E-05
2.512E+00 5.609E-04 2.287E-09  1.69E-05
2.371E+00 5.841E-04 2.891E-09  1.90E-05
2.239E+00 6.084E-04 3.652E-09  2.13E-05
2.113E+00 6.346E-04 4.608E-09  2.40E-05
1.995E+00 6.627E-04 5.815E-09  2.69E-05
1.884E+00 6.923E-04 7.335E-09  3.02E-05
1.778E+00 7.242E-04 9.251E-09  3.39E-05
1.679E+00 7.595E-04 1.166E-08  3.80E-05
1.585E+00 7.981E-04 1.469E-08  4.27E-05
1.496E+00 8.384E-04 1.850E-08  4.79E-05
1.413E+00 8.807E-04 2.330E-08  5.37E-05
1.334E+00 9.252E-04 2.934E-08  6.03E-05
1.259E+00 9.725E-04 3.694E-08  6.77E-05
1.189E+00 1.025E-03 4.653E-08  7.59E-05
1.122E+00 1.082E-03 5.860E-08  8.52E-05
1.059E+00 1.141E-03 7.378E-08  9.56E-05
1.000E+00 1.205E-03 9.288E-08  1.07E-04
9.441E-01 1.272E-03 1.169E-07  1.20E-04
8.913E-01 1.344E-03 1.472E-07  1.35E-04
8.414E-01 1.419E-03 1.854E-07  1.51E-04
7.943E-01 1.498E-03 2.335E-07  1.70E-04
7.499E-01 1.581E-03 2.942E-07  1.91E-04
7.079E-01 1.668E-03 3.708E-07  2.14E-04
6.683E-01 1.761E-03 4.673E-07  2.40E-04
6.310E-01 1.860E-03 5.893E-07  2.70E-04
5.957E-01 1.964E-03 7.436E-07  3.03E-04
5.623E-01 2.074E-03 9.388E-07  3.40E-04
5.309E-01 2.190E-03 1.186E-06  3.82E-04
5.012E-01 2.313E-03 1.498E-06  4.29E-04
4.732E-01 2.441E-03 1.895E-06  4.81E-04
4.467E-01 2.577E-03 2.399E-06  5.41E-04
4.217E-01 2.719E-03 3.041E-06  6.07E-04
3.981E-01 2.866E-03 3.857E-06  6.83E-04
3.758E-01 3.015E-03 4.902E-06  7.68E-04
3.548E-01 3.171E-03 6.240E-06  8.63E-04
3.350E-01 3.331E-03 7.960E-06  9.72E-04
3.162E-01 3.493E-03 1.017E-05  1.09E-03
2.985E-01 3.656E-03 1.305E-05  1.23E-03
2.818E-01 3.819E-03 1.679E-05  1.39E-03
2.661E-01 3.975E-03 2.170E-05  1.57E-03
2.512E-01 4.119E-03 2.819E-05  1.77E-03
2.371E-01 4.054E-03 3.696E-05  2.01E-03
2.239E-01 4.446E-03 4.924E-05  2.29E-03
2.113E-01 6.404E-03 6.609E-05  2.62E-03
1.995E-01 9.093E-03 8.893E-05  3.00E-03
1.884E-01 1.346E-02 1.214E-04  3.45E-03
1.778E-01 2.086E-02 1.667E-04  3.97E-03
1.679E-01 3.046E-02 2.308E-04  4.59E-03
1.585E-01 4.412E-02 3.325E-04  5.39E-03
1.496E-01 8.942E-02 5.128E-04  6.11E-03
1.413E-01 1.606E-01 5.780E-04  5.49E-03
1.334E-01 1.528E-01 6.767E-04  6.29E-03
1.259E-01 1.698E-01 8.577E-04  6.95E-03
1.189E-01 2.135E-01 1.174E-03  7.41E-03
1.122E-01 2.490E-01 1.495E-03  7.94E-03
1.059E-01 3.072E-01 2.153E-03  8.38E-03
1.000E-01 3.947E-01 2.873E-03  8.39E-03
9.441E-02 4.713E-01 3.674E-03  8.74E-03
8.913E-02 5.294E-01 4.222E-03  9.41E-03
8.414E-02 5.732E-01 5.426E-03  1.04E-02
7.943E-02 6.808E-01 7.499E-03  1.10E-02
7.499E-02 7.998E-01 1.009E-02  1.17E-02
7.079E-02 8.644E-01 1.234E-02  1.29E-02
6.683E-02 8.574E-01 1.403E-02  1.45E-02
6.310E-02 7.038E-01 1.309E-02  1.69E-02
5.957E-02 4.396E-01 7.965E-03  2.00E-02
5.623E-02 3.569E-01 5.121E-03  2.33E-02
5.309E-02 3.352E-01 4.680E-03  2.67E-02
5.012E-02 3.204E-01 4.568E-03  3.03E-02
4.732E-02 3.086E-01 4.626E-03  3.44E-02
4.467E-02 2.981E-01 4.780E-03  3.89E-02
4.217E-02 2.879E-01 4.983E-03  4.40E-02
3.981E-02 2.776E-01 5.215E-03  4.97E-02
3.758E-02 2.668E-01 5.453E-03  5.62E-02
3.548E-02 2.557E-01 5.690E-03  6.34E-02
3.350E-02 2.441E-01 5.907E-03  7.16E-02
3.162E-02 2.319E-01 6.090E-03  8.08E-02
2.985E-02 2.196E-01 6.242E-03  9.12E-02
2.818E-02 2.070E-01 6.339E-03  1.03E-01
2.661E-02 1.946E-01 6.381E-03  1.16E-01
2.512E-02 1.820E-01 6.341E-03  1.31E-01
2.371E-02 1.697E-01 6.181E-03  1.48E-01
2.239E-02 1.639E-01 6.171E-03  1.67E-01
2.113E-02 1.552E-01 6.121E-03  1.88E-01
1.995E-02 1.470E-01 5.876E-03  2.11E-01
1.884E-02 1.520E-01 6.123E-03  2.38E-01
1.778E-02 1.432E-01 6.320E-03  2.67E-01
1.679E-02 1.352E-01 6.252E-03  3.00E-01
1.585E-02 1.278E-01 6.088E-03  3.35E-01
1.496E-02 1.207E-01 5.867E-03  3.74E-01
1.413E-02 1.135E-01 5.549E-03  4.16E-01
1.334E-02 1.119E-01 5.216E-03  4.61E-01
1.259E-02 1.092E-01 5.239E-03  5.07E-01
1.189E-02 1.018E-01 5.068E-03  5.54E-01
1.122E-02 9.449E-02 4.475E-03  6.01E-01
1.059E-02 1.138E-01 4.407E-03  6.47E-01
1.000E-02 1.058E-01 5.122E-03  6.86E-01
9.441E-03 9.782E-02 5.107E-03  7.19E-01
8.913E-03 9.005E-02 4.924E-03  7.47E-01
8.414E-03 8.256E-02 4.680E-03  7.68E-01
7.943E-03 7.546E-02 4.395E-03  7.84E-01
7.499E-03 6.883E-02 3.994E-03  7.97E-01
7.079E-03 6.834E-02 4.036E-03  8.09E-01
6.683E-03 6.218E-02 3.848E-03  8.22E-01
6.310E-03 5.645E-02 3.606E-03  8.38E-01
5.957E-03 5.120E-02 3.351E-03  8.56E-01
5.623E-03 4.622E-02 3.089E-03  8.72E-01
5.309E-03 4.168E-02 2.835E-03  8.85E-01
5.012E-03 3.754E-02 2.595E-03  8.94E-01
4.732E-03 3.375E-02 2.370E-03  9.01E-01
4.467E-03 3.027E-02 2.155E-03  9.08E-01
4.217E-03 2.710E-02 1.950E-03  9.18E-01
3.981E-03 2.420E-02 1.757E-03  9.27E-01
3.758E-03 2.157E-02 1.577E-03  9.34E-01
3.548E-03 1.917E-02 1.410E-03  9.38E-01
3.350E-03 1.700E-02 1.255E-03  9.43E-01
3.162E-03 1.505E-02 1.110E-03  9.49E-01
2.985E-03 1.333E-02 9.800E-04  9.54E-01
2.818E-03 1.171E-02 8.508E-04  9.58E-01
2.661E-03 1.022E-02 7.270E-04  9.62E-01
2.512E-03 8.953E-03 5.923E-04  9.66E-01
2.371E-03 7.833E-03 3.497E-04  9.69E-01
2.239E-03 1.848E-02 5.032E-04  9.71E-01
2.113E-03 1.651E-02 5.152E-04  9.74E-01
1.995E-03 1.464E-02 4.930E-04  9.76E-01
1.884E-03 1.291E-02 4.422E-04  9.79E-01
1.778E-03 1.133E-02 3.778E-04  9.81E-01
1.679E-03 9.897E-03 2.340E-04  9.82E-01
1.585E-03 1.581E-02 3.666E-04  9.84E-01
1.496E-03 1.383E-02 3.419E-04  9.86E-01
1.413E-03 1.344E-02 3.493E-04  9.87E-01
1.334E-03 1.178E-02 3.296E-04  9.88E-01
1.259E-03 1.029E-02 3.032E-04  9.89E-01
1.189E-03 8.976E-03 2.767E-04  9.90E-01
1.122E-03 7.765E-03 2.499E-04  9.91E-01
1.059E-03 6.706E-03 2.234E-04  9.92E-01
1.000E-03 5.766E-03 1.955E-04  9.93E-01
