1.000E+03 8.647E-07 4.010E-18  0.00E+00
9.441E+02 9.703E-07 5.048E-18  0.00E+00
8.913E+02 1.089E-06 6.355E-18  0.00E+00
8.414E+02 1.222E-06 8.000E-18  0.00E+00
7.943E+02 1.371E-06 1.007E-17  0.00E+00
7.499E+02 1.539E-06 1.268E-17  0.00E+00
7.079E+02 1.726E-06 1.596E-17  0.00E+00
6.683E+02 1.937E-06 2.010E-17  0.00E+00
6.310E+02 2.174E-06 2.530E-17  0.00E+00
5.957E+02 2.439E-06 3.185E-17  0.00E+00
5.623E+02 2.737E-06 4.010E-17  0.00E+00
5.309E+02 3.072E-06 5.049E-17  0.00E+00
5.012E+02 3.447E-06 6.357E-17  0.00E+00
4.732E+02 3.869E-06 8.003E-17  0.00E+00
4.467E+02 4.343E-06 1.007E-16  0.00E+00
4.217E+02 4.875E-06 1.268E-16  0.00E+00
3.981E+02 5.471E-06 1.597E-16  0.00E+00
3.758E+02 6.141E-06 2.011E-16  0.00E+00
3.548E+02 6.892E-06 2.532E-16  0.00E+00
3.350E+02 7.739E-06 3.187E-16  0.00E+00
3.162E+02 8.689E-06 4.012E-16  0.00E+00
2.985E+02 9.757E-06 5.052E-16  0.00E+00
2.818E+02 1.095E-05 6.361E-16  0.00E+00
2.661E+02 1.230E-05 8.009E-16  0.00E+00
2.512E+02 1.381E-05 1.009E-15  0.00E+00
2.371E+02 1.552E-05 1.270E-15  0.00E+00
2.239E+02 1.743E-05 1.599E-15  0.00E+00
2.113E+02 1.959E-05 2.013E-15  0.00E+00
1.995E+02 2.201E-05 2.535E-15  0.00E+00
1.884E+02 2.473E-05 3.192E-15  0.00E+00
1.778E+02 2.779E-05 4.019E-15  0.00E+00
1.679E+02 3.124E-05 5.061E-15  0.00E+00
1.585E+02 3.514E-05 6.374E-15  0.00E+00
1.496E+02 3.952E-05 8.027E-15  0.00E+00
1.413E+02 4.447E-05 1.011E-14  0.00E+00
1.334E+02 5.005E-05 1.273E-14  0.00E+00
1.259E+02 5.634E-05 1.604E-14  0.00E+00
1.189E+02 6.344E-05 2.020E-14  0.00E+00
1.122E+02 7.145E-05 2.545E-14  0.00E+00
1.059E+02 8.054E-05 3.205E-14  0.00E+00
1.000E+02 9.082E-05 4.037E-14  0.00E+00
9.441E+01 1.025E-04 5.085E-14  0.00E+00
8.913E+01 1.157E-04 6.405E-14  0.00E+00
8.414E+01 1.306E-04 8.067E-14  0.00E+00
7.943E+01 1.476E-04 1.016E-13  0.00E+00
7.499E+01 1.667E-04 1.280E-13  0.00E+00
7.079E+01 1.885E-04 1.612E-13  0.00E+00
6.683E+01 2.133E-04 2.029E-13  0.00E+00
6.310E+01 2.413E-04 2.554E-13  0.00E+00
5.957E+01 2.729E-04 3.213E-13  0.00E+00
5.623E+01 3.088E-04 4.041E-13  0.00E+00
5.309E+01 3.491E-04 5.080E-13  0.00E+00
5.012E+01 3.944E-04 6.383E-13  0.00E+00
4.732E+01 4.454E-04 8.015E-13  0.00E+00
4.467E+01 5.026E-04 1.006E-12  0.00E+00
4.217E+01 5.670E-04 1.262E-12  0.00E+00
3.981E+01 6.381E-04 1.578E-12  0.00E+00
3.758E+01 7.167E-04 1.973E-12  3.64E-07
3.548E+01 8.007E-04 2.474E-12  3.95E-07
3.350E+01 8.963E-04 3.101E-12  4.28E-07
3.162E+01 1.010E-03 3.885E-12  4.60E-07
2.985E+01 1.140E-03 4.859E-12  4.94E-07
2.818E+01 1.286E-03 6.055E-12  5.30E-07
2.661E+01 1.453E-03 7.547E-12  5.67E-07
2.512E+01 1.647E-03 9.417E-12  6.05E-07
2.371E+01 1.862E-03 1.164E-11  6.46E-07
2.239E+01 2.114E-03 1.438E-11  6.89E-07
2.113E+01 2.405E-03 1.753E-11  7.33E-07
1.995E+01 2.753E-03 2.113E-11  7.78E-07
1.884E+01 3.061E-03 2.362E-11  8.37E-07
1.778E+01 3.073E-03 2.426E-11  9.44E-07
1.679E+01 2.797E-03 2.454E-11  1.10E-06
1.585E+01 2.392E-03 2.672E-11  1.30E-06
1.496E+01 2.028E-03 3.317E-11  1.55E-06
1.413E+01 1.827E-03 4.761E-11  1.88E-06
1.334E+01 2.182E-03 7.339E-11  2.20E-06
1.259E+01 2.882E-03 1.057E-10  2.38E-06
1.189E+01 3.829E-03 1.459E-10  2.43E-06
1.122E+01 4.978E-03 1.932E-10  2.42E-06
1.059E+01 6.574E-03 2.551E-10  2.35E-06
1.000E+01 7.980E-03 2.845E-10  2.41E-06
9.441E+00 8.910E-03 2.865E-10  2.57E-06
8.913E+00 6.628E-03 1.529E-10  3.02E-06
8.414E+00 4.282E-03 7.656E-11  3.59E-06
7.943E+00 1.988E-03 3.792E-11  4.24E-06
7.499E+00 8.827E-04 8.104E-11  5.07E-06
7.079E+00 6.943E-04 1.619E-10  5.95E-06
6.683E+00 6.872E-04 2.555E-10  6.86E-06
6.310E+00 6.828E-04 3.679E-10  7.84E-06
5.957E+00 6.670E-04 5.089E-10  8.92E-06
5.623E+00 6.560E-04 6.881E-10  1.01E-05
5.309E+00 6.553E-04 9.164E-10  1.15E-05
5.012E+00 6.637E-04 1.207E-09  1.30E-05
4.732E+00 6.800E-04 1.575E-09  1.47E-05
4.467E+00 7.016E-04 2.041E-09  1.65E-05
4.217E+00 7.278E-04 2.630E-09  1.86E-05
3.981E+00 7.542E-04 3.373E-09  2.10E-05
3.758E+00 7.806E-04 4.313E-09  2.36E-05
3.548E+00 8.089E-04 5.498E-09  2.66E-05
3.350E+00 8.377E-04 6.992E-09  2.99E-05
3.162E+00 8.636E-04 8.879E-09  3.36E-05
2.985E+00 8.927E-04 1.127E-08  3.77E-05
2.818E+00 9.251E-04 1.428E-08  4.24E-05
2.661E+00 9.599E-04 1.808E-08  4.76E-05
2.512E+00 9.976E-04 2.287E-08  5.35E-05
2.371E+00 1.039E-03 2.891E-08  6.01E-05
2.239E+00 1.082E-03 3.652E-08  6.75E-05
2.113E+00 1.129E-03 4.609E-08  7.58E-05
1.995E+00 1.179E-03 5.815E-08  8.50E-05
1.884E+00 1.231E-03 7.336E-08  9.55E-05
1.778E+00 1.288E-03 9.251E-08  1.07E-04
1.679E+00 1.351E-03 1.166E-07  1.20E-04
1.585E+00 1.420E-03 1.469E-07  1.35E-04
1.496E+00 1.491E-03 1.850E-07  1.51E-04
1.413E+00 1.567E-03 2.330E-07  1.70E-04
1.334E+00 1.646E-03 2.934E-07  1.91E-04
1.259E+00 1.730E-03 3.695E-07  2.14E-04
1.189E+00 1.824E-03 4.654E-07  2.40E-04
1.122E+00 1.925E-03 5.861E-07  2.69E-04
1.059E+00 2.031E-03 7.380E-07  3.02E-04
1.000E+00 2.144E-03 9.290E-07  3.39E-04
9.441E-01 2.265E-03 1.169E-06  3.80E-04
8.913E-01 2.392E-03 1.472E-06  4.27E-04
8.414E-01 2.526E-03 1.854E-06  4.79E-04
7.943E-01 2.667E-03 2.336E-06  5.37E-04
7.499E-01 2.816E-03 2.943E-06  6.03E-04
7.079E-01 2.972E-03 3.710E-06  6.77E-04
6.683E-01 3.137E-03 4.675E-06  7.60E-04
6.310E-01 3.314E-03 5.896E-06  8.53E-04
5.957E-01 3.500E-03 7.441E-06  9.57E-04
5.623E-01 3.697E-03 9.394E-06  1.07E-03
5.309E-01 3.906E-03 1.187E-05  1.21E-03
5.012E-01 4.126E-03 1.500E-05  1.35E-03
4.732E-01 4.357E-03 1.897E-05  1.52E-03
4.467E-01 4.601E-03 2.401E-05  1.71E-03
4.217E-01 4.856E-03 3.045E-05  1.92E-03
3.981E-01 5.123E-03 3.863E-05  2.16E-03
3.758E-01 5.393E-03 4.910E-05  2.43E-03
3.548E-01 5.676E-03 6.252E-05  2.73E-03
3.350E-01 5.967E-03 7.977E-05  3.07E-03
3.162E-01 6.264E-03 1.020E-04  3.46E-03
2.985E-01 6.564E-03 1.308E-04  3.89E-03
2.818E-01 6.864E-03 1.684E-04  4.39E-03
2.661E-01 7.155E-03 2.178E-04  4.96E-03
2.512E-01 7.428E-03 2.832E-04  5.60E-03
2.371E-01 7.326E-03 3.715E-04  6.35E-03
2.239E-01 8.056E-03 4.954E-04  7.23E-03
2.113E-01 1.164E-02 6.657E-04  8.26E-03
1.995E-01 1.659E-02 8.971E-04  9.45E-03
1.884E-01 2.467E-02 1.227E-03  1.09E-02
1.778E-01 3.843E-02 1.688E-03  1.25E-02
1.679E-01 5.650E-02 2.344E-03  1.45E-02
1.585E-01 8.260E-02 3.390E-03  1.70E-02
1.496E-01 1.693E-01 5.250E-03  1.92E-02
1.413E-01 3.003E-01 5.879E-03  1.72E-02
1.334E-01 2.873E-01 6.892E-03  1.98E-02
1.259E-01 3.206E-01 8.743E-03  2.19E-02
1.189E-01 4.046E-01 1.196E-02  2.33E-02
1.122E-01 4.724E-01 1.520E-02  2.49E-02
1.059E-01 5.849E-01 2.189E-02  2.63E-02
1.000E-01 7.427E-01 2.885E-02  2.65E-02
9.441E-02 8.741E-01 3.629E-02  2.78E-02
8.913E-02 9.603E-01 4.066E-02  3.02E-02
8.414E-02 1.034E+00 5.163E-02  3.37E-02
7.943E-02 1.193E+00 6.895E-02  3.61E-02
7.499E-02 1.334E+00 8.765E-02  3.91E-02
7.079E-02 1.364E+00 1.005E-01  4.40E-02
6.683E-02 1.281E+00 1.069E-01  5.05E-02
6.310E-02 1.021E+00 9.543E-02  5.90E-02
5.957E-02 6.572E-01 5.914E-02  6.86E-02
5.623E-02 5.526E-01 3.883E-02  7.92E-02
5.309E-02 5.229E-01 3.516E-02  9.04E-02
5.012E-02 5.012E-01 3.377E-02  1.03E-01
4.732E-02 4.828E-01 3.349E-02  1.17E-01
4.467E-02 4.660E-01 3.377E-02  1.32E-01
4.217E-02 4.494E-01 3.426E-02  1.50E-01
3.981E-02 4.328E-01 3.481E-02  1.69E-01
3.758E-02 4.158E-01 3.526E-02  1.91E-01
3.548E-02 3.984E-01 3.558E-02  2.16E-01
3.350E-02 3.809E-01 3.568E-02  2.43E-01
3.162E-02 3.628E-01 3.548E-02  2.73E-01
2.985E-02 3.449E-01 3.504E-02  3.05E-01
2.818E-02 3.266E-01 3.426E-02  3.41E-01
2.661E-02 3.088E-01 3.319E-02  3.80E-01
2.512E-02 2.909E-01 3.173E-02  4.21E-01
2.371E-02 2.733E-01 2.975E-02  4.64E-01
2.239E-02 2.653E-01 2.848E-02  5.10E-01
2.113E-02 2.527E-01 2.716E-02  5.56E-01
1.995E-02 2.408E-01 2.511E-02  6.01E-01
1.884E-02 2.491E-01 2.508E-02  6.46E-01
1.778E-02 2.356E-01 2.511E-02  6.84E-01
1.679E-02 2.234E-01 2.420E-02  7.18E-01
1.585E-02 2.119E-01 2.309E-02  7.46E-01
1.496E-02 2.006E-01 2.192E-02  7.69E-01
1.413E-02 1.894E-01 2.055E-02  7.86E-01
1.334E-02 1.868E-01 1.919E-02  8.00E-01
1.259E-02 1.825E-01 1.920E-02  8.12E-01
1.189E-02 1.707E-01 1.857E-02  8.25E-01
1.122E-02 1.591E-01 1.642E-02  8.40E-01
1.059E-02 1.903E-01 1.595E-02  8.58E-01
1.000E-02 1.774E-01 1.844E-02  8.73E-01
9.441E-03 1.647E-01 1.831E-02  8.86E-01
8.913E-03 1.523E-01 1.757E-02  8.96E-01
8.414E-03 1.402E-01 1.660E-02  9.03E-01
7.943E-03 1.287E-01 1.546E-02  9.10E-01
7.499E-03 1.179E-01 1.390E-02  9.18E-01
7.079E-03 1.172E-01 1.386E-02  9.27E-01
6.683E-03 1.070E-01 1.310E-02  9.34E-01
6.310E-03 9.743E-02 1.221E-02  9.39E-01
5.957E-03 8.863E-02 1.130E-02  9.44E-01
5.623E-03 8.023E-02 1.039E-02  9.49E-01
5.309E-03 7.253E-02 9.495E-03  9.55E-01
5.012E-03 6.549E-02 8.654E-03  9.58E-01
4.732E-03 5.900E-02 7.863E-03  9.62E-01
4.467E-03 5.301E-02 7.113E-03  9.66E-01
4.217E-03 4.754E-02 6.416E-03  9.69E-01
3.981E-03 4.253E-02 5.768E-03  9.71E-01
3.758E-03 3.795E-02 5.164E-03  9.74E-01
3.548E-03 3.378E-02 4.601E-03  9.76E-01
3.350E-03 2.998E-02 4.083E-03  9.79E-01
3.162E-03 2.657E-02 3.606E-03  9.81E-01
2.985E-03 2.355E-02 3.177E-03  9.82E-01
2.818E-03 2.071E-02 2.751E-03  9.84E-01
2.661E-03 1.809E-02 2.347E-03  9.86E-01
2.512E-03 1.585E-02 1.909E-03  9.87E-01
2.371E-03 1.388E-02 1.125E-03  9.88E-01
2.239E-03 3.260E-02 1.608E-03  9.89E-01
2.113E-03 2.914E-02 1.645E-03  9.90E-01
1.995E-03 2.586E-02 1.573E-03  9.91E-01
1.884E-03 2.282E-02 1.410E-03  9.92E-01
1.778E-03 2.004E-02 1.204E-03  9.93E-01
1.679E-03 1.752E-02 7.454E-04  9.93E-01
1.585E-03 2.791E-02 1.163E-03  9.94E-01
1.496E-03 2.445E-02 1.085E-03  9.95E-01
1.413E-03 2.375E-02 1.107E-03  9.95E-01
1.334E-03 2.083E-02 1.045E-03  9.96E-01
1.259E-03 1.822E-02 9.610E-04  9.96E-01
1.189E-03 1.590E-02 8.771E-04  9.96E-01
1.122E-03 1.376E-02 7.920E-04  9.97E-01
1.059E-03 1.189E-02 7.081E-04  9.97E-01
1.000E-03 1.023E-02 6.196E-04  9.97E-01
