1.000E+03 2.735E-05 4.010E-12  7.96E-07
9.441E+02 3.069E-05 5.048E-12  8.93E-07
8.913E+02 3.443E-05 6.355E-12  1.00E-06
8.414E+02 3.864E-05 8.000E-12  1.12E-06
7.943E+02 4.336E-05 1.007E-11  1.26E-06
7.499E+02 4.865E-05 1.268E-11  1.41E-06
7.079E+02 5.460E-05 1.596E-11  1.59E-06
6.683E+02 6.126E-05 2.010E-11  1.78E-06
6.310E+02 6.874E-05 2.530E-11  2.00E-06
5.957E+02 7.714E-05 3.185E-11  2.24E-06
5.623E+02 8.656E-05 4.010E-11  2.51E-06
5.309E+02 9.714E-05 5.049E-11  2.82E-06
5.012E+02 1.090E-04 6.357E-11  3.17E-06
4.732E+02 1.224E-04 8.003E-11  3.55E-06
4.467E+02 1.373E-04 1.007E-10  3.98E-06
4.217E+02 1.542E-04 1.268E-10  4.47E-06
3.981E+02 1.730E-04 1.597E-10  5.01E-06
3.758E+02 1.942E-04 2.011E-10  5.62E-06
3.548E+02 2.180E-04 2.532E-10  6.30E-06
3.350E+02 2.447E-04 3.187E-10  7.07E-06
3.162E+02 2.748E-04 4.012E-10  7.92E-06
2.985E+02 3.086E-04 5.052E-10  8.89E-06
2.818E+02 3.464E-04 6.361E-10  9.96E-06
2.661E+02 3.890E-04 8.010E-10  1.12E-05
2.512E+02 4.368E-04 1.009E-09  1.25E-05
2.371E+02 4.907E-04 1.270E-09  1.40E-05
2.239E+02 5.513E-04 1.599E-09  1.57E-05
2.113E+02 6.195E-04 2.013E-09  1.76E-05
1.995E+02 6.962E-04 2.535E-09  1.97E-05
1.884E+02 7.822E-04 3.192E-09  2.21E-05
1.778E+02 8.790E-04 4.019E-09  2.48E-05
1.679E+02 9.882E-04 5.062E-09  2.77E-05
1.585E+02 1.111E-03 6.374E-09  3.11E-05
1.496E+02 1.250E-03 8.028E-09  3.47E-05
1.413E+02 1.407E-03 1.011E-08  3.89E-05
1.334E+02 1.583E-03 1.273E-08  4.35E-05
1.259E+02 1.782E-03 1.604E-08  4.86E-05
1.189E+02 2.007E-03 2.020E-08  5.42E-05
1.122E+02 2.260E-03 2.545E-08  6.06E-05
1.059E+02 2.548E-03 3.205E-08  6.75E-05
1.000E+02 2.873E-03 4.037E-08  7.53E-05
9.441E+01 3.242E-03 5.086E-08  8.38E-05
8.913E+01 3.660E-03 6.406E-08  9.32E-05
8.414E+01 4.133E-03 8.069E-08  1.03E-04
7.943E+01 4.671E-03 1.016E-07  1.15E-04
7.499E+01 5.276E-03 1.280E-07  1.27E-04
7.079E+01 5.967E-03 1.612E-07  1.40E-04
6.683E+01 6.752E-03 2.029E-07  1.55E-04
6.310E+01 7.639E-03 2.554E-07  1.70E-04
5.957E+01 8.641E-03 3.215E-07  1.87E-04
5.623E+01 9.777E-03 4.043E-07  2.05E-04
5.309E+01 1.106E-02 5.083E-07  2.24E-04
5.012E+01 1.249E-02 6.387E-07  2.44E-04
4.732E+01 1.411E-02 8.020E-07  2.65E-04
4.467E+01 1.593E-02 1.007E-06  2.88E-04
4.217E+01 1.797E-02 1.262E-06  3.12E-04
3.981E+01 2.023E-02 1.579E-06  3.37E-04
3.758E+01 2.272E-02 1.975E-06  3.64E-04
3.548E+01 2.539E-02 2.476E-06  3.95E-04
3.350E+01 2.842E-02 3.105E-06  4.27E-04
3.162E+01 3.203E-02 3.890E-06  4.60E-04
2.985E+01 3.618E-02 4.866E-06  4.94E-04
2.818E+01 4.080E-02 6.064E-06  5.29E-04
2.661E+01 4.612E-02 7.560E-06  5.66E-04
2.512E+01 5.229E-02 9.434E-06  6.04E-04
2.371E+01 5.914E-02 1.166E-05  6.46E-04
2.239E+01 6.715E-02 1.441E-05  6.88E-04
2.113E+01 7.642E-02 1.757E-05  7.32E-04
1.995E+01 8.747E-02 2.118E-05  7.77E-04
1.884E+01 9.725E-02 2.367E-05  8.36E-04
1.778E+01 9.763E-02 2.431E-05  9.43E-04
1.679E+01 8.886E-02 2.458E-05  1.10E-03
1.585E+01 7.603E-02 2.677E-05  1.29E-03
1.496E+01 6.455E-02 3.324E-05  1.55E-03
1.413E+01 5.824E-02 4.776E-05  1.88E-03
1.334E+01 6.975E-02 7.370E-05  2.20E-03
1.259E+01 9.227E-02 1.063E-04  2.38E-03
1.189E+01 1.227E-01 1.467E-04  2.42E-03
1.122E+01 1.596E-01 1.944E-04  2.41E-03
1.059E+01 2.106E-01 2.565E-04  2.34E-03
1.000E+01 2.549E-01 2.854E-04  2.40E-03
9.441E+00 2.833E-01 2.860E-04  2.57E-03
8.913E+00 2.099E-01 1.519E-04  3.02E-03
8.414E+00 1.357E-01 7.603E-05  3.59E-03
7.943E+00 6.315E-02 3.770E-05  4.24E-03
7.499E+00 2.818E-02 8.081E-05  5.06E-03
7.079E+00 2.227E-02 1.618E-04  5.94E-03
6.683E+00 2.212E-02 2.558E-04  6.84E-03
6.310E+00 2.206E-02 3.688E-04  7.82E-03
5.957E+00 2.164E-02 5.108E-04  8.89E-03
5.623E+00 2.138E-02 6.916E-04  1.01E-02
5.309E+00 2.145E-02 9.224E-04  1.14E-02
5.012E+00 2.184E-02 1.217E-03  1.29E-02
4.732E+00 2.251E-02 1.590E-03  1.46E-02
4.467E+00 2.337E-02 2.065E-03  1.64E-02
4.217E+00 2.441E-02 2.665E-03  1.85E-02
3.981E+00 2.549E-02 3.424E-03  2.08E-02
3.758E+00 2.660E-02 4.388E-03  2.34E-02
3.548E+00 2.782E-02 5.607E-03  2.63E-02
3.350E+00 2.911E-02 7.147E-03  2.96E-02
3.162E+00 3.035E-02 9.101E-03  3.32E-02
2.985E+00 3.178E-02 1.158E-02  3.73E-02
2.818E+00 3.339E-02 1.472E-02  4.18E-02
2.661E+00 3.518E-02 1.871E-02  4.69E-02
2.512E+00 3.718E-02 2.374E-02  5.27E-02
2.371E+00 3.943E-02 3.011E-02  5.91E-02
2.239E+00 4.191E-02 3.816E-02  6.63E-02
2.113E+00 4.468E-02 4.831E-02  7.44E-02
1.995E+00 4.777E-02 6.112E-02  8.35E-02
1.884E+00 5.119E-02 7.728E-02  9.37E-02
1.778E+00 5.503E-02 9.757E-02  1.05E-01
1.679E+00 5.942E-02 1.229E-01  1.18E-01
1.585E+00 6.438E-02 1.545E-01  1.33E-01
1.496E+00 6.987E-02 1.935E-01  1.50E-01
1.413E+00 7.593E-02 2.415E-01  1.70E-01
1.334E+00 8.266E-02 2.997E-01  1.93E-01
1.259E+00 9.018E-02 3.695E-01  2.19E-01
1.189E+00 9.893E-02 4.521E-01  2.50E-01
1.122E+00 1.090E-01 5.482E-01  2.87E-01
1.059E+00 1.207E-01 6.585E-01  3.31E-01
1.000E+00 1.350E-01 7.853E-01  3.82E-01
9.441E-01 1.530E-01 9.341E-01  4.41E-01
8.913E-01 1.758E-01 1.117E+00  5.01E-01
8.414E-01 2.040E-01 1.354E+00  5.56E-01
7.943E-01 2.344E-01 1.658E+00  5.90E-01
7.499E-01 2.583E-01 2.000E+00  5.98E-01
7.079E-01 2.665E-01 2.294E+00  5.88E-01
6.683E-01 2.622E-01 2.473E+00  5.75E-01
6.310E-01 2.609E-01 2.571E+00  5.75E-01
5.957E-01 2.784E-01 2.691E+00  5.96E-01
5.623E-01 3.247E-01 2.943E+00  6.35E-01
5.309E-01 3.867E-01 3.374E+00  6.78E-01
5.012E-01 4.087E-01 3.716E+00  6.98E-01
4.732E-01 3.875E-01 3.701E+00  6.89E-01
4.467E-01 3.858E-01 3.549E+00  6.66E-01
4.217E-01 4.518E-01 3.610E+00  6.56E-01
3.981E-01 5.307E-01 3.921E+00  6.83E-01
3.758E-01 4.904E-01 3.700E+00  6.95E-01
3.548E-01 4.899E-01 3.193E+00  6.59E-01
3.350E-01 6.179E-01 3.065E+00  6.04E-01
3.162E-01 5.848E-01 2.856E+00  6.15E-01
2.985E-01 5.646E-01 2.177E+00  5.65E-01
2.818E-01 7.367E-01 1.898E+00  4.78E-01
2.661E-01 6.251E-01 1.639E+00  4.51E-01
2.512E-01 7.524E-01 1.257E+00  4.02E-01
2.371E-01 6.662E-01 1.540E+00  5.19E-01
2.239E-01 7.864E-01 1.706E+00  6.85E-01
2.113E-01 9.034E-01 1.974E+00  7.84E-01
1.995E-01 9.693E-01 1.886E+00  8.29E-01
1.884E-01 1.094E+00 1.457E+00  8.11E-01
1.778E-01 1.196E+00 1.225E+00  8.27E-01
1.679E-01 1.207E+00 1.276E+00  8.53E-01
1.585E-01 1.173E+00 1.291E+00  8.49E-01
1.496E-01 1.125E+00 1.320E+00  8.31E-01
1.413E-01 1.136E+00 1.297E+00  8.49E-01
1.334E-01 1.131E+00 1.284E+00  8.56E-01
1.259E-01 1.118E+00 1.284E+00  8.58E-01
1.189E-01 1.095E+00 1.296E+00  8.54E-01
1.122E-01 1.081E+00 1.297E+00  8.55E-01
1.059E-01 1.053E+00 1.320E+00  8.46E-01
1.000E-01 1.033E+00 1.329E+00  8.45E-01
9.441E-02 1.015E+00 1.331E+00  8.47E-01
8.913E-02 1.005E+00 1.316E+00  8.55E-01
8.414E-02 9.915E-01 1.320E+00  8.54E-01
7.943E-02 9.612E-01 1.339E+00  8.48E-01
7.499E-02 9.231E-01 1.359E+00  8.41E-01
7.079E-02 8.870E-01 1.372E+00  8.37E-01
6.683E-02 8.439E-01 1.388E+00  8.33E-01
6.310E-02 7.957E-01 1.400E+00  8.31E-01
5.957E-02 7.905E-01 1.353E+00  8.59E-01
5.623E-02 8.626E-01 1.244E+00  9.07E-01
5.309E-02 8.904E-01 1.200E+00  9.24E-01
5.012E-02 9.069E-01 1.171E+00  9.36E-01
4.732E-02 9.167E-01 1.151E+00  9.44E-01
4.467E-02 9.228E-01 1.136E+00  9.50E-01
4.217E-02 9.266E-01 1.124E+00  9.55E-01
3.981E-02 9.288E-01 1.114E+00  9.60E-01
3.758E-02 9.301E-01 1.105E+00  9.64E-01
3.548E-02 9.307E-01 1.098E+00  9.67E-01
3.350E-02 9.311E-01 1.091E+00  9.70E-01
3.162E-02 9.311E-01 1.085E+00  9.73E-01
2.985E-02 9.311E-01 1.078E+00  9.76E-01
2.818E-02 9.311E-01 1.072E+00  9.78E-01
2.661E-02 9.313E-01 1.066E+00  9.81E-01
2.512E-02 9.317E-01 1.060E+00  9.83E-01
2.371E-02 9.330E-01 1.053E+00  9.85E-01
2.239E-02 9.366E-01 1.046E+00  9.87E-01
2.113E-02 9.376E-01 1.042E+00  9.89E-01
1.995E-02 9.402E-01 1.036E+00  9.90E-01
1.884E-02 9.476E-01 1.027E+00  9.92E-01
1.778E-02 9.440E-01 1.031E+00  9.92E-01
1.679E-02 9.432E-01 1.031E+00  9.93E-01
1.585E-02 9.430E-01 1.031E+00  9.94E-01
1.496E-02 9.427E-01 1.032E+00  9.95E-01
1.413E-02 9.425E-01 1.035E+00  9.95E-01
1.334E-02 9.464E-01 1.031E+00  9.96E-01
1.259E-02 9.465E-01 1.033E+00  9.97E-01
1.189E-02 9.435E-01 1.043E+00  9.97E-01
1.122E-02 9.424E-01 1.051E+00  9.98E-01
1.059E-02 9.617E-01 9.978E-01  9.98E-01
1.000E-02 9.526E-01 1.031E+00  9.98E-01
9.441E-03 9.477E-01 1.046E+00  9.98E-01
8.913E-03 9.431E-01 1.062E+00  9.98E-01
8.414E-03 9.380E-01 1.081E+00  9.98E-01
7.943E-03 9.319E-01 1.105E+00  9.99E-01
7.499E-03 9.249E-01 1.134E+00  9.99E-01
7.079E-03 9.254E-01 1.136E+00  9.99E-01
6.683E-03 9.155E-01 1.172E+00  9.99E-01
6.310E-03 9.038E-01 1.214E+00  9.99E-01
5.957E-03 8.899E-01 1.262E+00  9.99E-01
5.623E-03 8.729E-01 1.316E+00  1.00E+00
5.309E-03 8.531E-01 1.373E+00  1.00E+00
5.012E-03 8.305E-01 1.430E+00  1.00E+00
4.732E-03 8.046E-01 1.486E+00  1.00E+00
4.467E-03 7.756E-01 1.537E+00  1.00E+00
4.217E-03 7.437E-01 1.580E+00  1.00E+00
3.981E-03 7.091E-01 1.612E+00  1.00E+00
3.758E-03 6.720E-01 1.629E+00  1.00E+00
3.548E-03 6.330E-01 1.629E+00  1.00E+00
3.350E-03 5.925E-01 1.611E+00  1.00E+00
3.162E-03 5.514E-01 1.575E+00  1.00E+00
2.985E-03 5.107E-01 1.521E+00  1.00E+00
2.818E-03 4.686E-01 1.442E+00  1.00E+00
2.661E-03 4.260E-01 1.339E+00  1.00E+00
2.512E-03 3.865E-01 1.186E+00  1.00E+00
2.371E-03 3.491E-01 7.878E-01  1.00E+00
2.239E-03 6.226E-01 7.991E-01  1.00E+00
2.113E-03 5.841E-01 8.552E-01  1.00E+00
1.995E-03 5.431E-01 8.645E-01  1.00E+00
1.884E-03 5.010E-01 8.259E-01  1.00E+00
1.778E-03 4.586E-01 7.529E-01  1.00E+00
1.679E-03 4.167E-01 5.103E-01  1.00E+00
1.585E-03 5.695E-01 6.469E-01  1.00E+00
1.496E-03 5.243E-01 6.407E-01  1.00E+00
1.413E-03 5.146E-01 6.592E-01  1.00E+00
1.334E-03 4.713E-01 6.550E-01  1.00E+00
1.259E-03 4.288E-01 6.336E-01  1.00E+00
1.189E-03 3.877E-01 7.578E-01  1.00E+00
1.122E-03 3.469E-01 7.075E-01  1.00E+00
1.059E-03 3.088E-01 6.515E-01  1.00E+00
1.000E-03 2.728E-01 5.862E-01  1.00E+00
