1.000E+03 1.221E-05 1.596E-13  0.00E+00
9.441E+02 1.371E-05 2.010E-13  0.00E+00
8.913E+02 1.538E-05 2.530E-13  0.00E+00
8.414E+02 1.726E-05 3.185E-13  0.00E+00
7.943E+02 1.937E-05 4.010E-13  0.00E+00
7.499E+02 2.173E-05 5.048E-13  0.00E+00
7.079E+02 2.439E-05 6.355E-13  0.00E+00
6.683E+02 2.736E-05 8.001E-13  0.00E+00
6.310E+02 3.071E-05 1.007E-12  0.00E+00
5.957E+02 3.446E-05 1.268E-12  0.00E+00
5.623E+02 3.867E-05 1.597E-12  0.00E+00
5.309E+02 4.339E-05 2.010E-12  5.63E-07
5.012E+02 4.869E-05 2.531E-12  6.31E-07
4.732E+02 5.465E-05 3.186E-12  7.08E-07
4.467E+02 6.134E-05 4.011E-12  7.94E-07
4.217E+02 6.886E-05 5.049E-12  8.91E-07
3.981E+02 7.728E-05 6.357E-12  1.00E-06
3.758E+02 8.674E-05 8.004E-12  1.12E-06
3.548E+02 9.735E-05 1.008E-11  1.26E-06
3.350E+02 1.093E-04 1.269E-11  1.41E-06
3.162E+02 1.227E-04 1.597E-11  1.58E-06
2.985E+02 1.378E-04 2.011E-11  1.77E-06
2.818E+02 1.547E-04 2.532E-11  1.99E-06
2.661E+02 1.737E-04 3.189E-11  2.23E-06
2.512E+02 1.951E-04 4.015E-11  2.50E-06
2.371E+02 2.192E-04 5.055E-11  2.80E-06
2.239E+02 2.462E-04 6.365E-11  3.14E-06
2.113E+02 2.767E-04 8.014E-11  3.52E-06
1.995E+02 3.109E-04 1.009E-10  3.94E-06
1.884E+02 3.494E-04 1.271E-10  4.41E-06
1.778E+02 3.926E-04 1.600E-10  4.94E-06
1.679E+02 4.414E-04 2.015E-10  5.54E-06
1.585E+02 4.963E-04 2.538E-10  6.20E-06
1.496E+02 5.583E-04 3.196E-10  6.93E-06
1.413E+02 6.282E-04 4.025E-10  7.75E-06
1.334E+02 7.070E-04 5.069E-10  8.67E-06
1.259E+02 7.959E-04 6.385E-10  9.69E-06
1.189E+02 8.962E-04 8.042E-10  1.08E-05
1.122E+02 1.009E-03 1.013E-09  1.21E-05
1.059E+02 1.138E-03 1.276E-09  1.35E-05
1.000E+02 1.283E-03 1.607E-09  1.50E-05
9.441E+01 1.448E-03 2.024E-09  1.67E-05
8.913E+01 1.634E-03 2.550E-09  1.86E-05
8.414E+01 1.845E-03 3.212E-09  2.06E-05
7.943E+01 2.085E-03 4.045E-09  2.29E-05
7.499E+01 2.355E-03 5.096E-09  2.53E-05
7.079E+01 2.663E-03 6.416E-09  2.80E-05
6.683E+01 3.013E-03 8.077E-09  3.09E-05
6.310E+01 3.409E-03 1.017E-08  3.40E-05
5.957E+01 3.856E-03 1.279E-08  3.73E-05
5.623E+01 4.363E-03 1.609E-08  4.08E-05
5.309E+01 4.933E-03 2.023E-08  4.46E-05
5.012E+01 5.572E-03 2.542E-08  4.86E-05
4.732E+01 6.293E-03 3.191E-08  5.29E-05
4.467E+01 7.103E-03 4.005E-08  5.74E-05
4.217E+01 8.012E-03 5.023E-08  6.22E-05
3.981E+01 9.018E-03 6.284E-08  6.72E-05
3.758E+01 1.013E-02 7.858E-08  7.27E-05
3.548E+01 1.132E-02 9.851E-08  7.88E-05
3.350E+01 1.267E-02 1.235E-07  8.53E-05
3.162E+01 1.427E-02 1.547E-07  9.18E-05
2.985E+01 1.612E-02 1.935E-07  9.85E-05
2.818E+01 1.817E-02 2.411E-07  1.06E-04
2.661E+01 2.054E-02 3.006E-07  1.13E-04
2.512E+01 2.328E-02 3.750E-07  1.21E-04
2.371E+01 2.632E-02 4.634E-07  1.29E-04
2.239E+01 2.988E-02 5.729E-07  1.37E-04
2.113E+01 3.401E-02 6.983E-07  1.46E-04
1.995E+01 3.892E-02 8.417E-07  1.55E-04
1.884E+01 4.328E-02 9.408E-07  1.67E-04
1.778E+01 4.345E-02 9.663E-07  1.88E-04
1.679E+01 3.954E-02 9.774E-07  2.19E-04
1.585E+01 3.382E-02 1.064E-06  2.59E-04
1.496E+01 2.869E-02 1.321E-06  3.09E-04
1.413E+01 2.584E-02 1.897E-06  3.75E-04
1.334E+01 3.089E-02 2.924E-06  4.39E-04
1.259E+01 4.081E-02 4.214E-06  4.75E-04
1.189E+01 5.424E-02 5.815E-06  4.85E-04
1.122E+01 7.052E-02 7.703E-06  4.82E-04
1.059E+01 9.311E-02 1.017E-05  4.68E-04
1.000E+01 1.130E-01 1.134E-05  4.80E-04
9.441E+00 1.260E-01 1.140E-05  5.12E-04
8.913E+00 9.367E-02 6.081E-06  6.03E-04
8.414E+00 6.052E-02 3.044E-06  7.15E-04
7.943E+00 2.811E-02 1.508E-06  8.45E-04
7.499E+00 1.249E-02 3.225E-06  1.01E-03
7.079E+00 9.835E-03 6.444E-06  1.19E-03
6.683E+00 9.742E-03 1.018E-05  1.37E-03
6.310E+00 9.687E-03 1.465E-05  1.56E-03
5.957E+00 9.470E-03 2.028E-05  1.78E-03
5.623E+00 9.323E-03 2.742E-05  2.02E-03
5.309E+00 9.321E-03 3.653E-05  2.29E-03
5.012E+00 9.451E-03 4.814E-05  2.59E-03
4.732E+00 9.695E-03 6.283E-05  2.92E-03
4.467E+00 1.002E-02 8.146E-05  3.29E-03
4.217E+00 1.040E-02 1.050E-04  3.71E-03
3.981E+00 1.080E-02 1.347E-04  4.18E-03
3.758E+00 1.120E-02 1.723E-04  4.70E-03
3.548E+00 1.163E-02 2.198E-04  5.29E-03
3.350E+00 1.207E-02 2.797E-04  5.95E-03
3.162E+00 1.247E-02 3.555E-04  6.68E-03
2.985E+00 1.293E-02 4.513E-04  7.51E-03
2.818E+00 1.344E-02 5.726E-04  8.43E-03
2.661E+00 1.399E-02 7.258E-04  9.47E-03
2.512E+00 1.460E-02 9.189E-04  1.06E-02
2.371E+00 1.527E-02 1.163E-03  1.19E-02
2.239E+00 1.598E-02 1.471E-03  1.34E-02
2.113E+00 1.676E-02 1.858E-03  1.50E-02
1.995E+00 1.761E-02 2.348E-03  1.69E-02
1.884E+00 1.852E-02 2.967E-03  1.89E-02
1.778E+00 1.951E-02 3.749E-03  2.12E-02
1.679E+00 2.063E-02 4.735E-03  2.38E-02
1.585E+00 2.188E-02 5.977E-03  2.67E-02
1.496E+00 2.322E-02 7.547E-03  2.99E-02
1.413E+00 2.467E-02 9.529E-03  3.35E-02
1.334E+00 2.624E-02 1.203E-02  3.75E-02
1.259E+00 2.796E-02 1.520E-02  4.21E-02
1.189E+00 2.993E-02 1.920E-02  4.72E-02
1.122E+00 3.210E-02 2.426E-02  5.29E-02
1.059E+00 3.449E-02 3.064E-02  5.93E-02
1.000E+00 3.714E-02 3.870E-02  6.64E-02
9.441E-01 4.008E-02 4.886E-02  7.45E-02
8.913E-01 4.333E-02 6.167E-02  8.36E-02
8.414E-01 4.692E-02 7.783E-02  9.38E-02
7.943E-01 5.090E-02 9.816E-02  1.05E-01
7.499E-01 5.531E-02 1.237E-01  1.19E-01
7.079E-01 6.021E-02 1.555E-01  1.33E-01
6.683E-01 6.566E-02 1.949E-01  1.51E-01
6.310E-01 7.177E-02 2.436E-01  1.70E-01
5.957E-01 7.861E-02 3.032E-01  1.93E-01
5.623E-01 8.628E-02 3.750E-01  2.20E-01
5.309E-01 9.496E-02 4.604E-01  2.51E-01
5.012E-01 1.050E-01 5.607E-01  2.89E-01
4.732E-01 1.168E-01 6.776E-01  3.33E-01
4.467E-01 1.314E-01 8.144E-01  3.86E-01
4.217E-01 1.501E-01 9.795E-01  4.46E-01
3.981E-01 1.746E-01 1.189E+00  5.08E-01
3.758E-01 2.050E-01 1.469E+00  5.61E-01
3.548E-01 2.376E-01 1.838E+00  5.90E-01
3.350E-01 2.599E-01 2.245E+00  5.89E-01
3.162E-01 2.614E-01 2.558E+00  5.70E-01
2.985E-01 2.520E-01 2.718E+00  5.54E-01
2.818E-01 2.547E-01 2.822E+00  5.58E-01
2.661E-01 2.919E-01 3.046E+00  5.88E-01
2.512E-01 3.743E-01 3.584E+00  6.37E-01
2.371E-01 4.056E-01 4.207E+00  6.65E-01
2.239E-01 3.795E-01 4.004E+00  6.37E-01
2.113E-01 5.103E-01 3.426E+00  5.77E-01
1.995E-01 9.026E-01 3.264E+00  5.86E-01
1.884E-01 1.049E+00 2.475E+00  6.17E-01
1.778E-01 1.282E+00 1.554E+00  5.77E-01
1.679E-01 1.445E+00 1.152E+00  6.53E-01
1.585E-01 1.474E+00 1.172E+00  7.64E-01
1.496E-01 1.392E+00 1.325E+00  7.75E-01
1.413E-01 1.386E+00 1.296E+00  7.93E-01
1.334E-01 1.378E+00 1.282E+00  8.05E-01
1.259E-01 1.356E+00 1.283E+00  8.12E-01
1.189E-01 1.321E+00 1.297E+00  8.12E-01
1.122E-01 1.298E+00 1.296E+00  8.17E-01
1.059E-01 1.262E+00 1.323E+00  8.12E-01
1.000E-01 1.234E+00 1.329E+00  8.14E-01
9.441E-02 1.209E+00 1.327E+00  8.18E-01
8.913E-02 1.188E+00 1.303E+00  8.28E-01
8.414E-02 1.169E+00 1.310E+00  8.30E-01
7.943E-02 1.131E+00 1.332E+00  8.26E-01
7.499E-02 1.081E+00 1.353E+00  8.21E-01
7.079E-02 1.029E+00 1.364E+00  8.19E-01
6.683E-02 9.648E-01 1.378E+00  8.16E-01
6.310E-02 8.859E-01 1.383E+00  8.15E-01
5.957E-02 8.432E-01 1.317E+00  8.44E-01
5.623E-02 9.027E-01 1.181E+00  8.92E-01
5.309E-02 9.251E-01 1.127E+00  9.10E-01
5.012E-02 9.368E-01 1.092E+00  9.23E-01
4.732E-02 9.421E-01 1.069E+00  9.32E-01
4.467E-02 9.437E-01 1.052E+00  9.39E-01
4.217E-02 9.429E-01 1.040E+00  9.45E-01
3.981E-02 9.406E-01 1.031E+00  9.51E-01
3.758E-02 9.373E-01 1.025E+00  9.55E-01
3.548E-02 9.332E-01 1.020E+00  9.59E-01
3.350E-02 9.289E-01 1.016E+00  9.63E-01
3.162E-02 9.242E-01 1.013E+00  9.67E-01
2.985E-02 9.194E-01 1.012E+00  9.70E-01
2.818E-02 9.144E-01 1.011E+00  9.73E-01
2.661E-02 9.096E-01 1.011E+00  9.76E-01
2.512E-02 9.047E-01 1.012E+00  9.79E-01
2.371E-02 9.004E-01 1.010E+00  9.82E-01
2.239E-02 9.012E-01 1.001E+00  9.84E-01
2.113E-02 8.975E-01 1.000E+00  9.86E-01
1.995E-02 8.954E-01 9.895E-01  9.88E-01
1.884E-02 9.058E-01 9.634E-01  9.89E-01
1.778E-02 8.969E-01 9.866E-01  9.90E-01
1.679E-02 8.907E-01 9.943E-01  9.91E-01
1.585E-02 8.848E-01 9.974E-01  9.92E-01
1.496E-02 8.783E-01 9.986E-01  9.93E-01
1.413E-02 8.710E-01 9.941E-01  9.94E-01
1.334E-02 8.730E-01 9.582E-01  9.95E-01
1.259E-02 8.701E-01 9.628E-01  9.96E-01
1.189E-02 8.580E-01 9.782E-01  9.96E-01
1.122E-02 8.461E-01 9.465E-01  9.97E-01
1.059E-02 8.899E-01 8.176E-01  9.97E-01
1.000E-02 8.721E-01 9.300E-01  9.97E-01
9.441E-03 8.567E-01 9.676E-01  9.97E-01
8.913E-03 8.400E-01 9.888E-01  9.98E-01
8.414E-03 8.212E-01 1.002E+00  9.98E-01
7.943E-03 8.001E-01 1.006E+00  9.98E-01
7.499E-03 7.770E-01 9.864E-01  9.99E-01
7.079E-03 7.761E-01 9.839E-01  9.99E-01
6.683E-03 7.496E-01 9.953E-01  9.99E-01
6.310E-03 7.209E-01 9.947E-01  9.99E-01
5.957E-03 6.906E-01 9.861E-01  9.99E-01
5.623E-03 6.576E-01 9.707E-01  9.99E-01
5.309E-03 6.235E-01 9.475E-01  9.99E-01
5.012E-03 5.886E-01 9.182E-01  9.99E-01
4.732E-03 5.528E-01 8.840E-01  1.00E+00
4.467E-03 5.165E-01 8.450E-01  1.00E+00
4.217E-03 4.803E-01 8.020E-01  1.00E+00
3.981E-03 4.444E-01 7.560E-01  1.00E+00
3.758E-03 4.091E-01 7.074E-01  1.00E+00
3.548E-03 3.747E-01 6.564E-01  1.00E+00
3.350E-03 3.415E-01 6.047E-01  1.00E+00
3.162E-03 3.099E-01 5.526E-01  1.00E+00
2.985E-03 2.805E-01 5.018E-01  1.00E+00
2.818E-03 2.517E-01 4.475E-01  1.00E+00
2.661E-03 2.240E-01 3.923E-01  1.00E+00
2.512E-03 1.995E-01 3.274E-01  1.00E+00
2.371E-03 1.772E-01 1.991E-01  1.00E+00
2.239E-03 3.652E-01 2.446E-01  1.00E+00
2.113E-03 3.343E-01 2.562E-01  1.00E+00
1.995E-03 3.034E-01 2.510E-01  1.00E+00
1.884E-03 2.735E-01 2.309E-01  1.00E+00
1.778E-03 2.449E-01 2.020E-01  1.00E+00
1.679E-03 2.180E-01 1.287E-01  1.00E+00
1.585E-03 3.230E-01 1.840E-01  1.00E+00
1.496E-03 2.898E-01 1.763E-01  1.00E+00
1.413E-03 2.829E-01 1.807E-01  1.00E+00
1.334E-03 2.533E-01 1.744E-01  1.00E+00
1.259E-03 2.256E-01 1.638E-01  1.00E+00
1.189E-03 2.001E-01 1.524E-01  1.00E+00
1.122E-03 1.759E-01 1.400E-01  1.00E+00
1.059E-03 1.540E-01 1.272E-01  1.00E+00
1.000E-03 1.341E-01 1.129E-01  1.00E+00
