1.000E+03 1.726E-04 6.355E-09  3.17E-05
9.441E+02 1.937E-04 8.001E-09  3.56E-05
8.913E+02 2.173E-04 1.007E-08  3.99E-05
8.414E+02 2.439E-04 1.268E-08  4.48E-05
7.943E+02 2.736E-04 1.596E-08  5.02E-05
7.499E+02 3.071E-04 2.010E-08  5.63E-05
7.079E+02 3.446E-04 2.530E-08  6.32E-05
6.683E+02 3.867E-04 3.186E-08  7.09E-05
6.310E+02 4.340E-04 4.011E-08  7.96E-05
5.957E+02 4.870E-04 5.049E-08  8.93E-05
5.623E+02 5.465E-04 6.357E-08  1.00E-04
5.309E+02 6.133E-04 8.004E-08  1.12E-04
5.012E+02 6.884E-04 1.008E-07  1.26E-04
4.732E+02 7.727E-04 1.269E-07  1.41E-04
4.467E+02 8.674E-04 1.597E-07  1.59E-04
4.217E+02 9.737E-04 2.011E-07  1.78E-04
3.981E+02 1.093E-03 2.532E-07  1.99E-04
3.758E+02 1.227E-03 3.188E-07  2.24E-04
3.548E+02 1.377E-03 4.014E-07  2.51E-04
3.350E+02 1.547E-03 5.054E-07  2.81E-04
3.162E+02 1.737E-03 6.363E-07  3.16E-04
2.985E+02 1.951E-03 8.011E-07  3.54E-04
2.818E+02 2.191E-03 1.009E-06  3.97E-04
2.661E+02 2.461E-03 1.270E-06  4.45E-04
2.512E+02 2.765E-03 1.600E-06  4.99E-04
2.371E+02 3.107E-03 2.014E-06  5.59E-04
2.239E+02 3.492E-03 2.537E-06  6.27E-04
2.113E+02 3.926E-03 3.194E-06  7.02E-04
1.995E+02 4.414E-03 4.022E-06  7.87E-04
1.884E+02 4.962E-03 5.066E-06  8.81E-04
1.778E+02 5.580E-03 6.381E-06  9.87E-04
1.679E+02 6.278E-03 8.037E-06  1.11E-03
1.585E+02 7.066E-03 1.012E-05  1.24E-03
1.496E+02 7.956E-03 1.275E-05  1.38E-03
1.413E+02 8.961E-03 1.607E-05  1.55E-03
1.334E+02 1.010E-02 2.024E-05  1.73E-03
1.259E+02 1.138E-02 2.550E-05  1.94E-03
1.189E+02 1.283E-02 3.213E-05  2.16E-03
1.122E+02 1.448E-02 4.050E-05  2.41E-03
1.059E+02 1.635E-02 5.103E-05  2.69E-03
1.000E+02 1.847E-02 6.432E-05  3.00E-03
9.441E+01 2.089E-02 8.107E-05  3.34E-03
8.913E+01 2.363E-02 1.022E-04  3.71E-03
8.414E+01 2.676E-02 1.288E-04  4.13E-03
7.943E+01 3.033E-02 1.624E-04  4.57E-03
7.499E+01 3.436E-02 2.048E-04  5.06E-03
7.079E+01 3.900E-02 2.581E-04  5.60E-03
6.683E+01 4.429E-02 3.253E-04  6.17E-03
6.310E+01 5.032E-02 4.100E-04  6.78E-03
5.957E+01 5.716E-02 5.168E-04  7.44E-03
5.623E+01 6.497E-02 6.510E-04  8.14E-03
5.309E+01 7.383E-02 8.199E-04  8.89E-03
5.012E+01 8.384E-02 1.032E-03  9.68E-03
4.732E+01 9.521E-02 1.299E-03  1.05E-02
4.467E+01 1.081E-01 1.634E-03  1.14E-02
4.217E+01 1.227E-01 2.055E-03  1.23E-02
3.981E+01 1.389E-01 2.579E-03  1.33E-02
3.758E+01 1.571E-01 3.234E-03  1.43E-02
3.548E+01 1.768E-01 4.069E-03  1.55E-02
3.350E+01 1.995E-01 5.119E-03  1.67E-02
3.162E+01 2.265E-01 6.437E-03  1.80E-02
2.985E+01 2.578E-01 8.083E-03  1.92E-02
2.818E+01 2.928E-01 1.011E-02  2.05E-02
2.661E+01 3.333E-01 1.265E-02  2.19E-02
2.512E+01 3.804E-01 1.584E-02  2.33E-02
2.371E+01 4.325E-01 1.962E-02  2.49E-02
2.239E+01 4.930E-01 2.428E-02  2.65E-02
2.113E+01 5.614E-01 2.955E-02  2.82E-02
1.995E+01 6.398E-01 3.540E-02  3.00E-02
1.884E+01 7.017E-01 3.899E-02  3.26E-02
1.778E+01 6.973E-01 3.941E-02  3.71E-02
1.679E+01 6.369E-01 3.956E-02  4.33E-02
1.585E+01 5.568E-01 4.329E-02  5.13E-02
1.496E+01 4.921E-01 5.466E-02  6.12E-02
1.413E+01 4.740E-01 8.082E-02  7.45E-02
1.334E+01 6.053E-01 1.273E-01  8.72E-02
1.259E+01 8.180E-01 1.824E-01  9.37E-02
1.189E+01 1.059E+00 2.425E-01  9.51E-02
1.122E+01 1.283E+00 2.988E-01  9.60E-02
1.059E+01 1.496E+00 3.482E-01  9.78E-02
1.000E+01 1.545E+00 3.278E-01  1.07E-01
9.441E+00 1.467E+00 2.745E-01  1.20E-01
8.913E+00 1.074E+00 1.404E-01  1.40E-01
8.414E+00 7.619E-01 7.461E-02  1.60E-01
7.943E+00 4.078E-01 4.116E-02  1.81E-01
7.499E+00 2.131E-01 9.781E-02  2.10E-01
7.079E+00 1.863E-01 2.008E-01  2.48E-01
6.683E+00 1.984E-01 3.115E-01  2.92E-01
6.310E+00 2.108E-01 4.321E-01  3.42E-01
5.957E+00 2.215E-01 5.698E-01  4.00E-01
5.623E+00 2.370E-01 7.310E-01  4.64E-01
5.309E+00 2.608E-01 9.284E-01  5.29E-01
5.012E+00 2.926E-01 1.181E+00  5.82E-01
4.732E+00 3.257E-01 1.493E+00  6.10E-01
4.467E+00 3.471E-01 1.825E+00  6.11E-01
4.217E+00 3.507E-01 2.093E+00  6.00E-01
3.981E+00 3.475E-01 2.272E+00  5.96E-01
3.758E+00 3.584E-01 2.423E+00  6.09E-01
3.548E+00 3.990E-01 2.644E+00  6.43E-01
3.350E+00 4.614E-01 3.005E+00  6.84E-01
3.162E+00 4.933E-01 3.377E+00  7.09E-01
2.985E+00 4.735E-01 3.483E+00  7.06E-01
2.818E+00 4.603E-01 3.402E+00  6.88E-01
2.661E+00 5.074E-01 3.424E+00  6.78E-01
2.512E+00 5.912E-01 3.694E+00  6.98E-01
2.371E+00 5.697E-01 3.668E+00  7.15E-01
2.239E+00 5.456E-01 3.285E+00  6.99E-01
2.113E+00 6.285E-01 3.059E+00  6.58E-01
1.995E+00 6.755E-01 3.068E+00  6.63E-01
1.884E+00 6.079E-01 2.610E+00  6.50E-01
1.778E+00 6.946E-01 2.142E+00  5.88E-01
1.679E+00 7.297E-01 2.027E+00  5.79E-01
1.585E+00 6.685E-01 1.638E+00  5.34E-01
1.496E+00 8.171E-01 1.406E+00  4.95E-01
1.413E+00 7.378E-01 1.386E+00  5.32E-01
1.334E+00 8.194E-01 1.244E+00  5.32E-01
1.259E+00 7.884E-01 1.467E+00  6.42E-01
1.189E+00 8.436E-01 1.527E+00  7.08E-01
1.122E+00 8.181E-01 1.841E+00  7.68E-01
1.059E+00 8.181E-01 1.910E+00  8.22E-01
1.000E+00 8.170E-01 2.015E+00  8.35E-01
9.441E-01 8.438E-01 1.996E+00  8.38E-01
8.913E-01 8.250E-01 1.782E+00  8.38E-01
8.414E-01 8.416E-01 1.549E+00  8.14E-01
7.943E-01 8.403E-01 1.381E+00  7.97E-01
7.499E-01 8.557E-01 1.338E+00  7.89E-01
7.079E-01 8.792E-01 1.417E+00  8.14E-01
6.683E-01 8.974E-01 1.559E+00  8.40E-01
6.310E-01 9.088E-01 1.639E+00  8.54E-01
5.957E-01 9.171E-01 1.567E+00  8.58E-01
5.623E-01 9.219E-01 1.393E+00  8.54E-01
5.309E-01 9.231E-01 1.273E+00  8.55E-01
5.012E-01 9.340E-01 1.313E+00  8.70E-01
4.732E-01 9.481E-01 1.429E+00  8.87E-01
4.467E-01 9.429E-01 1.410E+00  8.88E-01
4.217E-01 9.585E-01 1.268E+00  8.81E-01
3.981E-01 9.551E-01 1.254E+00  8.85E-01
3.758E-01 9.644E-01 1.345E+00  9.00E-01
3.548E-01 9.710E-01 1.286E+00  9.00E-01
3.350E-01 9.726E-01 1.221E+00  8.99E-01
3.162E-01 9.712E-01 1.295E+00  9.06E-01
2.985E-01 9.699E-01 1.226E+00  9.04E-01
2.818E-01 9.735E-01 1.246E+00  9.08E-01
2.661E-01 9.692E-01 1.222E+00  9.07E-01
2.512E-01 9.664E-01 1.243E+00  9.09E-01
2.371E-01 9.594E-01 1.207E+00  9.05E-01
2.239E-01 9.594E-01 1.207E+00  9.06E-01
2.113E-01 9.665E-01 1.202E+00  9.08E-01
1.995E-01 9.587E-01 1.205E+00  9.05E-01
1.884E-01 9.465E-01 1.212E+00  9.00E-01
1.778E-01 9.334E-01 1.220E+00  8.93E-01
1.679E-01 9.191E-01 1.229E+00  8.86E-01
1.585E-01 8.997E-01 1.243E+00  8.74E-01
1.496E-01 8.707E-01 1.271E+00  8.54E-01
1.413E-01 8.834E-01 1.255E+00  8.70E-01
1.334E-01 8.882E-01 1.244E+00  8.76E-01
1.259E-01 8.840E-01 1.243E+00  8.76E-01
1.189E-01 8.709E-01 1.253E+00  8.70E-01
1.122E-01 8.659E-01 1.254E+00  8.70E-01
1.059E-01 8.464E-01 1.271E+00  8.59E-01
1.000E-01 8.342E-01 1.279E+00  8.56E-01
9.441E-02 8.264E-01 1.282E+00  8.56E-01
8.913E-02 8.288E-01 1.272E+00  8.64E-01
8.414E-02 8.233E-01 1.274E+00  8.62E-01
7.943E-02 8.039E-01 1.290E+00  8.54E-01
7.499E-02 7.808E-01 1.308E+00  8.46E-01
7.079E-02 7.622E-01 1.320E+00  8.42E-01
6.683E-02 7.399E-01 1.337E+00  8.36E-01
6.310E-02 7.175E-01 1.352E+00  8.34E-01
5.957E-02 7.393E-01 1.321E+00  8.63E-01
5.623E-02 8.166E-01 1.236E+00  9.13E-01
5.309E-02 8.468E-01 1.202E+00  9.31E-01
5.012E-02 8.660E-01 1.180E+00  9.42E-01
4.732E-02 8.789E-01 1.164E+00  9.50E-01
4.467E-02 8.883E-01 1.152E+00  9.56E-01
4.217E-02 8.956E-01 1.142E+00  9.60E-01
3.981E-02 9.015E-01 1.134E+00  9.64E-01
3.758E-02 9.065E-01 1.127E+00  9.68E-01
3.548E-02 9.108E-01 1.120E+00  9.71E-01
3.350E-02 9.149E-01 1.114E+00  9.74E-01
3.162E-02 9.187E-01 1.108E+00  9.76E-01
2.985E-02 9.224E-01 1.103E+00  9.79E-01
2.818E-02 9.260E-01 1.097E+00  9.81E-01
2.661E-02 9.297E-01 1.092E+00  9.83E-01
2.512E-02 9.336E-01 1.086E+00  9.85E-01
2.371E-02 9.381E-01 1.080E+00  9.87E-01
2.239E-02 9.433E-01 1.073E+00  9.89E-01
2.113E-02 9.468E-01 1.068E+00  9.90E-01
1.995E-02 9.516E-01 1.062E+00  9.92E-01
1.884E-02 9.570E-01 1.055E+00  9.93E-01
1.778E-02 9.569E-01 1.055E+00  9.93E-01
1.679E-02 9.587E-01 1.051E+00  9.94E-01
1.585E-02 9.610E-01 1.048E+00  9.95E-01
1.496E-02 9.633E-01 1.045E+00  9.96E-01
1.413E-02 9.658E-01 1.041E+00  9.96E-01
1.334E-02 9.699E-01 1.036E+00  9.97E-01
1.259E-02 9.712E-01 1.034E+00  9.97E-01
1.189E-02 9.718E-01 1.032E+00  9.98E-01
1.122E-02 9.746E-01 1.028E+00  9.98E-01
1.059E-02 9.824E-01 1.021E+00  9.98E-01
1.000E-02 9.781E-01 1.025E+00  9.98E-01
9.441E-03 9.776E-01 1.025E+00  9.98E-01
8.913E-03 9.778E-01 1.024E+00  9.99E-01
8.414E-03 9.783E-01 1.023E+00  9.99E-01
7.943E-03 9.789E-01 1.021E+00  9.99E-01
7.499E-03 9.826E-01 1.017E+00  9.99E-01
7.079E-03 9.836E-01 1.016E+00  9.99E-01
6.683E-03 9.839E-01 1.016E+00  9.99E-01
6.310E-03 9.843E-01 1.016E+00  9.99E-01
5.957E-03 9.846E-01 1.015E+00  1.00E+00
5.623E-03 9.848E-01 1.015E+00  1.00E+00
5.309E-03 9.847E-01 1.015E+00  1.00E+00
5.012E-03 9.844E-01 1.016E+00  1.00E+00
4.732E-03 9.838E-01 1.016E+00  1.00E+00
4.467E-03 9.828E-01 1.017E+00  1.00E+00
4.217E-03 9.814E-01 1.019E+00  9.99E-01
3.981E-03 9.795E-01 1.020E+00  9.99E-01
3.758E-03 9.769E-01 1.023E+00  9.99E-01
3.548E-03 9.734E-01 1.026E+00  9.99E-01
3.350E-03 9.688E-01 1.031E+00  9.99E-01
3.162E-03 9.628E-01 1.037E+00  9.99E-01
2.985E-03 9.552E-01 1.045E+00  9.99E-01
2.818E-03 9.448E-01 1.055E+00  1.00E+00
2.661E-03 9.310E-01 1.069E+00  1.00E+00
2.512E-03 9.139E-01 1.086E+00  1.00E+00
2.371E-03 8.930E-01 1.105E+00  1.00E+00
2.239E-03 9.775E-01 1.022E+00  1.00E+00
2.113E-03 9.724E-01 1.027E+00  1.00E+00
1.995E-03 9.656E-01 1.034E+00  1.00E+00
1.884E-03 9.567E-01 1.042E+00  1.00E+00
1.778E-03 9.450E-01 1.054E+00  1.00E+00
1.679E-03 9.299E-01 1.067E+00  1.00E+00
1.585E-03 9.711E-01 1.027E+00  1.00E+00
1.496E-03 9.628E-01 1.036E+00  1.00E+00
1.413E-03 9.607E-01 1.038E+00  1.00E+00
1.334E-03 9.495E-01 1.049E+00  1.00E+00
1.259E-03 9.350E-01 1.063E+00  1.00E+00
1.189E-03 9.167E-01 1.081E+00  1.00E+00
1.122E-03 8.927E-01 1.104E+00  1.00E+00
1.059E-03 8.635E-01 1.132E+00  1.00E+00
1.000E-03 8.282E-01 1.166E+00  1.00E+00
