1.000E+03 1.097E-03 1.009E-05  1.26E-03
9.441E+02 1.233E-03 1.271E-05  1.42E-03
8.913E+02 1.385E-03 1.600E-05  1.59E-03
8.414E+02 1.556E-03 2.016E-05  1.78E-03
7.943E+02 1.748E-03 2.538E-05  2.00E-03
7.499E+02 1.964E-03 3.197E-05  2.25E-03
7.079E+02 2.208E-03 4.027E-05  2.52E-03
6.683E+02 2.483E-03 5.072E-05  2.83E-03
6.310E+02 2.792E-03 6.389E-05  3.17E-03
5.957E+02 3.140E-03 8.049E-05  3.56E-03
5.623E+02 3.534E-03 1.014E-04  4.00E-03
5.309E+02 3.978E-03 1.278E-04  4.49E-03
5.012E+02 4.479E-03 1.610E-04  5.03E-03
4.732E+02 5.047E-03 2.029E-04  5.65E-03
4.467E+02 5.689E-03 2.558E-04  6.34E-03
4.217E+02 6.417E-03 3.224E-04  7.11E-03
3.981E+02 7.241E-03 4.065E-04  7.98E-03
3.758E+02 8.176E-03 5.127E-04  8.96E-03
3.548E+02 9.240E-03 6.467E-04  1.01E-02
3.350E+02 1.045E-02 8.158E-04  1.13E-02
3.162E+02 1.184E-02 1.029E-03  1.27E-02
2.985E+02 1.342E-02 1.299E-03  1.42E-02
2.818E+02 1.523E-02 1.641E-03  1.60E-02
2.661E+02 1.731E-02 2.073E-03  1.79E-02
2.512E+02 1.971E-02 2.620E-03  2.01E-02
2.371E+02 2.247E-02 3.312E-03  2.26E-02
2.239E+02 2.568E-02 4.190E-03  2.54E-02
2.113E+02 2.941E-02 5.303E-03  2.85E-02
1.995E+02 3.376E-02 6.716E-03  3.20E-02
1.884E+02 3.885E-02 8.512E-03  3.60E-02
1.778E+02 4.483E-02 1.080E-02  4.05E-02
1.679E+02 5.193E-02 1.371E-02  4.55E-02
1.585E+02 6.039E-02 1.743E-02  5.12E-02
1.496E+02 7.053E-02 2.217E-02  5.75E-02
1.413E+02 8.276E-02 2.825E-02  6.47E-02
1.334E+02 9.763E-02 3.605E-02  7.28E-02
1.259E+02 1.159E-01 4.608E-02  8.20E-02
1.189E+02 1.384E-01 5.899E-02  9.23E-02
1.122E+02 1.665E-01 7.568E-02  1.04E-01
1.059E+02 2.020E-01 9.727E-02  1.17E-01
1.000E+02 2.472E-01 1.253E-01  1.32E-01
9.441E+01 3.053E-01 1.618E-01  1.48E-01
8.913E+01 3.807E-01 2.094E-01  1.66E-01
8.414E+01 4.787E-01 2.714E-01  1.84E-01
7.943E+01 6.059E-01 3.524E-01  2.03E-01
7.499E+01 7.681E-01 4.576E-01  2.21E-01
7.079E+01 9.667E-01 5.919E-01  2.35E-01
6.683E+01 1.193E+00 7.591E-01  2.42E-01
6.310E+01 1.422E+00 9.578E-01  2.40E-01
5.957E+01 1.618E+00 1.177E+00  2.31E-01
5.623E+01 1.753E+00 1.395E+00  2.20E-01
5.309E+01 1.821E+00 1.584E+00  2.12E-01
5.012E+01 1.833E+00 1.718E+00  2.12E-01
4.732E+01 1.808E+00 1.784E+00  2.20E-01
4.467E+01 1.761E+00 1.786E+00  2.36E-01
4.217E+01 1.708E+00 1.740E+00  2.60E-01
3.981E+01 1.660E+00 1.670E+00  2.92E-01
3.758E+01 1.625E+00 1.597E+00  3.32E-01
3.548E+01 1.606E+00 1.534E+00  3.77E-01
3.350E+01 1.603E+00 1.491E+00  4.27E-01
3.162E+01 1.610E+00 1.471E+00  4.76E-01
2.985E+01 1.618E+00 1.469E+00  5.19E-01
2.818E+01 1.615E+00 1.474E+00  5.52E-01
2.661E+01 1.598E+00 1.475E+00  5.76E-01
2.512E+01 1.568E+00 1.468E+00  5.94E-01
2.371E+01 1.540E+00 1.448E+00  6.11E-01
2.239E+01 1.519E+00 1.425E+00  6.31E-01
2.113E+01 1.510E+00 1.399E+00  6.54E-01
1.995E+01 1.506E+00 1.372E+00  6.80E-01
1.884E+01 1.504E+00 1.325E+00  7.09E-01
1.778E+01 1.496E+00 1.275E+00  7.39E-01
1.679E+01 1.489E+00 1.256E+00  7.65E-01
1.585E+01 1.485E+00 1.285E+00  7.83E-01
1.496E+01 1.486E+00 1.309E+00  7.88E-01
1.413E+01 1.479E+00 1.273E+00  7.86E-01
1.334E+01 1.414E+00 1.299E+00  7.83E-01
1.259E+01 1.360E+00 1.334E+00  7.78E-01
1.189E+01 1.325E+00 1.353E+00  7.78E-01
1.122E+01 1.302E+00 1.358E+00  7.83E-01
1.059E+01 1.277E+00 1.358E+00  7.89E-01
1.000E+01 1.260E+00 1.309E+00  8.07E-01
9.441E+00 1.223E+00 1.241E+00  8.26E-01
8.913E+00 1.189E+00 1.055E+00  8.70E-01
8.414E+00 1.182E+00 8.991E-01  9.08E-01
7.943E+00 1.128E+00 9.508E-01  9.33E-01
7.499E+00 1.015E+00 2.032E+00  9.08E-01
7.079E+00 1.024E+00 1.792E+00  8.40E-01
6.683E+00 1.077E+00 1.260E+00  7.74E-01
6.310E+00 1.065E+00 1.118E+00  7.71E-01
5.957E+00 1.051E+00 1.305E+00  8.24E-01
5.623E+00 1.057E+00 1.549E+00  8.69E-01
5.309E+00 1.033E+00 1.645E+00  8.86E-01
5.012E+00 1.012E+00 1.546E+00  8.84E-01
4.732E+00 1.004E+00 1.350E+00  8.70E-01
4.467E+00 9.990E-01 1.224E+00  8.53E-01
4.217E+00 9.994E-01 1.254E+00  8.56E-01
3.981E+00 1.005E+00 1.377E+00  8.73E-01
3.758E+00 1.014E+00 1.449E+00  8.86E-01
3.548E+00 1.021E+00 1.385E+00  8.89E-01
3.350E+00 1.020E+00 1.259E+00  8.86E-01
3.162E+00 1.010E+00 1.214E+00  8.87E-01
2.985E+00 1.007E+00 1.284E+00  8.98E-01
2.818E+00 1.010E+00 1.350E+00  9.06E-01
2.661E+00 1.002E+00 1.288E+00  9.03E-01
2.512E+00 1.005E+00 1.208E+00  9.00E-01
2.371E+00 1.005E+00 1.238E+00  9.05E-01
2.239E+00 1.001E+00 1.286E+00  9.13E-01
2.113E+00 1.000E+00 1.229E+00  9.12E-01
1.995E+00 9.991E-01 1.198E+00  9.13E-01
1.884E+00 9.969E-01 1.246E+00  9.18E-01
1.778E+00 9.961E-01 1.214E+00  9.18E-01
1.679E+00 9.958E-01 1.190E+00  9.19E-01
1.585E+00 9.926E-01 1.221E+00  9.23E-01
1.496E+00 9.911E-01 1.184E+00  9.23E-01
1.413E+00 9.884E-01 1.198E+00  9.25E-01
1.334E+00 9.856E-01 1.187E+00  9.26E-01
1.259E+00 9.828E-01 1.184E+00  9.27E-01
1.189E+00 9.798E-01 1.181E+00  9.28E-01
1.122E+00 9.766E-01 1.180E+00  9.28E-01
1.059E+00 9.734E-01 1.173E+00  9.29E-01
1.000E+00 9.701E-01 1.177E+00  9.30E-01
9.441E-01 9.668E-01 1.169E+00  9.30E-01
8.913E-01 9.634E-01 1.170E+00  9.30E-01
8.414E-01 9.601E-01 1.170E+00  9.31E-01
7.943E-01 9.567E-01 1.166E+00  9.31E-01
7.499E-01 9.534E-01 1.164E+00  9.31E-01
7.079E-01 9.502E-01 1.164E+00  9.31E-01
6.683E-01 9.471E-01 1.163E+00  9.31E-01
6.310E-01 9.440E-01 1.162E+00  9.31E-01
5.957E-01 9.410E-01 1.161E+00  9.31E-01
5.623E-01 9.380E-01 1.160E+00  9.31E-01
5.309E-01 9.352E-01 1.159E+00  9.31E-01
5.012E-01 9.324E-01 1.159E+00  9.31E-01
4.732E-01 9.298E-01 1.158E+00  9.31E-01
4.467E-01 9.271E-01 1.157E+00  9.30E-01
4.217E-01 9.245E-01 1.157E+00  9.30E-01
3.981E-01 9.219E-01 1.156E+00  9.30E-01
3.758E-01 9.193E-01 1.156E+00  9.29E-01
3.548E-01 9.167E-01 1.156E+00  9.29E-01
3.350E-01 9.140E-01 1.156E+00  9.28E-01
3.162E-01 9.113E-01 1.156E+00  9.27E-01
2.985E-01 9.084E-01 1.156E+00  9.26E-01
2.818E-01 9.054E-01 1.157E+00  9.25E-01
2.661E-01 9.021E-01 1.158E+00  9.24E-01
2.512E-01 8.985E-01 1.159E+00  9.22E-01
2.371E-01 8.942E-01 1.161E+00  9.19E-01
2.239E-01 8.888E-01 1.165E+00  9.16E-01
2.113E-01 8.826E-01 1.169E+00  9.12E-01
1.995E-01 8.760E-01 1.174E+00  9.07E-01
1.884E-01 8.679E-01 1.180E+00  9.01E-01
1.778E-01 8.589E-01 1.187E+00  8.95E-01
1.679E-01 8.483E-01 1.196E+00  8.87E-01
1.585E-01 8.324E-01 1.211E+00  8.74E-01
1.496E-01 8.056E-01 1.237E+00  8.54E-01
1.413E-01 8.201E-01 1.221E+00  8.70E-01
1.334E-01 8.279E-01 1.211E+00  8.76E-01
1.259E-01 8.264E-01 1.211E+00  8.75E-01
1.189E-01 8.159E-01 1.221E+00  8.69E-01
1.122E-01 8.137E-01 1.222E+00  8.69E-01
1.059E-01 7.965E-01 1.238E+00  8.57E-01
1.000E-01 7.877E-01 1.245E+00  8.54E-01
9.441E-02 7.835E-01 1.248E+00  8.54E-01
8.913E-02 7.898E-01 1.240E+00  8.62E-01
8.414E-02 7.864E-01 1.242E+00  8.60E-01
7.943E-02 7.704E-01 1.257E+00  8.52E-01
7.499E-02 7.516E-01 1.275E+00  8.44E-01
7.079E-02 7.373E-01 1.287E+00  8.39E-01
6.683E-02 7.194E-01 1.304E+00  8.33E-01
6.310E-02 7.022E-01 1.320E+00  8.31E-01
5.957E-02 7.286E-01 1.291E+00  8.61E-01
5.623E-02 8.060E-01 1.212E+00  9.12E-01
5.309E-02 8.363E-01 1.181E+00  9.30E-01
5.012E-02 8.557E-01 1.161E+00  9.42E-01
4.732E-02 8.668E-01 1.133E+00  9.49E-01
4.467E-02 8.768E-01 1.123E+00  9.55E-01
4.217E-02 8.849E-01 1.115E+00  9.60E-01
3.981E-02 8.915E-01 1.108E+00  9.64E-01
3.758E-02 8.974E-01 1.103E+00  9.68E-01
3.548E-02 9.026E-01 1.097E+00  9.71E-01
3.350E-02 9.075E-01 1.092E+00  9.74E-01
3.162E-02 9.122E-01 1.088E+00  9.76E-01
2.985E-02 9.167E-01 1.083E+00  9.79E-01
2.818E-02 9.211E-01 1.079E+00  9.81E-01
2.661E-02 9.256E-01 1.074E+00  9.83E-01
2.512E-02 9.302E-01 1.070E+00  9.85E-01
2.371E-02 9.354E-01 1.065E+00  9.87E-01
2.239E-02 9.408E-01 1.059E+00  9.89E-01
2.113E-02 9.448E-01 1.055E+00  9.91E-01
1.995E-02 9.499E-01 1.050E+00  9.92E-01
1.884E-02 9.548E-01 1.045E+00  9.93E-01
1.778E-02 9.556E-01 1.044E+00  9.94E-01
1.679E-02 9.580E-01 1.042E+00  9.94E-01
1.585E-02 9.607E-01 1.039E+00  9.95E-01
1.496E-02 9.635E-01 1.037E+00  9.96E-01
1.413E-02 9.664E-01 1.034E+00  9.96E-01
1.334E-02 9.703E-01 1.030E+00  9.97E-01
1.259E-02 9.718E-01 1.028E+00  9.97E-01
1.189E-02 9.731E-01 1.027E+00  9.98E-01
1.122E-02 9.762E-01 1.024E+00  9.98E-01
1.059E-02 9.816E-01 1.018E+00  9.99E-01
1.000E-02 9.788E-01 1.021E+00  9.98E-01
9.441E-03 9.790E-01 1.021E+00  9.99E-01
8.913E-03 9.798E-01 1.020E+00  9.99E-01
8.414E-03 9.809E-01 1.019E+00  9.99E-01
7.943E-03 9.821E-01 1.018E+00  9.99E-01
7.499E-03 9.837E-01 1.016E+00  9.99E-01
7.079E-03 9.847E-01 1.015E+00  9.99E-01
6.683E-03 9.855E-01 1.014E+00  9.99E-01
6.310E-03 9.865E-01 1.013E+00  9.99E-01
5.957E-03 9.875E-01 1.012E+00  1.00E+00
5.623E-03 9.884E-01 1.012E+00  1.00E+00
5.309E-03 9.892E-01 1.011E+00  1.00E+00
5.012E-03 9.898E-01 1.010E+00  1.00E+00
4.732E-03 9.903E-01 1.010E+00  1.00E+00
4.467E-03 9.907E-01 1.009E+00  1.00E+00
4.217E-03 9.909E-01 1.009E+00  1.00E+00
3.981E-03 9.911E-01 1.009E+00  1.00E+00
3.758E-03 9.912E-01 1.009E+00  1.00E+00
3.548E-03 9.913E-01 1.009E+00  1.00E+00
3.350E-03 9.915E-01 1.009E+00  1.00E+00
3.162E-03 9.917E-01 1.008E+00  1.00E+00
2.985E-03 9.921E-01 1.008E+00  1.00E+00
2.818E-03 9.929E-01 1.007E+00  1.00E+00
2.661E-03 9.940E-01 1.006E+00  1.00E+00
2.512E-03 9.948E-01 1.005E+00  1.00E+00
2.371E-03 9.956E-01 1.004E+00  1.00E+00
2.239E-03 9.988E-01 1.001E+00  1.00E+00
2.113E-03 9.987E-01 1.001E+00  1.00E+00
1.995E-03 9.986E-01 1.001E+00  1.00E+00
1.884E-03 9.984E-01 1.002E+00  1.00E+00
1.778E-03 9.982E-01 1.002E+00  1.00E+00
1.679E-03 9.980E-01 1.002E+00  1.00E+00
1.585E-03 9.993E-01 1.001E+00  1.00E+00
1.496E-03 9.991E-01 1.001E+00  1.00E+00
1.413E-03 9.990E-01 1.001E+00  1.00E+00
1.334E-03 9.987E-01 1.001E+00  1.00E+00
1.259E-03 9.983E-01 1.002E+00  1.00E+00
1.189E-03 9.978E-01 1.002E+00  1.00E+00
1.122E-03 9.970E-01 1.003E+00  1.00E+00
1.059E-03 9.960E-01 1.004E+00  1.00E+00
1.000E-03 9.946E-01 1.005E+00  1.00E+00
