1.000E+03 2.437E-05 2.530E-12  6.32E-07
9.441E+02 2.735E-05 3.185E-12  7.10E-07
8.913E+02 3.069E-05 4.010E-12  7.96E-07
8.414E+02 3.444E-05 5.048E-12  8.93E-07
7.943E+02 3.864E-05 6.355E-12  1.00E-06
7.499E+02 4.336E-05 8.000E-12  1.12E-06
7.079E+02 4.866E-05 1.007E-11  1.26E-06
6.683E+02 5.460E-05 1.268E-11  1.41E-06
6.310E+02 6.127E-05 1.596E-11  1.59E-06
5.957E+02 6.875E-05 2.010E-11  1.78E-06
5.623E+02 7.715E-05 2.530E-11  2.00E-06
5.309E+02 8.658E-05 3.186E-11  2.24E-06
5.012E+02 9.716E-05 4.011E-11  2.51E-06
4.732E+02 1.090E-04 5.049E-11  2.82E-06
4.467E+02 1.224E-04 6.357E-11  3.16E-06
4.217E+02 1.374E-04 8.003E-11  3.55E-06
3.981E+02 1.542E-04 1.008E-10  3.98E-06
3.758E+02 1.731E-04 1.269E-10  4.46E-06
3.548E+02 1.943E-04 1.597E-10  5.01E-06
3.350E+02 2.181E-04 2.011E-10  5.61E-06
3.162E+02 2.449E-04 2.532E-10  6.29E-06
2.985E+02 2.750E-04 3.187E-10  7.06E-06
2.818E+02 3.087E-04 4.014E-10  7.91E-06
2.661E+02 3.467E-04 5.054E-10  8.87E-06
2.512E+02 3.893E-04 6.364E-10  9.95E-06
2.371E+02 4.373E-04 8.012E-10  1.12E-05
2.239E+02 4.913E-04 1.009E-09  1.25E-05
2.113E+02 5.521E-04 1.270E-09  1.40E-05
1.995E+02 6.204E-04 1.599E-09  1.57E-05
1.884E+02 6.971E-04 2.014E-09  1.76E-05
1.778E+02 7.834E-04 2.536E-09  1.97E-05
1.679E+02 8.807E-04 3.194E-09  2.20E-05
1.585E+02 9.904E-04 4.022E-09  2.47E-05
1.496E+02 1.114E-03 5.065E-09  2.76E-05
1.413E+02 1.254E-03 6.379E-09  3.09E-05
1.334E+02 1.411E-03 8.034E-09  3.45E-05
1.259E+02 1.588E-03 1.012E-08  3.86E-05
1.189E+02 1.789E-03 1.275E-08  4.31E-05
1.122E+02 2.014E-03 1.606E-08  4.81E-05
1.059E+02 2.271E-03 2.022E-08  5.36E-05
1.000E+02 2.561E-03 2.547E-08  5.98E-05
9.441E+01 2.889E-03 3.209E-08  6.66E-05
8.913E+01 3.261E-03 4.042E-08  7.40E-05
8.414E+01 3.683E-03 5.091E-08  8.22E-05
7.943E+01 4.162E-03 6.412E-08  9.11E-05
7.499E+01 4.701E-03 8.077E-08  1.01E-04
7.079E+01 5.317E-03 1.017E-07  1.12E-04
6.683E+01 6.016E-03 1.280E-07  1.23E-04
6.310E+01 6.807E-03 1.612E-07  1.35E-04
5.957E+01 7.700E-03 2.028E-07  1.48E-04
5.623E+01 8.712E-03 2.551E-07  1.63E-04
5.309E+01 9.852E-03 3.207E-07  1.78E-04
5.012E+01 1.113E-02 4.029E-07  1.94E-04
4.732E+01 1.257E-02 5.059E-07  2.11E-04
4.467E+01 1.419E-02 6.350E-07  2.29E-04
4.217E+01 1.601E-02 7.964E-07  2.48E-04
3.981E+01 1.802E-02 9.964E-07  2.68E-04
3.758E+01 2.024E-02 1.246E-06  2.89E-04
3.548E+01 2.261E-02 1.562E-06  3.14E-04
3.350E+01 2.532E-02 1.958E-06  3.40E-04
3.162E+01 2.853E-02 2.454E-06  3.65E-04
2.985E+01 3.222E-02 3.069E-06  3.92E-04
2.818E+01 3.633E-02 3.825E-06  4.20E-04
2.661E+01 4.107E-02 4.768E-06  4.50E-04
2.512E+01 4.656E-02 5.950E-06  4.80E-04
2.371E+01 5.266E-02 7.353E-06  5.13E-04
2.239E+01 5.979E-02 9.091E-06  5.47E-04
2.113E+01 6.804E-02 1.108E-05  5.82E-04
1.995E+01 7.788E-02 1.336E-05  6.17E-04
1.884E+01 8.659E-02 1.493E-05  6.64E-04
1.778E+01 8.694E-02 1.533E-05  7.49E-04
1.679E+01 7.912E-02 1.551E-05  8.71E-04
1.585E+01 6.769E-02 1.688E-05  1.03E-03
1.496E+01 5.746E-02 2.097E-05  1.23E-03
1.413E+01 5.182E-02 3.011E-05  1.49E-03
1.334E+01 6.203E-02 4.646E-05  1.74E-03
1.259E+01 8.203E-02 6.699E-05  1.89E-03
1.189E+01 1.091E-01 9.247E-05  1.93E-03
1.122E+01 1.418E-01 1.225E-04  1.91E-03
1.059E+01 1.872E-01 1.617E-04  1.86E-03
1.000E+01 2.267E-01 1.800E-04  1.91E-03
9.441E+00 2.523E-01 1.806E-04  2.04E-03
8.913E+00 1.870E-01 9.600E-05  2.40E-03
8.414E+00 1.209E-01 4.804E-05  2.85E-03
7.943E+00 5.623E-02 2.382E-05  3.37E-03
7.499E+00 2.507E-02 5.102E-05  4.02E-03
7.079E+00 1.979E-02 1.021E-04  4.72E-03
6.683E+00 1.964E-02 1.614E-04  5.44E-03
6.310E+00 1.958E-02 2.326E-04  6.21E-03
5.957E+00 1.919E-02 3.221E-04  7.07E-03
5.623E+00 1.894E-02 4.360E-04  8.02E-03
5.309E+00 1.899E-02 5.812E-04  9.08E-03
5.012E+00 1.931E-02 7.666E-04  1.03E-02
4.732E+00 1.988E-02 1.001E-03  1.16E-02
4.467E+00 2.061E-02 1.300E-03  1.31E-02
4.217E+00 2.150E-02 1.677E-03  1.47E-02
3.981E+00 2.242E-02 2.155E-03  1.66E-02
3.758E+00 2.336E-02 2.760E-03  1.86E-02
3.548E+00 2.439E-02 3.525E-03  2.09E-02
3.350E+00 2.547E-02 4.492E-03  2.35E-02
3.162E+00 2.650E-02 5.717E-03  2.64E-02
2.985E+00 2.768E-02 7.271E-03  2.97E-02
2.818E+00 2.901E-02 9.242E-03  3.33E-02
2.661E+00 3.048E-02 1.174E-02  3.74E-02
2.512E+00 3.212E-02 1.489E-02  4.19E-02
2.371E+00 3.396E-02 1.888E-02  4.70E-02
2.239E+00 3.598E-02 2.393E-02  5.27E-02
2.113E+00 3.822E-02 3.030E-02  5.91E-02
1.995E+00 4.071E-02 3.836E-02  6.63E-02
1.884E+00 4.347E-02 4.854E-02  7.44E-02
1.778E+00 4.655E-02 6.139E-02  8.35E-02
1.679E+00 5.008E-02 7.754E-02  9.38E-02
1.585E+00 5.407E-02 9.778E-02  1.05E-01
1.496E+00 5.848E-02 1.231E-01  1.18E-01
1.413E+00 6.335E-02 1.547E-01  1.33E-01
1.334E+00 6.874E-02 1.937E-01  1.50E-01
1.259E+00 7.475E-02 2.417E-01  1.70E-01
1.189E+00 8.168E-02 3.000E-01  1.93E-01
1.122E+00 8.944E-02 3.700E-01  2.19E-01
1.059E+00 9.818E-02 4.524E-01  2.50E-01
1.000E+00 1.082E-01 5.483E-01  2.87E-01
9.441E-01 1.200E-01 6.584E-01  3.31E-01
8.913E-01 1.342E-01 7.852E-01  3.82E-01
8.414E-01 1.521E-01 9.347E-01  4.41E-01
7.943E-01 1.749E-01 1.119E+00  5.02E-01
7.499E-01 2.030E-01 1.358E+00  5.56E-01
7.079E-01 2.333E-01 1.664E+00  5.90E-01
6.683E-01 2.571E-01 2.008E+00  5.98E-01
6.310E-01 2.653E-01 2.304E+00  5.87E-01
5.957E-01 2.610E-01 2.483E+00  5.74E-01
5.623E-01 2.599E-01 2.582E+00  5.74E-01
5.309E-01 2.780E-01 2.705E+00  5.95E-01
5.012E-01 3.255E-01 2.965E+00  6.35E-01
4.732E-01 3.882E-01 3.406E+00  6.78E-01
4.467E-01 4.083E-01 3.745E+00  6.97E-01
4.217E-01 3.859E-01 3.713E+00  6.86E-01
3.981E-01 3.861E-01 3.556E+00  6.62E-01
3.758E-01 4.576E-01 3.636E+00  6.52E-01
3.548E-01 5.319E-01 3.943E+00  6.81E-01
3.350E-01 4.854E-01 3.650E+00  6.88E-01
3.162E-01 4.941E-01 3.116E+00  6.43E-01
2.985E-01 6.355E-01 3.038E+00  5.89E-01
2.818E-01 5.693E-01 2.700E+00  5.95E-01
2.661E-01 5.790E-01 1.962E+00  5.17E-01
2.512E-01 7.083E-01 1.754E+00  4.49E-01
2.371E-01 6.018E-01 1.481E+00  4.03E-01
2.239E-01 7.464E-01 1.344E+00  5.21E-01
2.113E-01 8.695E-01 1.578E+00  6.59E-01
1.995E-01 9.579E-01 1.803E+00  8.13E-01
1.884E-01 1.110E+00 1.714E+00  8.35E-01
1.778E-01 1.215E+00 1.355E+00  8.32E-01
1.679E-01 1.232E+00 1.240E+00  8.36E-01
1.585E-01 1.205E+00 1.294E+00  8.43E-01
1.496E-01 1.155E+00 1.322E+00  8.26E-01
1.413E-01 1.165E+00 1.298E+00  8.44E-01
1.334E-01 1.160E+00 1.285E+00  8.52E-01
1.259E-01 1.145E+00 1.285E+00  8.54E-01
1.189E-01 1.121E+00 1.298E+00  8.50E-01
1.122E-01 1.106E+00 1.298E+00  8.52E-01
1.059E-01 1.077E+00 1.322E+00  8.44E-01
1.000E-01 1.056E+00 1.331E+00  8.43E-01
9.441E-02 1.037E+00 1.333E+00  8.44E-01
8.913E-02 1.026E+00 1.317E+00  8.53E-01
8.414E-02 1.012E+00 1.321E+00  8.52E-01
7.943E-02 9.803E-01 1.340E+00  8.46E-01
7.499E-02 9.408E-01 1.361E+00  8.39E-01
7.079E-02 9.027E-01 1.374E+00  8.36E-01
6.683E-02 8.572E-01 1.389E+00  8.31E-01
6.310E-02 8.057E-01 1.401E+00  8.30E-01
5.957E-02 7.966E-01 1.352E+00  8.58E-01
5.623E-02 8.677E-01 1.240E+00  9.05E-01
5.309E-02 8.950E-01 1.195E+00  9.23E-01
5.012E-02 9.110E-01 1.165E+00  9.35E-01
4.732E-02 9.204E-01 1.144E+00  9.43E-01
4.467E-02 9.261E-01 1.129E+00  9.49E-01
4.217E-02 9.294E-01 1.117E+00  9.55E-01
3.981E-02 9.311E-01 1.107E+00  9.59E-01
3.758E-02 9.319E-01 1.099E+00  9.63E-01
3.548E-02 9.320E-01 1.091E+00  9.66E-01
3.350E-02 9.319E-01 1.085E+00  9.69E-01
3.162E-02 9.314E-01 1.078E+00  9.72E-01
2.985E-02 9.310E-01 1.072E+00  9.75E-01
2.818E-02 9.304E-01 1.066E+00  9.78E-01
2.661E-02 9.302E-01 1.061E+00  9.80E-01
2.512E-02 9.301E-01 1.055E+00  9.82E-01
2.371E-02 9.308E-01 1.049E+00  9.85E-01
2.239E-02 9.342E-01 1.042E+00  9.87E-01
2.113E-02 9.348E-01 1.039E+00  9.88E-01
1.995E-02 9.371E-01 1.034E+00  9.90E-01
1.884E-02 9.447E-01 1.024E+00  9.91E-01
1.778E-02 9.407E-01 1.030E+00  9.92E-01
1.679E-02 9.394E-01 1.032E+00  9.93E-01
1.585E-02 9.387E-01 1.034E+00  9.94E-01
1.496E-02 9.380E-01 1.037E+00  9.95E-01
1.413E-02 9.372E-01 1.042E+00  9.95E-01
1.334E-02 9.410E-01 1.038E+00  9.96E-01
1.259E-02 9.409E-01 1.041E+00  9.97E-01
1.189E-02 9.371E-01 1.054E+00  9.97E-01
1.122E-02 9.351E-01 1.064E+00  9.97E-01
1.059E-02 9.565E-01 9.928E-01  9.98E-01
1.000E-02 9.466E-01 1.038E+00  9.98E-01
9.441E-03 9.408E-01 1.059E+00  9.98E-01
8.913E-03 9.352E-01 1.081E+00  9.98E-01
8.414E-03 9.287E-01 1.106E+00  9.98E-01
7.943E-03 9.210E-01 1.135E+00  9.99E-01
7.499E-03 9.121E-01 1.165E+00  9.99E-01
7.079E-03 9.124E-01 1.168E+00  9.99E-01
6.683E-03 9.004E-01 1.209E+00  9.99E-01
6.310E-03 8.863E-01 1.254E+00  9.99E-01
5.957E-03 8.698E-01 1.302E+00  9.99E-01
5.623E-03 8.500E-01 1.352E+00  1.00E+00
5.309E-03 8.274E-01 1.401E+00  1.00E+00
5.012E-03 8.020E-01 1.446E+00  1.00E+00
4.732E-03 7.736E-01 1.486E+00  1.00E+00
4.467E-03 7.422E-01 1.517E+00  1.00E+00
4.217E-03 7.083E-01 1.537E+00  1.00E+00
3.981E-03 6.721E-01 1.544E+00  1.00E+00
3.758E-03 6.339E-01 1.537E+00  1.00E+00
3.548E-03 5.943E-01 1.513E+00  1.00E+00
3.350E-03 5.537E-01 1.474E+00  1.00E+00
3.162E-03 5.130E-01 1.420E+00  1.00E+00
2.985E-03 4.733E-01 1.353E+00  1.00E+00
2.818E-03 4.325E-01 1.265E+00  1.00E+00
2.661E-03 3.917E-01 1.160E+00  1.00E+00
2.512E-03 3.541E-01 1.013E+00  1.00E+00
2.371E-03 3.188E-01 6.590E-01  1.00E+00
2.239E-03 5.836E-01 6.934E-01  1.00E+00
2.113E-03 5.452E-01 7.396E-01  1.00E+00
1.995E-03 5.048E-01 7.434E-01  1.00E+00
1.884E-03 4.638E-01 7.048E-01  1.00E+00
1.778E-03 4.228E-01 6.370E-01  1.00E+00
1.679E-03 3.827E-01 4.256E-01  1.00E+00
1.585E-03 5.307E-01 5.526E-01  1.00E+00
1.496E-03 4.864E-01 5.439E-01  1.00E+00
1.413E-03 4.769E-01 5.594E-01  1.00E+00
1.334E-03 4.350E-01 5.528E-01  1.00E+00
1.259E-03 3.943E-01 5.316E-01  1.00E+00
1.189E-03 3.552E-01 5.055E-01  1.00E+00
1.122E-03 3.168E-01 4.746E-01  1.00E+00
1.059E-03 2.811E-01 5.444E-01  1.00E+00
1.000E-03 2.476E-01 4.848E-01  1.00E+00
