1.000E+03 9.703E-05 6.355E-10  1.00E-05
9.441E+02 1.089E-04 8.000E-10  1.12E-05
8.913E+02 1.222E-04 1.007E-09  1.26E-05
8.414E+02 1.371E-04 1.268E-09  1.42E-05
7.943E+02 1.539E-04 1.596E-09  1.59E-05
7.499E+02 1.726E-04 2.010E-09  1.78E-05
7.079E+02 1.937E-04 2.530E-09  2.00E-05
6.683E+02 2.174E-04 3.185E-09  2.24E-05
6.310E+02 2.440E-04 4.010E-09  2.52E-05
5.957E+02 2.738E-04 5.049E-09  2.82E-05
5.623E+02 3.072E-04 6.356E-09  3.17E-05
5.309E+02 3.447E-04 8.003E-09  3.55E-05
5.012E+02 3.869E-04 1.008E-08  3.98E-05
4.732E+02 4.342E-04 1.268E-08  4.47E-05
4.467E+02 4.874E-04 1.597E-08  5.01E-05
4.217E+02 5.472E-04 2.010E-08  5.62E-05
3.981E+02 6.141E-04 2.531E-08  6.31E-05
3.758E+02 6.893E-04 3.187E-08  7.07E-05
3.548E+02 7.737E-04 4.013E-08  7.93E-05
3.350E+02 8.688E-04 5.052E-08  8.90E-05
3.162E+02 9.756E-04 6.360E-08  9.98E-05
2.985E+02 1.096E-03 8.008E-08  1.12E-04
2.818E+02 1.230E-03 1.008E-07  1.25E-04
2.661E+02 1.381E-03 1.270E-07  1.41E-04
2.512E+02 1.551E-03 1.599E-07  1.58E-04
2.371E+02 1.743E-03 2.013E-07  1.77E-04
2.239E+02 1.958E-03 2.535E-07  1.98E-04
2.113E+02 2.201E-03 3.192E-07  2.22E-04
1.995E+02 2.474E-03 4.019E-07  2.49E-04
1.884E+02 2.780E-03 5.061E-07  2.79E-04
1.778E+02 3.125E-03 6.373E-07  3.12E-04
1.679E+02 3.513E-03 8.027E-07  3.49E-04
1.585E+02 3.952E-03 1.011E-06  3.91E-04
1.496E+02 4.447E-03 1.273E-06  4.38E-04
1.413E+02 5.005E-03 1.604E-06  4.89E-04
1.334E+02 5.635E-03 2.020E-06  5.47E-04
1.259E+02 6.346E-03 2.544E-06  6.12E-04
1.189E+02 7.149E-03 3.205E-06  6.83E-04
1.122E+02 8.056E-03 4.038E-06  7.63E-04
1.059E+02 9.087E-03 5.087E-06  8.51E-04
1.000E+02 1.025E-02 6.409E-06  9.48E-04
9.441E+01 1.158E-02 8.074E-06  1.06E-03
8.913E+01 1.308E-02 1.017E-05  1.17E-03
8.414E+01 1.478E-02 1.282E-05  1.30E-03
7.943E+01 1.671E-02 1.615E-05  1.44E-03
7.499E+01 1.890E-02 2.035E-05  1.60E-03
7.079E+01 2.140E-02 2.563E-05  1.77E-03
6.683E+01 2.424E-02 3.227E-05  1.95E-03
6.310E+01 2.746E-02 4.064E-05  2.14E-03
5.957E+01 3.110E-02 5.117E-05  2.35E-03
5.623E+01 3.524E-02 6.438E-05  2.58E-03
5.309E+01 3.991E-02 8.098E-05  2.81E-03
5.012E+01 4.515E-02 1.018E-04  3.07E-03
4.732E+01 5.108E-02 1.279E-04  3.33E-03
4.467E+01 5.777E-02 1.607E-04  3.61E-03
4.217E+01 6.529E-02 2.017E-04  3.91E-03
3.981E+01 7.364E-02 2.526E-04  4.23E-03
3.758E+01 8.289E-02 3.162E-04  4.57E-03
3.548E+01 9.284E-02 3.969E-04  4.95E-03
3.350E+01 1.042E-01 4.981E-04  5.35E-03
3.162E+01 1.177E-01 6.249E-04  5.75E-03
2.985E+01 1.333E-01 7.827E-04  6.16E-03
2.818E+01 1.507E-01 9.769E-04  6.60E-03
2.661E+01 1.708E-01 1.219E-03  7.06E-03
2.512E+01 1.941E-01 1.524E-03  7.52E-03
2.371E+01 2.200E-01 1.886E-03  8.03E-03
2.239E+01 2.504E-01 2.334E-03  8.55E-03
2.113E+01 2.853E-01 2.847E-03  9.10E-03
1.995E+01 3.266E-01 3.430E-03  9.65E-03
1.884E+01 3.621E-01 3.822E-03  1.04E-02
1.778E+01 3.627E-01 3.910E-03  1.18E-02
1.679E+01 3.306E-01 3.947E-03  1.37E-02
1.585E+01 2.847E-01 4.305E-03  1.62E-02
1.496E+01 2.448E-01 5.374E-03  1.93E-02
1.413E+01 2.257E-01 7.797E-03  2.35E-02
1.334E+01 2.768E-01 1.216E-02  2.74E-02
1.259E+01 3.716E-01 1.764E-02  2.95E-02
1.189E+01 4.962E-01 2.436E-02  2.99E-02
1.122E+01 6.403E-01 3.204E-02  2.97E-02
1.059E+01 8.263E-01 4.144E-02  2.91E-02
1.000E+01 9.559E-01 4.413E-02  3.06E-02
9.441E+00 1.002E+00 4.157E-02  3.33E-02
8.913E+00 7.208E-01 2.125E-02  3.94E-02
8.414E+00 4.760E-01 1.073E-02  4.64E-02
7.943E+00 2.306E-01 5.458E-03  5.41E-02
7.499E+00 1.090E-01 1.216E-02  6.37E-02
7.079E+00 9.001E-02 2.490E-02  7.43E-02
6.683E+00 9.255E-02 3.982E-02  8.54E-02
6.310E+00 9.526E-02 5.778E-02  9.76E-02
5.957E+00 9.643E-02 8.037E-02  1.11E-01
5.623E+00 9.838E-02 1.089E-01  1.26E-01
5.309E+00 1.020E-01 1.450E-01  1.44E-01
5.012E+00 1.074E-01 1.900E-01  1.64E-01
4.732E+00 1.144E-01 2.451E-01  1.87E-01
4.467E+00 1.229E-01 3.121E-01  2.13E-01
4.217E+00 1.329E-01 3.916E-01  2.44E-01
3.981E+00 1.440E-01 4.846E-01  2.81E-01
3.758E+00 1.566E-01 5.922E-01  3.25E-01
3.548E+00 1.718E-01 7.159E-01  3.76E-01
3.350E+00 1.906E-01 8.598E-01  4.34E-01
3.162E+00 2.135E-01 1.036E+00  4.96E-01
2.985E+00 2.423E-01 1.260E+00  5.52E-01
2.818E+00 2.739E-01 1.549E+00  5.90E-01
2.661E+00 2.989E-01 1.882E+00  6.02E-01
2.512E+00 3.069E-01 2.181E+00  5.93E-01
2.371E+00 3.007E-01 2.378E+00  5.81E-01
2.239E+00 2.964E-01 2.494E+00  5.81E-01
2.113E+00 3.112E-01 2.616E+00  6.00E-01
1.995E+00 3.555E-01 2.853E+00  6.38E-01
1.884E+00 4.164E-01 3.252E+00  6.81E-01
1.778E+00 4.403E-01 3.598E+00  7.02E-01
1.679E+00 4.189E-01 3.623E+00  6.97E-01
1.585E+00 4.122E-01 3.494E+00  6.77E-01
1.496E+00 4.660E-01 3.522E+00  6.68E-01
1.413E+00 5.480E-01 3.812E+00  6.91E-01
1.334E+00 5.223E-01 3.737E+00  7.09E-01
1.259E+00 5.042E-01 3.321E+00  6.91E-01
1.189E+00 5.930E-01 3.102E+00  6.47E-01
1.122E+00 6.364E-01 3.110E+00  6.55E-01
1.059E+00 5.747E-01 2.626E+00  6.43E-01
1.000E+00 6.673E-01 2.158E+00  5.78E-01
9.441E-01 7.003E-01 2.047E+00  5.71E-01
8.913E-01 6.431E-01 1.648E+00  5.26E-01
8.414E-01 7.959E-01 1.421E+00  4.86E-01
7.943E-01 7.162E-01 1.399E+00  5.25E-01
7.499E-01 8.048E-01 1.257E+00  5.26E-01
7.079E-01 7.720E-01 1.489E+00  6.40E-01
6.683E-01 8.311E-01 1.551E+00  7.07E-01
6.310E-01 8.030E-01 1.872E+00  7.68E-01
5.957E-01 7.983E-01 1.942E+00  8.22E-01
5.623E-01 8.065E-01 2.032E+00  8.35E-01
5.309E-01 8.349E-01 2.005E+00  8.33E-01
5.012E-01 8.093E-01 1.766E+00  8.31E-01
4.732E-01 8.285E-01 1.510E+00  8.02E-01
4.467E-01 8.292E-01 1.347E+00  7.85E-01
4.217E-01 8.336E-01 1.355E+00  7.83E-01
3.981E-01 8.520E-01 1.499E+00  8.13E-01
3.758E-01 8.703E-01 1.653E+00  8.43E-01
3.548E-01 8.813E-01 1.654E+00  8.52E-01
3.350E-01 8.883E-01 1.467E+00  8.45E-01
3.162E-01 9.012E-01 1.285E+00  8.39E-01
2.985E-01 9.174E-01 1.341E+00  8.56E-01
2.818E-01 9.173E-01 1.502E+00  8.73E-01
2.661E-01 9.255E-01 1.384E+00  8.68E-01
2.512E-01 9.206E-01 1.275E+00  8.60E-01
2.371E-01 9.165E-01 1.435E+00  8.75E-01
2.239E-01 9.337E-01 1.278E+00  8.71E-01
2.113E-01 9.955E-01 1.286E+00  8.95E-01
1.995E-01 1.012E+00 1.214E+00  8.97E-01
1.884E-01 1.005E+00 1.225E+00  8.96E-01
1.778E-01 9.892E-01 1.233E+00  8.90E-01
1.679E-01 9.718E-01 1.242E+00  8.83E-01
1.585E-01 9.493E-01 1.257E+00  8.72E-01
1.496E-01 9.180E-01 1.286E+00  8.53E-01
1.413E-01 9.303E-01 1.269E+00  8.68E-01
1.334E-01 9.331E-01 1.258E+00  8.75E-01
1.259E-01 9.270E-01 1.257E+00  8.75E-01
1.189E-01 9.122E-01 1.268E+00  8.69E-01
1.122E-01 9.055E-01 1.268E+00  8.69E-01
1.059E-01 8.845E-01 1.286E+00  8.58E-01
1.000E-01 8.703E-01 1.295E+00  8.56E-01
9.441E-02 8.603E-01 1.297E+00  8.56E-01
8.913E-02 8.599E-01 1.287E+00  8.64E-01
8.414E-02 8.529E-01 1.289E+00  8.62E-01
7.943E-02 8.312E-01 1.305E+00  8.54E-01
7.499E-02 8.050E-01 1.324E+00  8.46E-01
7.079E-02 7.831E-01 1.336E+00  8.42E-01
6.683E-02 7.571E-01 1.353E+00  8.37E-01
6.310E-02 7.305E-01 1.367E+00  8.35E-01
5.957E-02 7.481E-01 1.334E+00  8.64E-01
5.623E-02 8.251E-01 1.245E+00  9.12E-01
5.309E-02 8.551E-01 1.209E+00  9.30E-01
5.012E-02 8.739E-01 1.185E+00  9.41E-01
4.732E-02 8.864E-01 1.169E+00  9.49E-01
4.467E-02 8.953E-01 1.156E+00  9.55E-01
4.217E-02 9.020E-01 1.146E+00  9.60E-01
3.981E-02 9.073E-01 1.137E+00  9.64E-01
3.758E-02 9.117E-01 1.129E+00  9.67E-01
3.548E-02 9.155E-01 1.122E+00  9.71E-01
3.350E-02 9.189E-01 1.116E+00  9.73E-01
3.162E-02 9.221E-01 1.110E+00  9.76E-01
2.985E-02 9.252E-01 1.104E+00  9.78E-01
2.818E-02 9.282E-01 1.098E+00  9.81E-01
2.661E-02 9.314E-01 1.092E+00  9.83E-01
2.512E-02 9.348E-01 1.086E+00  9.85E-01
2.371E-02 9.388E-01 1.079E+00  9.87E-01
2.239E-02 9.438E-01 1.072E+00  9.89E-01
2.113E-02 9.469E-01 1.067E+00  9.90E-01
1.995E-02 9.515E-01 1.060E+00  9.92E-01
1.884E-02 9.572E-01 1.053E+00  9.93E-01
1.778E-02 9.565E-01 1.053E+00  9.93E-01
1.679E-02 9.579E-01 1.050E+00  9.94E-01
1.585E-02 9.599E-01 1.046E+00  9.95E-01
1.496E-02 9.618E-01 1.042E+00  9.95E-01
1.413E-02 9.640E-01 1.038E+00  9.96E-01
1.334E-02 9.682E-01 1.033E+00  9.97E-01
1.259E-02 9.693E-01 1.031E+00  9.97E-01
1.189E-02 9.696E-01 1.030E+00  9.97E-01
1.122E-02 9.720E-01 1.025E+00  9.98E-01
1.059E-02 9.813E-01 1.016E+00  9.98E-01
1.000E-02 9.762E-01 1.022E+00  9.98E-01
9.441E-03 9.752E-01 1.022E+00  9.98E-01
8.913E-03 9.749E-01 1.021E+00  9.99E-01
8.414E-03 9.750E-01 1.020E+00  9.99E-01
7.943E-03 9.752E-01 1.019E+00  9.99E-01
7.499E-03 9.758E-01 1.018E+00  9.99E-01
7.079E-03 9.768E-01 1.017E+00  9.99E-01
6.683E-03 9.763E-01 1.017E+00  9.99E-01
6.310E-03 9.759E-01 1.017E+00  9.99E-01
5.957E-03 9.754E-01 1.018E+00  9.99E-01
5.623E-03 9.745E-01 1.019E+00  1.00E+00
5.309E-03 9.732E-01 1.022E+00  1.00E+00
5.012E-03 9.714E-01 1.025E+00  1.00E+00
4.732E-03 9.688E-01 1.029E+00  1.00E+00
4.467E-03 9.653E-01 1.036E+00  1.00E+00
4.217E-03 9.613E-01 1.038E+00  9.99E-01
3.981E-03 9.546E-01 1.045E+00  9.99E-01
3.758E-03 9.459E-01 1.053E+00  9.99E-01
3.548E-03 9.348E-01 1.064E+00  9.99E-01
3.350E-03 9.207E-01 1.078E+00  9.99E-01
3.162E-03 9.033E-01 1.095E+00  9.99E-01
2.985E-03 8.826E-01 1.115E+00  9.99E-01
2.818E-03 8.568E-01 1.140E+00  9.99E-01
2.661E-03 8.255E-01 1.171E+00  1.00E+00
2.512E-03 7.909E-01 1.203E+00  1.00E+00
2.371E-03 7.528E-01 1.232E+00  1.00E+00
2.239E-03 9.354E-01 1.058E+00  1.00E+00
2.113E-03 9.208E-01 1.073E+00  1.00E+00
1.995E-03 9.023E-01 1.090E+00  1.00E+00
1.884E-03 8.796E-01 1.111E+00  1.00E+00
1.778E-03 8.520E-01 1.135E+00  1.00E+00
1.679E-03 8.194E-01 1.151E+00  1.00E+00
1.585E-03 9.154E-01 1.073E+00  1.00E+00
1.496E-03 8.933E-01 1.093E+00  1.00E+00
1.413E-03 8.879E-01 1.098E+00  1.00E+00
1.334E-03 8.611E-01 1.123E+00  1.00E+00
1.259E-03 8.296E-01 1.151E+00  1.00E+00
1.189E-03 7.933E-01 1.183E+00  1.00E+00
1.122E-03 7.511E-01 1.220E+00  1.00E+00
1.059E-03 7.050E-01 1.259E+00  1.00E+00
1.000E-03 6.552E-01 1.297E+00  1.00E+00
