1.000E+03 5.456E-06 6.355E-15  0.00E+00
9.441E+02 6.122E-06 8.000E-15  0.00E+00
8.913E+02 6.870E-06 1.007E-14  0.00E+00
8.414E+02 7.709E-06 1.268E-14  0.00E+00
7.943E+02 8.651E-06 1.596E-14  0.00E+00
7.499E+02 9.707E-06 2.010E-14  0.00E+00
7.079E+02 1.089E-05 2.530E-14  0.00E+00
6.683E+02 1.222E-05 3.185E-14  0.00E+00
6.310E+02 1.372E-05 4.010E-14  0.00E+00
5.957E+02 1.539E-05 5.049E-14  0.00E+00
5.623E+02 1.727E-05 6.356E-14  0.00E+00
5.309E+02 1.938E-05 8.002E-14  0.00E+00
5.012E+02 2.175E-05 1.007E-13  0.00E+00
4.732E+02 2.441E-05 1.268E-13  0.00E+00
4.467E+02 2.740E-05 1.597E-13  0.00E+00
4.217E+02 3.076E-05 2.010E-13  0.00E+00
3.981E+02 3.452E-05 2.531E-13  0.00E+00
3.758E+02 3.874E-05 3.187E-13  0.00E+00
3.548E+02 4.349E-05 4.012E-13  0.00E+00
3.350E+02 4.883E-05 5.051E-13  0.00E+00
3.162E+02 5.483E-05 6.359E-13  0.00E+00
2.985E+02 6.156E-05 8.006E-13  0.00E+00
2.818E+02 6.912E-05 1.008E-12  0.00E+00
2.661E+02 7.761E-05 1.269E-12  0.00E+00
2.512E+02 8.715E-05 1.598E-12  0.00E+00
2.371E+02 9.790E-05 2.013E-12  5.59E-07
2.239E+02 1.100E-04 2.534E-12  6.26E-07
2.113E+02 1.236E-04 3.190E-12  7.02E-07
1.995E+02 1.389E-04 4.017E-12  7.86E-07
1.884E+02 1.561E-04 5.058E-12  8.81E-07
1.778E+02 1.754E-04 6.370E-12  9.86E-07
1.679E+02 1.971E-04 8.022E-12  1.10E-06
1.585E+02 2.217E-04 1.010E-11  1.24E-06
1.496E+02 2.494E-04 1.272E-11  1.38E-06
1.413E+02 2.806E-04 1.602E-11  1.55E-06
1.334E+02 3.158E-04 2.018E-11  1.73E-06
1.259E+02 3.555E-04 2.542E-11  1.93E-06
1.189E+02 4.003E-04 3.201E-11  2.16E-06
1.122E+02 4.508E-04 4.033E-11  2.41E-06
1.059E+02 5.082E-04 5.079E-11  2.69E-06
1.000E+02 5.731E-04 6.398E-11  3.00E-06
9.441E+01 6.466E-04 8.059E-11  3.34E-06
8.913E+01 7.298E-04 1.015E-10  3.71E-06
8.414E+01 8.241E-04 1.279E-10  4.12E-06
7.943E+01 9.312E-04 1.610E-10  4.57E-06
7.499E+01 1.052E-03 2.029E-10  5.06E-06
7.079E+01 1.190E-03 2.554E-10  5.59E-06
6.683E+01 1.346E-03 3.215E-10  6.16E-06
6.310E+01 1.523E-03 4.047E-10  6.78E-06
5.957E+01 1.722E-03 5.093E-10  7.44E-06
5.623E+01 1.948E-03 6.405E-10  8.15E-06
5.309E+01 2.203E-03 8.052E-10  8.90E-06
5.012E+01 2.488E-03 1.012E-09  9.70E-06
4.732E+01 2.810E-03 1.270E-09  1.06E-05
4.467E+01 3.172E-03 1.594E-09  1.15E-05
4.217E+01 3.578E-03 1.999E-09  1.24E-05
3.981E+01 4.027E-03 2.501E-09  1.34E-05
3.758E+01 4.522E-03 3.128E-09  1.45E-05
3.548E+01 5.052E-03 3.921E-09  1.57E-05
3.350E+01 5.656E-03 4.915E-09  1.70E-05
3.162E+01 6.371E-03 6.157E-09  1.83E-05
2.985E+01 7.195E-03 7.702E-09  1.97E-05
2.818E+01 8.112E-03 9.598E-09  2.11E-05
2.661E+01 9.169E-03 1.196E-08  2.26E-05
2.512E+01 1.039E-02 1.493E-08  2.41E-05
2.371E+01 1.175E-02 1.844E-08  2.57E-05
2.239E+01 1.334E-02 2.280E-08  2.74E-05
2.113E+01 1.518E-02 2.779E-08  2.92E-05
1.995E+01 1.737E-02 3.349E-08  3.10E-05
1.884E+01 1.932E-02 3.744E-08  3.33E-05
1.778E+01 1.940E-02 3.846E-08  3.76E-05
1.679E+01 1.765E-02 3.890E-08  4.37E-05
1.585E+01 1.509E-02 4.235E-08  5.16E-05
1.496E+01 1.280E-02 5.257E-08  6.16E-05
1.413E+01 1.153E-02 7.546E-08  7.48E-05
1.334E+01 1.378E-02 1.163E-07  8.76E-05
1.259E+01 1.819E-02 1.676E-07  9.48E-05
1.189E+01 2.417E-02 2.313E-07  9.67E-05
1.122E+01 3.143E-02 3.063E-07  9.62E-05
1.059E+01 4.150E-02 4.043E-07  9.34E-05
1.000E+01 5.037E-02 4.511E-07  9.59E-05
9.441E+00 5.623E-02 4.541E-07  1.02E-04
8.913E+00 4.183E-02 2.423E-07  1.20E-04
8.414E+00 2.702E-02 1.213E-07  1.43E-04
7.943E+00 1.255E-02 6.009E-08  1.69E-04
7.499E+00 5.571E-03 1.284E-07  2.02E-04
7.079E+00 4.383E-03 2.565E-07  2.37E-04
6.683E+00 4.339E-03 4.050E-07  2.73E-04
6.310E+00 4.312E-03 5.831E-07  3.12E-04
5.957E+00 4.213E-03 8.067E-07  3.55E-04
5.623E+00 4.144E-03 1.091E-06  4.03E-04
5.309E+00 4.140E-03 1.453E-06  4.57E-04
5.012E+00 4.194E-03 1.914E-06  5.17E-04
4.732E+00 4.299E-03 2.497E-06  5.83E-04
4.467E+00 4.436E-03 3.237E-06  6.58E-04
4.217E+00 4.603E-03 4.170E-06  7.42E-04
3.981E+00 4.772E-03 5.349E-06  8.35E-04
3.758E+00 4.940E-03 6.840E-06  9.40E-04
3.548E+00 5.121E-03 8.721E-06  1.06E-03
3.350E+00 5.306E-03 1.109E-05  1.19E-03
3.162E+00 5.473E-03 1.409E-05  1.34E-03
2.985E+00 5.660E-03 1.788E-05  1.50E-03
2.818E+00 5.869E-03 2.267E-05  1.69E-03
2.661E+00 6.095E-03 2.871E-05  1.90E-03
2.512E+00 6.339E-03 3.632E-05  2.13E-03
2.371E+00 6.606E-03 4.592E-05  2.39E-03
2.239E+00 6.889E-03 5.802E-05  2.68E-03
2.113E+00 7.194E-03 7.323E-05  3.01E-03
1.995E+00 7.521E-03 9.244E-05  3.38E-03
1.884E+00 7.869E-03 1.167E-04  3.79E-03
1.778E+00 8.243E-03 1.472E-04  4.26E-03
1.679E+00 8.660E-03 1.856E-04  4.78E-03
1.585E+00 9.118E-03 2.339E-04  5.36E-03
1.496E+00 9.600E-03 2.948E-04  6.01E-03
1.413E+00 1.011E-02 3.715E-04  6.74E-03
1.334E+00 1.065E-02 4.682E-04  7.57E-03
1.259E+00 1.123E-02 5.899E-04  8.49E-03
1.189E+00 1.188E-02 7.437E-04  9.52E-03
1.122E+00 1.258E-02 9.376E-04  1.07E-02
1.059E+00 1.333E-02 1.182E-03  1.20E-02
1.000E+00 1.414E-02 1.489E-03  1.34E-02
9.441E-01 1.501E-02 1.877E-03  1.51E-02
8.913E-01 1.595E-02 2.367E-03  1.69E-02
8.414E-01 1.695E-02 2.985E-03  1.89E-02
7.943E-01 1.803E-02 3.768E-03  2.12E-02
7.499E-01 1.918E-02 4.757E-03  2.38E-02
7.079E-01 2.043E-02 6.008E-03  2.67E-02
6.683E-01 2.178E-02 7.590E-03  2.99E-02
6.310E-01 2.326E-02 9.597E-03  3.35E-02
5.957E-01 2.488E-02 1.215E-02  3.76E-02
5.623E-01 2.664E-02 1.538E-02  4.22E-02
5.309E-01 2.857E-02 1.949E-02  4.73E-02
5.012E-01 3.068E-02 2.472E-02  5.31E-02
4.732E-01 3.300E-02 3.138E-02  5.95E-02
4.467E-01 3.556E-02 3.988E-02  6.68E-02
4.217E-01 3.838E-02 5.075E-02  7.51E-02
3.981E-01 4.149E-02 6.463E-02  8.43E-02
3.758E-01 4.487E-02 8.244E-02  9.49E-02
3.548E-01 4.864E-02 1.053E-01  1.07E-01
3.350E-01 5.282E-02 1.347E-01  1.20E-01
3.162E-01 5.746E-02 1.723E-01  1.36E-01
2.985E-01 6.261E-02 2.209E-01  1.54E-01
2.818E-01 6.839E-02 2.832E-01  1.76E-01
2.661E-01 7.489E-02 3.636E-01  2.01E-01
2.512E-01 8.233E-02 4.670E-01  2.32E-01
2.371E-01 8.727E-02 6.030E-01  2.69E-01
2.239E-01 1.059E-01 7.882E-01  3.19E-01
2.113E-01 1.739E-01 1.029E+00  3.84E-01
1.995E-01 2.946E-01 1.357E+00  4.62E-01
1.884E-01 5.392E-01 1.854E+00  5.34E-01
1.778E-01 8.938E-01 2.368E+00  5.45E-01
1.679E-01 1.088E+00 2.508E+00  5.02E-01
1.585E-01 1.246E+00 2.281E+00  4.83E-01
1.496E-01 1.628E+00 1.639E+00  5.51E-01
1.413E-01 1.616E+00 1.297E+00  5.99E-01
1.334E-01 1.617E+00 1.361E+00  6.32E-01
1.259E-01 1.618E+00 1.361E+00  6.55E-01
1.189E-01 1.597E+00 1.315E+00  6.65E-01
1.122E-01 1.568E+00 1.283E+00  6.79E-01
1.059E-01 1.541E+00 1.282E+00  6.85E-01
1.000E-01 1.517E+00 1.249E+00  7.00E-01
9.441E-02 1.489E+00 1.229E+00  7.16E-01
8.913E-02 1.453E+00 1.178E+00  7.34E-01
8.414E-02 1.429E+00 1.198E+00  7.43E-01
7.943E-02 1.388E+00 1.220E+00  7.47E-01
7.499E-02 1.329E+00 1.234E+00  7.49E-01
7.079E-02 1.257E+00 1.237E+00  7.53E-01
6.683E-02 1.160E+00 1.242E+00  7.54E-01
6.310E-02 1.027E+00 1.231E+00  7.58E-01
5.957E-02 9.061E-01 1.119E+00  7.90E-01
5.623E-02 9.304E-01 9.228E-01  8.38E-01
5.309E-02 9.390E-01 8.499E-01  8.60E-01
5.012E-02 9.400E-01 8.051E-01  8.76E-01
4.732E-02 9.360E-01 7.770E-01  8.89E-01
4.467E-02 9.290E-01 7.583E-01  8.99E-01
4.217E-02 9.200E-01 7.450E-01  9.09E-01
3.981E-02 9.095E-01 7.352E-01  9.17E-01
3.758E-02 8.979E-01 7.272E-01  9.25E-01
3.548E-02 8.853E-01 7.206E-01  9.31E-01
3.350E-02 8.722E-01 7.142E-01  9.38E-01
3.162E-02 8.583E-01 7.076E-01  9.44E-01
2.985E-02 8.440E-01 7.007E-01  9.49E-01
2.818E-02 8.287E-01 6.925E-01  9.54E-01
2.661E-02 8.134E-01 6.822E-01  9.59E-01
2.512E-02 7.970E-01 6.686E-01  9.63E-01
2.371E-02 7.804E-01 6.478E-01  9.67E-01
2.239E-02 7.747E-01 6.267E-01  9.70E-01
2.113E-02 7.613E-01 6.114E-01  9.73E-01
1.995E-02 7.492E-01 5.822E-01  9.76E-01
1.884E-02 7.643E-01 5.641E-01  9.78E-01
1.778E-02 7.456E-01 5.748E-01  9.80E-01
1.679E-02 7.295E-01 5.665E-01  9.82E-01
1.585E-02 7.138E-01 5.525E-01  9.84E-01
1.496E-02 6.973E-01 5.359E-01  9.86E-01
1.413E-02 6.797E-01 5.134E-01  9.87E-01
1.334E-02 6.781E-01 4.789E-01  9.89E-01
1.259E-02 6.712E-01 4.768E-01  9.90E-01
1.189E-02 6.485E-01 4.708E-01  9.91E-01
1.122E-02 6.253E-01 4.297E-01  9.92E-01
1.059E-02 6.938E-01 3.811E-01  9.92E-01
1.000E-02 6.665E-01 4.451E-01  9.93E-01
9.441E-03 6.400E-01 4.539E-01  9.94E-01
8.913E-03 6.124E-01 4.486E-01  9.94E-01
8.414E-03 5.835E-01 4.367E-01  9.95E-01
7.943E-03 5.536E-01 4.193E-01  9.96E-01
7.499E-03 5.234E-01 3.897E-01  9.96E-01
7.079E-03 5.217E-01 3.870E-01  9.96E-01
6.683E-03 4.906E-01 3.763E-01  9.97E-01
6.310E-03 4.594E-01 3.604E-01  9.97E-01
5.957E-03 4.288E-01 3.423E-01  9.97E-01
5.623E-03 3.979E-01 3.227E-01  9.98E-01
5.309E-03 3.681E-01 3.021E-01  9.98E-01
5.012E-03 3.394E-01 2.813E-01  9.98E-01
4.732E-03 3.118E-01 2.607E-01  9.98E-01
4.467E-03 2.852E-01 2.404E-01  9.98E-01
4.217E-03 2.600E-01 2.206E-01  9.99E-01
3.981E-03 2.361E-01 2.014E-01  9.99E-01
3.758E-03 2.136E-01 1.830E-01  9.99E-01
3.548E-03 1.925E-01 1.652E-01  9.99E-01
3.350E-03 1.729E-01 1.484E-01  9.99E-01
3.162E-03 1.548E-01 1.325E-01  9.99E-01
2.985E-03 1.384E-01 1.178E-01  9.99E-01
2.818E-03 1.228E-01 1.030E-01  9.99E-01
2.661E-03 1.081E-01 8.861E-02  9.99E-01
2.512E-03 9.538E-02 7.265E-02  9.99E-01
2.371E-03 8.400E-02 4.319E-02  1.00E+00
2.239E-03 1.867E-01 5.798E-02  1.00E+00
2.113E-03 1.686E-01 5.990E-02  1.00E+00
1.995E-03 1.511E-01 5.782E-02  1.00E+00
1.884E-03 1.345E-01 5.233E-02  1.00E+00
1.778E-03 1.191E-01 4.508E-02  1.00E+00
1.679E-03 1.049E-01 2.817E-02  1.00E+00
1.585E-03 1.621E-01 4.244E-02  1.00E+00
1.496E-03 1.435E-01 4.000E-02  1.00E+00
1.413E-03 1.396E-01 4.090E-02  1.00E+00
1.334E-03 1.236E-01 3.894E-02  1.00E+00
1.259E-03 1.089E-01 3.611E-02  1.00E+00
1.189E-03 9.567E-02 3.319E-02  1.00E+00
1.122E-03 8.333E-02 3.018E-02  1.00E+00
1.059E-03 7.241E-02 2.714E-02  1.00E+00
1.000E-03 6.259E-02 2.388E-02  1.00E+00
