1.000E+03 5.456E-05 6.355E-11  3.17E-06
9.441E+02 6.123E-05 8.000E-11  3.56E-06
8.913E+02 6.870E-05 1.007E-10  3.99E-06
8.414E+02 7.709E-05 1.268E-10  4.48E-06
7.943E+02 8.651E-05 1.596E-10  5.02E-06
7.499E+02 9.708E-05 2.010E-10  5.63E-06
7.079E+02 1.089E-04 2.530E-10  6.32E-06
6.683E+02 1.222E-04 3.185E-10  7.09E-06
6.310E+02 1.372E-04 4.010E-10  7.96E-06
5.957E+02 1.539E-04 5.049E-10  8.92E-06
5.623E+02 1.727E-04 6.356E-10  1.00E-05
5.309E+02 1.938E-04 8.002E-10  1.12E-05
5.012E+02 2.175E-04 1.008E-09  1.26E-05
4.732E+02 2.441E-04 1.268E-09  1.41E-05
4.467E+02 2.740E-04 1.597E-09  1.59E-05
4.217E+02 3.076E-04 2.010E-09  1.78E-05
3.981E+02 3.453E-04 2.531E-09  1.99E-05
3.758E+02 3.875E-04 3.187E-09  2.24E-05
3.548E+02 4.349E-04 4.012E-09  2.51E-05
3.350E+02 4.884E-04 5.051E-09  2.81E-05
3.162E+02 5.484E-04 6.360E-09  3.15E-05
2.985E+02 6.158E-04 8.007E-09  3.54E-05
2.818E+02 6.913E-04 1.008E-08  3.97E-05
2.661E+02 7.763E-04 1.270E-08  4.45E-05
2.512E+02 8.718E-04 1.599E-08  4.99E-05
2.371E+02 9.793E-04 2.013E-08  5.59E-05
2.239E+02 1.100E-03 2.534E-08  6.26E-05
2.113E+02 1.236E-03 3.191E-08  7.02E-05
1.995E+02 1.390E-03 4.018E-08  7.86E-05
1.884E+02 1.561E-03 5.059E-08  8.81E-05
1.778E+02 1.755E-03 6.371E-08  9.86E-05
1.679E+02 1.973E-03 8.023E-08  1.10E-04
1.585E+02 2.219E-03 1.010E-07  1.24E-04
1.496E+02 2.496E-03 1.273E-07  1.38E-04
1.413E+02 2.809E-03 1.603E-07  1.55E-04
1.334E+02 3.161E-03 2.019E-07  1.73E-04
1.259E+02 3.559E-03 2.543E-07  1.93E-04
1.189E+02 4.009E-03 3.203E-07  2.16E-04
1.122E+02 4.515E-03 4.035E-07  2.41E-04
1.059E+02 5.091E-03 5.082E-07  2.69E-04
1.000E+02 5.741E-03 6.402E-07  3.00E-04
9.441E+01 6.480E-03 8.064E-07  3.34E-04
8.913E+01 7.315E-03 1.016E-06  3.71E-04
8.414E+01 8.263E-03 1.280E-06  4.12E-04
7.943E+01 9.340E-03 1.612E-06  4.57E-04
7.499E+01 1.055E-02 2.030E-06  5.06E-04
7.079E+01 1.194E-02 2.557E-06  5.59E-04
6.683E+01 1.351E-02 3.219E-06  6.16E-04
6.310E+01 1.529E-02 4.053E-06  6.78E-04
5.957E+01 1.730E-02 5.100E-06  7.44E-04
5.623E+01 1.959E-02 6.416E-06  8.15E-04
5.309E+01 2.216E-02 8.066E-06  8.90E-04
5.012E+01 2.504E-02 1.014E-05  9.70E-04
4.732E+01 2.830E-02 1.273E-05  1.05E-03
4.467E+01 3.196E-02 1.598E-05  1.14E-03
4.217E+01 3.607E-02 2.005E-05  1.24E-03
3.981E+01 4.063E-02 2.509E-05  1.34E-03
3.758E+01 4.566E-02 3.139E-05  1.45E-03
3.548E+01 5.105E-02 3.936E-05  1.57E-03
3.350E+01 5.720E-02 4.936E-05  1.70E-03
3.162E+01 6.449E-02 6.187E-05  1.83E-03
2.985E+01 7.289E-02 7.742E-05  1.96E-03
2.818E+01 8.227E-02 9.653E-05  2.10E-03
2.661E+01 9.306E-02 1.204E-04  2.25E-03
2.512E+01 1.056E-01 1.503E-04  2.40E-03
2.371E+01 1.195E-01 1.858E-04  2.56E-03
2.239E+01 1.358E-01 2.298E-04  2.73E-03
2.113E+01 1.546E-01 2.802E-04  2.90E-03
1.995E+01 1.770E-01 3.377E-04  3.08E-03
1.884E+01 1.966E-01 3.772E-04  3.32E-03
1.778E+01 1.973E-01 3.871E-04  3.74E-03
1.679E+01 1.797E-01 3.913E-04  4.35E-03
1.585E+01 1.540E-01 4.262E-04  5.14E-03
1.496E+01 1.312E-01 5.301E-04  6.14E-03
1.413E+01 1.190E-01 7.635E-04  7.45E-03
1.334E+01 1.435E-01 1.182E-03  8.71E-03
1.259E+01 1.907E-01 1.708E-03  9.41E-03
1.189E+01 2.542E-01 2.360E-03  9.58E-03
1.122E+01 3.304E-01 3.126E-03  9.51E-03
1.059E+01 4.344E-01 4.113E-03  9.25E-03
1.000E+01 5.205E-01 4.533E-03  9.56E-03
9.441E+00 5.701E-01 4.476E-03  1.03E-02
8.913E+00 4.179E-01 2.347E-03  1.21E-02
8.414E+00 2.712E-01 1.175E-03  1.44E-02
7.943E+00 1.274E-01 5.855E-04  1.69E-02
7.499E+00 5.771E-02 1.267E-03  2.01E-02
7.079E+00 4.618E-02 2.555E-03  2.35E-02
6.683E+00 4.637E-02 4.057E-03  2.71E-02
6.310E+00 4.672E-02 5.868E-03  3.09E-02
5.957E+00 4.631E-02 8.154E-03  3.51E-02
5.623E+00 4.626E-02 1.107E-02  3.98E-02
5.309E+00 4.699E-02 1.481E-02  4.51E-02
5.012E+00 4.846E-02 1.959E-02  5.09E-02
4.732E+00 5.063E-02 2.567E-02  5.74E-02
4.467E+00 5.335E-02 3.341E-02  6.47E-02
4.217E+00 5.661E-02 4.320E-02  7.29E-02
3.981E+00 6.011E-02 5.559E-02  8.21E-02
3.758E+00 6.385E-02 7.126E-02  9.24E-02
3.548E+00 6.803E-02 9.099E-02  1.04E-01
3.350E+00 7.257E-02 1.157E-01  1.17E-01
3.162E+00 7.719E-02 1.466E-01  1.32E-01
2.985E+00 8.248E-02 1.851E-01  1.49E-01
2.818E+00 8.850E-02 2.326E-01  1.69E-01
2.661E+00 9.522E-02 2.905E-01  1.92E-01
2.512E+00 1.028E-01 3.600E-01  2.18E-01
2.371E+00 1.114E-01 4.422E-01  2.50E-01
2.239E+00 1.212E-01 5.380E-01  2.87E-01
2.113E+00 1.328E-01 6.479E-01  3.31E-01
1.995E+00 1.470E-01 7.748E-01  3.82E-01
1.884E+00 1.648E-01 9.239E-01  4.40E-01
1.778E+00 1.877E-01 1.107E+00  5.01E-01
1.679E+00 2.162E-01 1.342E+00  5.56E-01
1.585E+00 2.470E-01 1.641E+00  5.90E-01
1.496E+00 2.708E-01 1.978E+00  5.99E-01
1.413E+00 2.784E-01 2.268E+00  5.89E-01
1.334E+00 2.731E-01 2.448E+00  5.76E-01
1.259E+00 2.706E-01 2.547E+00  5.77E-01
1.189E+00 2.874E-01 2.663E+00  5.97E-01
1.122E+00 3.326E-01 2.902E+00  6.36E-01
1.059E+00 3.936E-01 3.308E+00  6.79E-01
1.000E+00 4.182E-01 3.649E+00  7.01E-01
9.441E-01 3.989E-01 3.660E+00  6.95E-01
8.913E-01 3.939E-01 3.523E+00  6.75E-01
8.414E-01 4.482E-01 3.550E+00  6.65E-01
7.943E-01 5.308E-01 3.847E+00  6.89E-01
7.499E-01 5.063E-01 3.762E+00  7.07E-01
7.079E-01 4.905E-01 3.333E+00  6.89E-01
6.683E-01 5.808E-01 3.116E+00  6.43E-01
6.310E-01 6.209E-01 3.118E+00  6.51E-01
5.957E-01 5.614E-01 2.610E+00  6.37E-01
5.623E-01 6.627E-01 2.141E+00  5.67E-01
5.309E-01 6.810E-01 2.016E+00  5.59E-01
5.012E-01 6.339E-01 1.595E+00  5.08E-01
4.732E-01 7.847E-01 1.401E+00  4.82E-01
4.467E-01 7.024E-01 1.392E+00  5.20E-01
4.217E-01 8.114E-01 1.302E+00  5.51E-01
3.981E-01 7.631E-01 1.584E+00  6.65E-01
3.758E-01 7.991E-01 1.685E+00  7.39E-01
3.548E-01 7.803E-01 1.980E+00  7.97E-01
3.350E-01 7.612E-01 2.096E+00  8.19E-01
3.162E-01 8.114E-01 2.009E+00  8.36E-01
2.985E-01 7.873E-01 1.815E+00  8.04E-01
2.818E-01 8.072E-01 1.545E+00  7.79E-01
2.661E-01 8.019E-01 1.392E+00  7.48E-01
2.512E-01 8.181E-01 1.508E+00  7.65E-01
2.371E-01 8.168E-01 1.781E+00  8.06E-01
2.239E-01 8.449E-01 1.683E+00  8.20E-01
2.113E-01 9.706E-01 1.267E+00  8.33E-01
1.995E-01 1.039E+00 1.331E+00  8.69E-01
1.884E-01 1.079E+00 1.265E+00  8.81E-01
1.778E-01 1.075E+00 1.244E+00  8.83E-01
1.679E-01 1.053E+00 1.255E+00  8.77E-01
1.585E-01 1.026E+00 1.271E+00  8.66E-01
1.496E-01 9.898E-01 1.302E+00  8.47E-01
1.413E-01 1.002E+00 1.284E+00  8.64E-01
1.334E-01 1.002E+00 1.271E+00  8.70E-01
1.259E-01 9.930E-01 1.271E+00  8.71E-01
1.189E-01 9.756E-01 1.282E+00  8.65E-01
1.122E-01 9.664E-01 1.283E+00  8.66E-01
1.059E-01 9.430E-01 1.303E+00  8.56E-01
1.000E-01 9.264E-01 1.312E+00  8.54E-01
9.441E-02 9.134E-01 1.314E+00  8.54E-01
8.913E-02 9.092E-01 1.303E+00  8.62E-01
8.414E-02 9.000E-01 1.305E+00  8.61E-01
7.943E-02 8.750E-01 1.322E+00  8.53E-01
7.499E-02 8.444E-01 1.341E+00  8.46E-01
7.079E-02 8.174E-01 1.354E+00  8.42E-01
6.683E-02 7.856E-01 1.370E+00  8.36E-01
6.310E-02 7.519E-01 1.384E+00  8.35E-01
5.957E-02 7.624E-01 1.347E+00  8.63E-01
5.623E-02 8.382E-01 1.251E+00  9.11E-01
5.309E-02 8.677E-01 1.212E+00  9.29E-01
5.012E-02 8.859E-01 1.187E+00  9.40E-01
4.732E-02 8.976E-01 1.168E+00  9.48E-01
4.467E-02 9.056E-01 1.155E+00  9.54E-01
4.217E-02 9.114E-01 1.144E+00  9.59E-01
3.981E-02 9.157E-01 1.134E+00  9.63E-01
3.758E-02 9.191E-01 1.126E+00  9.66E-01
3.548E-02 9.219E-01 1.119E+00  9.70E-01
3.350E-02 9.243E-01 1.112E+00  9.72E-01
3.162E-02 9.265E-01 1.106E+00  9.75E-01
2.985E-02 9.286E-01 1.100E+00  9.78E-01
2.818E-02 9.306E-01 1.093E+00  9.80E-01
2.661E-02 9.329E-01 1.087E+00  9.82E-01
2.512E-02 9.353E-01 1.081E+00  9.84E-01
2.371E-02 9.385E-01 1.074E+00  9.86E-01
2.239E-02 9.431E-01 1.066E+00  9.88E-01
2.113E-02 9.456E-01 1.060E+00  9.90E-01
1.995E-02 9.496E-01 1.053E+00  9.91E-01
1.884E-02 9.558E-01 1.046E+00  9.92E-01
1.778E-02 9.542E-01 1.045E+00  9.93E-01
1.679E-02 9.550E-01 1.042E+00  9.94E-01
1.585E-02 9.563E-01 1.039E+00  9.94E-01
1.496E-02 9.577E-01 1.036E+00  9.95E-01
1.413E-02 9.593E-01 1.032E+00  9.96E-01
1.334E-02 9.635E-01 1.026E+00  9.97E-01
1.259E-02 9.643E-01 1.025E+00  9.97E-01
1.189E-02 9.638E-01 1.025E+00  9.97E-01
1.122E-02 9.655E-01 1.022E+00  9.98E-01
1.059E-02 9.774E-01 1.008E+00  9.98E-01
1.000E-02 9.711E-01 1.017E+00  9.98E-01
9.441E-03 9.691E-01 1.019E+00  9.98E-01
8.913E-03 9.680E-01 1.020E+00  9.98E-01
8.414E-03 9.670E-01 1.022E+00  9.99E-01
7.943E-03 9.660E-01 1.024E+00  9.99E-01
7.499E-03 9.651E-01 1.027E+00  9.99E-01
7.079E-03 9.660E-01 1.027E+00  9.99E-01
6.683E-03 9.637E-01 1.032E+00  9.99E-01
6.310E-03 9.610E-01 1.037E+00  9.99E-01
5.957E-03 9.576E-01 1.042E+00  9.99E-01
5.623E-03 9.530E-01 1.049E+00  9.99E-01
5.309E-03 9.471E-01 1.055E+00  1.00E+00
5.012E-03 9.396E-01 1.062E+00  1.00E+00
4.732E-03 9.300E-01 1.072E+00  1.00E+00
4.467E-03 9.179E-01 1.088E+00  1.00E+00
4.217E-03 9.029E-01 1.113E+00  1.00E+00
3.981E-03 8.847E-01 1.154E+00  1.00E+00
3.758E-03 8.629E-01 1.213E+00  1.00E+00
3.548E-03 8.373E-01 1.295E+00  1.00E+00
3.350E-03 8.077E-01 1.398E+00  1.00E+00
3.162E-03 7.746E-01 1.520E+00  1.00E+00
2.985E-03 7.387E-01 1.649E+00  1.00E+00
2.818E-03 6.981E-01 1.785E+00  1.00E+00
2.661E-03 6.535E-01 1.908E+00  1.00E+00
2.512E-03 6.089E-01 1.980E+00  1.00E+00
2.371E-03 5.639E-01 1.314E+00  1.00E+00
2.239E-03 8.321E-01 1.117E+00  1.00E+00
2.113E-03 8.028E-01 1.145E+00  1.00E+00
1.995E-03 7.688E-01 1.173E+00  1.00E+00
1.884E-03 7.306E-01 1.197E+00  1.00E+00
1.778E-03 6.887E-01 1.214E+00  1.00E+00
1.679E-03 6.438E-01 1.157E+00  1.00E+00
1.585E-03 7.914E-01 1.121E+00  1.00E+00
1.496E-03 7.524E-01 1.144E+00  1.00E+00
1.413E-03 7.435E-01 1.155E+00  1.00E+00
1.334E-03 7.018E-01 1.181E+00  1.00E+00
1.259E-03 6.572E-01 1.202E+00  1.00E+00
1.189E-03 6.108E-01 1.220E+00  1.00E+00
1.122E-03 5.614E-01 1.233E+00  1.00E+00
1.059E-03 5.121E-01 1.237E+00  1.00E+00
1.000E-03 4.628E-01 1.224E+00  1.00E+00
