1.000E+03 2.172E-06 1.596E-16  0.00E+00
9.441E+02 2.437E-06 2.010E-16  0.00E+00
8.913E+02 2.735E-06 2.530E-16  0.00E+00
8.414E+02 3.069E-06 3.185E-16  0.00E+00
7.943E+02 3.444E-06 4.010E-16  0.00E+00
7.499E+02 3.865E-06 5.048E-16  0.00E+00
7.079E+02 4.337E-06 6.355E-16  0.00E+00
6.683E+02 4.866E-06 8.001E-16  0.00E+00
6.310E+02 5.461E-06 1.007E-15  0.00E+00
5.957E+02 6.127E-06 1.268E-15  0.00E+00
5.623E+02 6.876E-06 1.597E-15  0.00E+00
5.309E+02 7.716E-06 2.010E-15  0.00E+00
5.012E+02 8.659E-06 2.531E-15  0.00E+00
4.732E+02 9.719E-06 3.186E-15  0.00E+00
4.467E+02 1.091E-05 4.011E-15  0.00E+00
4.217E+02 1.224E-05 5.049E-15  0.00E+00
3.981E+02 1.374E-05 6.357E-15  0.00E+00
3.758E+02 1.542E-05 8.004E-15  0.00E+00
3.548E+02 1.731E-05 1.008E-14  0.00E+00
3.350E+02 1.944E-05 1.269E-14  0.00E+00
3.162E+02 2.183E-05 1.597E-14  0.00E+00
2.985E+02 2.451E-05 2.011E-14  0.00E+00
2.818E+02 2.752E-05 2.532E-14  0.00E+00
2.661E+02 3.090E-05 3.189E-14  0.00E+00
2.512E+02 3.469E-05 4.015E-14  0.00E+00
2.371E+02 3.897E-05 5.055E-14  0.00E+00
2.239E+02 4.379E-05 6.365E-14  0.00E+00
2.113E+02 4.920E-05 8.014E-14  0.00E+00
1.995E+02 5.529E-05 1.009E-13  0.00E+00
1.884E+02 6.213E-05 1.271E-13  0.00E+00
1.778E+02 6.981E-05 1.600E-13  0.00E+00
1.679E+02 7.848E-05 2.015E-13  0.00E+00
1.585E+02 8.826E-05 2.538E-13  0.00E+00
1.496E+02 9.928E-05 3.196E-13  0.00E+00
1.413E+02 1.117E-04 4.025E-13  0.00E+00
1.334E+02 1.257E-04 5.069E-13  0.00E+00
1.259E+02 1.415E-04 6.384E-13  0.00E+00
1.189E+02 1.594E-04 8.042E-13  0.00E+00
1.122E+02 1.795E-04 1.013E-12  0.00E+00
1.059E+02 2.023E-04 1.276E-12  0.00E+00
1.000E+02 2.281E-04 1.607E-12  0.00E+00
9.441E+01 2.574E-04 2.024E-12  5.29E-07
8.913E+01 2.905E-04 2.550E-12  5.88E-07
8.414E+01 3.281E-04 3.212E-12  6.53E-07
7.943E+01 3.707E-04 4.045E-12  7.24E-07
7.499E+01 4.187E-04 5.095E-12  8.02E-07
7.079E+01 4.735E-04 6.416E-12  8.86E-07
6.683E+01 5.358E-04 8.077E-12  9.76E-07
6.310E+01 6.061E-04 1.017E-11  1.07E-06
5.957E+01 6.856E-04 1.279E-11  1.18E-06
5.623E+01 7.756E-04 1.609E-11  1.29E-06
5.309E+01 8.770E-04 2.022E-11  1.41E-06
5.012E+01 9.906E-04 2.541E-11  1.54E-06
4.732E+01 1.119E-03 3.191E-11  1.67E-06
4.467E+01 1.263E-03 4.004E-11  1.82E-06
4.217E+01 1.424E-03 5.022E-11  1.97E-06
3.981E+01 1.603E-03 6.283E-11  2.13E-06
3.758E+01 1.800E-03 7.856E-11  2.30E-06
3.548E+01 2.011E-03 9.849E-11  2.49E-06
3.350E+01 2.251E-03 1.235E-10  2.70E-06
3.162E+01 2.536E-03 1.547E-10  2.90E-06
2.985E+01 2.864E-03 1.935E-10  3.12E-06
2.818E+01 3.229E-03 2.411E-10  3.34E-06
2.661E+01 3.650E-03 3.005E-10  3.58E-06
2.512E+01 4.137E-03 3.749E-10  3.82E-06
2.371E+01 4.677E-03 4.633E-10  4.08E-06
2.239E+01 5.309E-03 5.727E-10  4.35E-06
2.113E+01 6.042E-03 6.980E-10  4.63E-06
1.995E+01 6.915E-03 8.413E-10  4.91E-06
1.884E+01 7.688E-03 9.404E-10  5.28E-06
1.778E+01 7.720E-03 9.660E-10  5.95E-06
1.679E+01 7.025E-03 9.770E-10  6.92E-06
1.585E+01 6.008E-03 1.064E-09  8.18E-06
1.496E+01 5.095E-03 1.321E-09  9.76E-06
1.413E+01 4.588E-03 1.895E-09  1.19E-05
1.334E+01 5.482E-03 2.922E-09  1.39E-05
1.259E+01 7.239E-03 4.210E-09  1.50E-05
1.189E+01 9.620E-03 5.808E-09  1.53E-05
1.122E+01 1.251E-02 7.693E-09  1.52E-05
1.059E+01 1.651E-02 1.015E-08  1.48E-05
1.000E+01 2.005E-02 1.133E-08  1.52E-05
9.441E+00 2.238E-02 1.141E-08  1.62E-05
8.913E+00 1.665E-02 6.088E-09  1.91E-05
8.414E+00 1.076E-02 3.048E-09  2.26E-05
7.943E+00 4.994E-03 1.510E-09  2.67E-05
7.499E+00 2.217E-03 3.226E-09  3.20E-05
7.079E+00 1.744E-03 6.444E-09  3.75E-05
6.683E+00 1.726E-03 1.017E-08  4.33E-05
6.310E+00 1.715E-03 1.465E-08  4.95E-05
5.957E+00 1.676E-03 2.026E-08  5.63E-05
5.623E+00 1.648E-03 2.739E-08  6.39E-05
5.309E+00 1.646E-03 3.648E-08  7.24E-05
5.012E+00 1.667E-03 4.806E-08  8.19E-05
4.732E+00 1.709E-03 6.270E-08  9.25E-05
4.467E+00 1.763E-03 8.127E-08  1.04E-04
4.217E+00 1.829E-03 1.047E-07  1.18E-04
3.981E+00 1.895E-03 1.343E-07  1.32E-04
3.758E+00 1.962E-03 1.717E-07  1.49E-04
3.548E+00 2.033E-03 2.189E-07  1.68E-04
3.350E+00 2.105E-03 2.784E-07  1.89E-04
3.162E+00 2.171E-03 3.536E-07  2.12E-04
2.985E+00 2.244E-03 4.486E-07  2.38E-04
2.818E+00 2.325E-03 5.686E-07  2.68E-04
2.661E+00 2.413E-03 7.201E-07  3.01E-04
2.512E+00 2.508E-03 9.108E-07  3.38E-04
2.371E+00 2.612E-03 1.151E-06  3.79E-04
2.239E+00 2.722E-03 1.454E-06  4.26E-04
2.113E+00 2.839E-03 1.835E-06  4.78E-04
1.995E+00 2.965E-03 2.316E-06  5.36E-04
1.884E+00 3.099E-03 2.922E-06  6.02E-04
1.778E+00 3.242E-03 3.685E-06  6.76E-04
1.679E+00 3.401E-03 4.645E-06  7.59E-04
1.585E+00 3.575E-03 5.851E-06  8.51E-04
1.496E+00 3.757E-03 7.371E-06  9.55E-04
1.413E+00 3.948E-03 9.284E-06  1.07E-03
1.334E+00 4.149E-03 1.169E-05  1.20E-03
1.259E+00 4.363E-03 1.472E-05  1.35E-03
1.189E+00 4.603E-03 1.855E-05  1.51E-03
1.122E+00 4.858E-03 2.337E-05  1.70E-03
1.059E+00 5.130E-03 2.942E-05  1.91E-03
1.000E+00 5.419E-03 3.705E-05  2.14E-03
9.441E-01 5.728E-03 4.664E-05  2.40E-03
8.913E-01 6.056E-03 5.873E-05  2.69E-03
8.414E-01 6.401E-03 7.398E-05  3.02E-03
7.943E-01 6.765E-03 9.323E-05  3.39E-03
7.499E-01 7.150E-03 1.175E-04  3.80E-03
7.079E-01 7.557E-03 1.482E-04  4.26E-03
6.683E-01 7.989E-03 1.868E-04  4.78E-03
6.310E-01 8.452E-03 2.357E-04  5.37E-03
5.957E-01 8.946E-03 2.976E-04  6.03E-03
5.623E-01 9.469E-03 3.759E-04  6.76E-03
5.309E-01 1.003E-02 4.751E-04  7.59E-03
5.012E-01 1.062E-02 6.009E-04  8.52E-03
4.732E-01 1.125E-02 7.606E-04  9.56E-03
4.467E-01 1.192E-02 9.639E-04  1.07E-02
4.217E-01 1.263E-02 1.223E-03  1.21E-02
3.981E-01 1.338E-02 1.554E-03  1.35E-02
3.758E-01 1.415E-02 1.978E-03  1.52E-02
3.548E-01 1.497E-02 2.523E-03  1.71E-02
3.350E-01 1.584E-02 3.224E-03  1.92E-02
3.162E-01 1.675E-02 4.131E-03  2.16E-02
2.985E-01 1.769E-02 5.313E-03  2.44E-02
2.818E-01 1.867E-02 6.858E-03  2.75E-02
2.661E-01 1.967E-02 8.900E-03  3.10E-02
2.512E-01 2.068E-02 1.162E-02  3.50E-02
2.371E-01 2.070E-02 1.532E-02  3.96E-02
2.239E-01 2.318E-02 2.057E-02  4.51E-02
2.113E-01 3.420E-02 2.786E-02  5.15E-02
1.995E-01 4.997E-02 3.788E-02  5.90E-02
1.884E-01 7.659E-02 5.236E-02  6.80E-02
1.778E-01 1.236E-01 7.286E-02  7.87E-02
1.679E-01 1.895E-01 1.024E-01  9.17E-02
1.585E-01 2.943E-01 1.504E-01  1.09E-01
1.496E-01 6.313E-01 2.317E-01  1.24E-01
1.413E-01 9.572E-01 2.320E-01  1.11E-01
1.334E-01 9.376E-01 2.693E-01  1.29E-01
1.259E-01 1.039E+00 3.285E-01  1.44E-01
1.189E-01 1.245E+00 4.140E-01  1.55E-01
1.122E-01 1.364E+00 4.777E-01  1.70E-01
1.059E-01 1.539E+00 5.996E-01  1.84E-01
1.000E-01 1.633E+00 6.408E-01  1.95E-01
9.441E-02 1.655E+00 6.609E-01  2.17E-01
8.913E-02 1.613E+00 6.221E-01  2.46E-01
8.414E-02 1.615E+00 6.763E-01  2.82E-01
7.943E-02 1.619E+00 7.188E-01  3.17E-01
7.499E-02 1.589E+00 7.349E-01  3.55E-01
7.079E-02 1.513E+00 7.268E-01  3.93E-01
6.683E-02 1.382E+00 7.101E-01  4.24E-01
6.310E-02 1.153E+00 6.524E-01  4.44E-01
5.957E-02 8.750E-01 4.855E-01  4.64E-01
5.623E-02 8.214E-01 3.427E-01  5.13E-01
5.309E-02 8.062E-01 3.027E-01  5.58E-01
5.012E-02 7.918E-01 2.799E-01  6.01E-01
4.732E-02 7.767E-01 2.660E-01  6.40E-01
4.467E-02 7.607E-01 2.569E-01  6.75E-01
4.217E-02 7.436E-01 2.502E-01  7.07E-01
3.981E-02 7.252E-01 2.449E-01  7.35E-01
3.758E-02 7.054E-01 2.402E-01  7.60E-01
3.548E-02 6.845E-01 2.357E-01  7.81E-01
3.350E-02 6.627E-01 2.310E-01  7.99E-01
3.162E-02 6.397E-01 2.258E-01  8.15E-01
2.985E-02 6.163E-01 2.201E-01  8.29E-01
2.818E-02 5.919E-01 2.135E-01  8.43E-01
2.661E-02 5.680E-01 2.059E-01  8.56E-01
2.512E-02 5.435E-01 1.967E-01  8.70E-01
2.371E-02 5.190E-01 1.850E-01  8.83E-01
2.239E-02 5.084E-01 1.764E-01  8.95E-01
2.113E-02 4.900E-01 1.687E-01  9.03E-01
1.995E-02 4.726E-01 1.568E-01  9.11E-01
1.884E-02 4.866E-01 1.543E-01  9.18E-01
1.778E-02 4.657E-01 1.549E-01  9.26E-01
1.679E-02 4.471E-01 1.496E-01  9.34E-01
1.585E-02 4.294E-01 1.429E-01  9.39E-01
1.496E-02 4.116E-01 1.357E-01  9.44E-01
1.413E-02 3.936E-01 1.270E-01  9.49E-01
1.334E-02 3.905E-01 1.173E-01  9.55E-01
1.259E-02 3.836E-01 1.162E-01  9.58E-01
1.189E-02 3.631E-01 1.123E-01  9.62E-01
1.122E-02 3.428E-01 9.945E-02  9.66E-01
1.059E-02 3.999E-01 9.303E-02  9.69E-01
1.000E-02 3.766E-01 1.078E-01  9.71E-01
9.441E-03 3.538E-01 1.076E-01  9.74E-01
8.913E-03 3.312E-01 1.037E-01  9.76E-01
8.414E-03 3.087E-01 9.836E-02  9.79E-01
7.943E-03 2.867E-01 9.200E-02  9.81E-01
7.499E-03 2.654E-01 8.320E-02  9.82E-01
7.079E-03 2.641E-01 8.257E-02  9.84E-01
6.683E-03 2.435E-01 7.848E-02  9.86E-01
6.310E-03 2.238E-01 7.347E-02  9.87E-01
5.957E-03 2.053E-01 6.831E-02  9.88E-01
5.623E-03 1.873E-01 6.308E-02  9.89E-01
5.309E-03 1.706E-01 5.792E-02  9.90E-01
5.012E-03 1.551E-01 5.297E-02  9.91E-01
4.732E-03 1.405E-01 4.829E-02  9.92E-01
4.467E-03 1.270E-01 4.383E-02  9.93E-01
4.217E-03 1.145E-01 3.965E-02  9.93E-01
3.981E-03 1.029E-01 3.573E-02  9.94E-01
3.758E-03 9.217E-02 3.208E-02  9.95E-01
3.548E-03 8.235E-02 2.864E-02  9.95E-01
3.350E-03 7.335E-02 2.547E-02  9.96E-01
3.162E-03 6.521E-02 2.253E-02  9.96E-01
2.985E-03 5.794E-02 1.988E-02  9.96E-01
2.818E-03 5.108E-02 1.724E-02  9.97E-01
2.661E-03 4.473E-02 1.473E-02  9.97E-01
2.512E-03 3.928E-02 1.199E-02  9.97E-01
2.371E-03 3.444E-02 7.079E-03  9.98E-01
2.239E-03 7.960E-02 9.929E-03  9.98E-01
2.113E-03 7.139E-02 1.018E-02  9.98E-01
1.995E-03 6.352E-02 9.757E-03  9.98E-01
1.884E-03 5.621E-02 8.767E-03  9.98E-01
1.778E-03 4.948E-02 7.500E-03  9.99E-01
1.679E-03 4.335E-02 4.653E-03  9.99E-01
1.585E-03 6.845E-02 7.186E-03  9.99E-01
1.496E-03 6.014E-02 6.720E-03  9.99E-01
1.413E-03 5.846E-02 6.861E-03  9.99E-01
1.334E-03 5.141E-02 6.489E-03  9.99E-01
1.259E-03 4.506E-02 5.981E-03  9.99E-01
1.189E-03 3.939E-02 5.468E-03  9.99E-01
1.122E-03 3.416E-02 4.946E-03  9.99E-01
1.059E-03 2.956E-02 4.429E-03  9.99E-01
1.000E-03 2.547E-02 3.881E-03  9.99E-01
