1.000E+03 6.891E-04 1.598E-06  5.02E-04
9.441E+02 7.735E-04 2.011E-06  5.64E-04
8.913E+02 8.684E-04 2.533E-06  6.33E-04
8.414E+02 9.749E-04 3.189E-06  7.10E-04
7.943E+02 1.095E-03 4.015E-06  7.96E-04
7.499E+02 1.229E-03 5.055E-06  8.93E-04
7.079E+02 1.380E-03 6.366E-06  1.00E-03
6.683E+02 1.550E-03 8.016E-06  1.12E-03
6.310E+02 1.741E-03 1.009E-05  1.26E-03
5.957E+02 1.955E-03 1.271E-05  1.42E-03
5.623E+02 2.196E-03 1.601E-05  1.59E-03
5.309E+02 2.468E-03 2.016E-05  1.78E-03
5.012E+02 2.773E-03 2.539E-05  2.00E-03
4.732E+02 3.117E-03 3.198E-05  2.24E-03
4.467E+02 3.505E-03 4.028E-05  2.52E-03
4.217E+02 3.942E-03 5.073E-05  2.82E-03
3.981E+02 4.433E-03 6.391E-05  3.17E-03
3.758E+02 4.988E-03 8.052E-05  3.55E-03
3.548E+02 5.614E-03 1.015E-04  3.99E-03
3.350E+02 6.322E-03 1.278E-04  4.47E-03
3.162E+02 7.123E-03 1.611E-04  5.02E-03
2.985E+02 8.029E-03 2.030E-04  5.63E-03
2.818E+02 9.053E-03 2.559E-04  6.31E-03
2.661E+02 1.021E-02 3.227E-04  7.08E-03
2.512E+02 1.153E-02 4.069E-04  7.95E-03
2.371E+02 1.303E-02 5.131E-04  8.91E-03
2.239E+02 1.474E-02 6.473E-04  1.00E-02
2.113E+02 1.669E-02 8.166E-04  1.12E-02
1.995E+02 1.891E-02 1.031E-03  1.26E-02
1.884E+02 2.145E-02 1.301E-03  1.41E-02
1.778E+02 2.437E-02 1.643E-03  1.58E-02
1.679E+02 2.772E-02 2.076E-03  1.77E-02
1.585E+02 3.159E-02 2.624E-03  1.99E-02
1.496E+02 3.606E-02 3.318E-03  2.23E-02
1.413E+02 4.125E-02 4.198E-03  2.49E-02
1.334E+02 4.728E-02 5.314E-03  2.79E-02
1.259E+02 5.433E-02 6.732E-03  3.13E-02
1.189E+02 6.259E-02 8.534E-03  3.50E-02
1.122E+02 7.230E-02 1.083E-02  3.92E-02
1.059E+02 8.382E-02 1.375E-02  4.38E-02
1.000E+02 9.750E-02 1.747E-02  4.89E-02
9.441E+01 1.138E-01 2.223E-02  5.46E-02
8.913E+01 1.334E-01 2.831E-02  6.09E-02
8.414E+01 1.570E-01 3.609E-02  6.78E-02
7.943E+01 1.856E-01 4.607E-02  7.53E-02
7.499E+01 2.201E-01 5.890E-02  8.34E-02
7.079E+01 2.622E-01 7.536E-02  9.21E-02
6.683E+01 3.135E-01 9.651E-02  1.01E-01
6.310E+01 3.758E-01 1.237E-01  1.11E-01
5.957E+01 4.510E-01 1.586E-01  1.21E-01
5.623E+01 5.411E-01 2.031E-01  1.30E-01
5.309E+01 6.477E-01 2.596E-01  1.40E-01
5.012E+01 7.712E-01 3.309E-01  1.49E-01
4.732E+01 9.107E-01 4.190E-01  1.57E-01
4.467E+01 1.063E+00 5.260E-01  1.64E-01
4.217E+01 1.221E+00 6.518E-01  1.71E-01
3.981E+01 1.374E+00 7.921E-01  1.78E-01
3.758E+01 1.513E+00 9.421E-01  1.86E-01
3.548E+01 1.630E+00 1.097E+00  1.94E-01
3.350E+01 1.712E+00 1.238E+00  2.05E-01
3.162E+01 1.755E+00 1.348E+00  2.18E-01
2.985E+01 1.761E+00 1.419E+00  2.35E-01
2.818E+01 1.742E+00 1.451E+00  2.57E-01
2.661E+01 1.708E+00 1.451E+00  2.84E-01
2.512E+01 1.673E+00 1.429E+00  3.17E-01
2.371E+01 1.647E+00 1.392E+00  3.57E-01
2.239E+01 1.634E+00 1.352E+00  4.02E-01
2.113E+01 1.635E+00 1.309E+00  4.51E-01
1.995E+01 1.642E+00 1.265E+00  5.01E-01
1.884E+01 1.640E+00 1.197E+00  5.50E-01
1.778E+01 1.616E+00 1.134E+00  5.95E-01
1.679E+01 1.582E+00 1.127E+00  6.34E-01
1.585E+01 1.560E+00 1.219E+00  6.65E-01
1.496E+01 1.570E+00 1.410E+00  6.87E-01
1.413E+01 1.590E+00 1.560E+00  6.90E-01
1.334E+01 1.577E+00 1.425E+00  6.83E-01
1.259E+01 1.545E+00 1.364E+00  6.95E-01
1.189E+01 1.510E+00 1.357E+00  7.07E-01
1.122E+01 1.478E+00 1.348E+00  7.18E-01
1.059E+01 1.445E+00 1.328E+00  7.29E-01
1.000E+01 1.418E+00 1.248E+00  7.51E-01
9.441E+00 1.362E+00 1.140E+00  7.72E-01
8.913E+00 1.270E+00 8.869E-01  8.15E-01
8.414E+00 1.197E+00 6.886E-01  8.54E-01
7.943E+00 1.011E+00 6.381E-01  8.78E-01
7.499E+00 7.947E-01 1.734E+00  8.69E-01
7.079E+00 8.029E-01 2.612E+00  8.48E-01
6.683E+00 8.311E-01 2.691E+00  8.19E-01
6.310E+00 9.232E-01 2.498E+00  7.98E-01
5.957E+00 8.776E-01 2.127E+00  7.51E-01
5.623E+00 9.629E-01 1.731E+00  7.01E-01
5.309E+00 9.031E-01 1.408E+00  6.59E-01
5.012E+00 9.822E-01 1.209E+00  6.29E-01
4.732E+00 9.310E-01 1.204E+00  6.83E-01
4.467E+00 9.702E-01 1.347E+00  7.39E-01
4.217E+00 9.719E-01 1.522E+00  8.11E-01
3.981E+00 9.680E-01 1.756E+00  8.38E-01
3.758E+00 9.573E-01 1.794E+00  8.67E-01
3.548E+00 9.549E-01 1.727E+00  8.65E-01
3.350E+00 9.478E-01 1.569E+00  8.55E-01
3.162E+00 9.494E-01 1.392E+00  8.35E-01
2.985E+00 9.509E-01 1.281E+00  8.22E-01
2.818E+00 9.582E-01 1.300E+00  8.33E-01
2.661E+00 9.642E-01 1.423E+00  8.51E-01
2.512E+00 9.697E-01 1.529E+00  8.66E-01
2.371E+00 9.748E-01 1.510E+00  8.73E-01
2.239E+00 9.757E-01 1.376E+00  8.71E-01
2.113E+00 9.720E-01 1.256E+00  8.69E-01
1.995E+00 9.696E-01 1.259E+00  8.78E-01
1.884E+00 9.778E-01 1.356E+00  8.93E-01
1.778E+00 9.782E-01 1.392E+00  8.98E-01
1.679E+00 9.778E-01 1.288E+00  8.93E-01
1.585E+00 9.811E-01 1.221E+00  8.92E-01
1.496E+00 9.886E-01 1.270E+00  9.02E-01
1.413E+00 9.863E-01 1.306E+00  9.09E-01
1.334E+00 9.862E-01 1.233E+00  9.08E-01
1.259E+00 9.874E-01 1.209E+00  9.10E-01
1.189E+00 9.877E-01 1.260E+00  9.16E-01
1.122E+00 9.894E-01 1.218E+00  9.16E-01
1.059E+00 9.905E-01 1.195E+00  9.18E-01
1.000E+00 9.881E-01 1.227E+00  9.22E-01
9.441E-01 9.878E-01 1.186E+00  9.22E-01
8.913E-01 9.859E-01 1.201E+00  9.24E-01
8.414E-01 9.838E-01 1.188E+00  9.25E-01
7.943E-01 9.814E-01 1.186E+00  9.26E-01
7.499E-01 9.786E-01 1.182E+00  9.27E-01
7.079E-01 9.756E-01 1.181E+00  9.28E-01
6.683E-01 9.725E-01 1.173E+00  9.28E-01
6.310E-01 9.693E-01 1.179E+00  9.29E-01
5.957E-01 9.659E-01 1.170E+00  9.29E-01
5.623E-01 9.625E-01 1.169E+00  9.29E-01
5.309E-01 9.590E-01 1.171E+00  9.30E-01
5.012E-01 9.555E-01 1.169E+00  9.30E-01
4.732E-01 9.520E-01 1.167E+00  9.30E-01
4.467E-01 9.485E-01 1.165E+00  9.30E-01
4.217E-01 9.450E-01 1.165E+00  9.29E-01
3.981E-01 9.415E-01 1.164E+00  9.29E-01
3.758E-01 9.381E-01 1.164E+00  9.29E-01
3.548E-01 9.346E-01 1.164E+00  9.28E-01
3.350E-01 9.311E-01 1.163E+00  9.28E-01
3.162E-01 9.276E-01 1.164E+00  9.27E-01
2.985E-01 9.239E-01 1.164E+00  9.26E-01
2.818E-01 9.202E-01 1.164E+00  9.25E-01
2.661E-01 9.162E-01 1.165E+00  9.23E-01
2.512E-01 9.119E-01 1.166E+00  9.22E-01
2.371E-01 9.070E-01 1.168E+00  9.19E-01
2.239E-01 9.008E-01 1.172E+00  9.16E-01
2.113E-01 8.940E-01 1.176E+00  9.12E-01
1.995E-01 8.869E-01 1.180E+00  9.07E-01
1.884E-01 8.782E-01 1.186E+00  9.01E-01
1.778E-01 8.687E-01 1.194E+00  8.95E-01
1.679E-01 8.577E-01 1.203E+00  8.87E-01
1.585E-01 8.413E-01 1.217E+00  8.74E-01
1.496E-01 8.143E-01 1.243E+00  8.54E-01
1.413E-01 8.283E-01 1.228E+00  8.70E-01
1.334E-01 8.358E-01 1.218E+00  8.76E-01
1.259E-01 8.339E-01 1.218E+00  8.76E-01
1.189E-01 8.230E-01 1.227E+00  8.69E-01
1.122E-01 8.204E-01 1.228E+00  8.69E-01
1.059E-01 8.029E-01 1.244E+00  8.58E-01
1.000E-01 7.936E-01 1.251E+00  8.55E-01
9.441E-02 7.889E-01 1.254E+00  8.55E-01
8.913E-02 7.946E-01 1.246E+00  8.63E-01
8.414E-02 7.909E-01 1.248E+00  8.61E-01
7.943E-02 7.745E-01 1.263E+00  8.53E-01
7.499E-02 7.551E-01 1.280E+00  8.44E-01
7.079E-02 7.403E-01 1.293E+00  8.39E-01
6.683E-02 7.219E-01 1.310E+00  8.34E-01
6.310E-02 7.040E-01 1.325E+00  8.32E-01
5.957E-02 7.299E-01 1.297E+00  8.62E-01
5.623E-02 8.073E-01 1.217E+00  9.12E-01
5.309E-02 8.376E-01 1.185E+00  9.30E-01
5.012E-02 8.570E-01 1.165E+00  9.42E-01
4.732E-02 8.703E-01 1.150E+00  9.50E-01
4.467E-02 8.802E-01 1.139E+00  9.56E-01
4.217E-02 8.880E-01 1.131E+00  9.61E-01
3.981E-02 8.945E-01 1.123E+00  9.65E-01
3.758E-02 9.001E-01 1.117E+00  9.68E-01
3.548E-02 9.051E-01 1.111E+00  9.71E-01
3.350E-02 9.098E-01 1.105E+00  9.74E-01
3.162E-02 9.142E-01 1.100E+00  9.77E-01
2.985E-02 9.167E-01 1.083E+00  9.79E-01
2.818E-02 9.211E-01 1.079E+00  9.81E-01
2.661E-02 9.256E-01 1.074E+00  9.83E-01
2.512E-02 9.302E-01 1.070E+00  9.85E-01
2.371E-02 9.354E-01 1.065E+00  9.87E-01
2.239E-02 9.408E-01 1.059E+00  9.89E-01
2.113E-02 9.448E-01 1.055E+00  9.91E-01
1.995E-02 9.499E-01 1.050E+00  9.92E-01
1.884E-02 9.548E-01 1.045E+00  9.93E-01
1.778E-02 9.556E-01 1.044E+00  9.94E-01
1.679E-02 9.580E-01 1.042E+00  9.94E-01
1.585E-02 9.607E-01 1.039E+00  9.95E-01
1.496E-02 9.635E-01 1.037E+00  9.96E-01
1.413E-02 9.664E-01 1.034E+00  9.96E-01
1.334E-02 9.703E-01 1.030E+00  9.97E-01
1.259E-02 9.718E-01 1.028E+00  9.97E-01
1.189E-02 9.731E-01 1.027E+00  9.98E-01
1.122E-02 9.762E-01 1.024E+00  9.98E-01
1.059E-02 9.816E-01 1.018E+00  9.99E-01
1.000E-02 9.788E-01 1.021E+00  9.98E-01
9.441E-03 9.790E-01 1.021E+00  9.99E-01
8.913E-03 9.798E-01 1.020E+00  9.99E-01
8.414E-03 9.809E-01 1.019E+00  9.99E-01
7.943E-03 9.821E-01 1.018E+00  9.99E-01
7.499E-03 9.837E-01 1.016E+00  9.99E-01
7.079E-03 9.847E-01 1.015E+00  9.99E-01
6.683E-03 9.855E-01 1.014E+00  9.99E-01
6.310E-03 9.865E-01 1.014E+00  9.99E-01
5.957E-03 9.875E-01 1.013E+00  1.00E+00
5.623E-03 9.884E-01 1.012E+00  1.00E+00
5.309E-03 9.891E-01 1.011E+00  1.00E+00
5.012E-03 9.896E-01 1.010E+00  1.00E+00
4.732E-03 9.900E-01 1.010E+00  1.00E+00
4.467E-03 9.902E-01 1.010E+00  1.00E+00
4.217E-03 9.904E-01 1.010E+00  1.00E+00
3.981E-03 9.904E-01 1.010E+00  1.00E+00
3.758E-03 9.904E-01 1.010E+00  1.00E+00
3.548E-03 9.904E-01 1.010E+00  1.00E+00
3.350E-03 9.903E-01 1.010E+00  1.00E+00
3.162E-03 9.903E-01 1.010E+00  1.00E+00
2.985E-03 9.904E-01 1.010E+00  1.00E+00
2.818E-03 9.907E-01 1.009E+00  1.00E+00
2.661E-03 9.910E-01 1.009E+00  1.00E+00
2.512E-03 9.910E-01 1.009E+00  1.00E+00
2.371E-03 9.908E-01 1.009E+00  1.00E+00
2.239E-03 9.976E-01 1.002E+00  1.00E+00
2.113E-03 9.972E-01 1.003E+00  1.00E+00
1.995E-03 9.968E-01 1.003E+00  1.00E+00
1.884E-03 9.963E-01 1.004E+00  1.00E+00
1.778E-03 9.957E-01 1.004E+00  1.00E+00
1.679E-03 9.949E-01 1.005E+00  1.00E+00
1.585E-03 9.979E-01 1.002E+00  1.00E+00
1.496E-03 9.974E-01 1.003E+00  1.00E+00
1.413E-03 9.972E-01 1.003E+00  1.00E+00
1.334E-03 9.965E-01 1.004E+00  1.00E+00
1.259E-03 9.955E-01 1.005E+00  1.00E+00
1.189E-03 9.941E-01 1.006E+00  1.00E+00
1.122E-03 9.923E-01 1.008E+00  1.00E+00
1.059E-03 9.898E-01 1.010E+00  1.00E+00
1.000E-03 9.863E-01 1.014E+00  1.00E+00
