1.000E+03 3.068E-06 6.355E-16  0.00E+00
9.441E+02 3.443E-06 8.000E-16  0.00E+00
8.913E+02 3.863E-06 1.007E-15  0.00E+00
8.414E+02 4.335E-06 1.268E-15  0.00E+00
7.943E+02 4.865E-06 1.596E-15  0.00E+00
7.499E+02 5.459E-06 2.010E-15  0.00E+00
7.079E+02 6.126E-06 2.530E-15  0.00E+00
6.683E+02 6.874E-06 3.185E-15  0.00E+00
6.310E+02 7.713E-06 4.010E-15  0.00E+00
5.957E+02 8.655E-06 5.049E-15  0.00E+00
5.623E+02 9.713E-06 6.356E-15  0.00E+00
5.309E+02 1.090E-05 8.002E-15  0.00E+00
5.012E+02 1.223E-05 1.007E-14  0.00E+00
4.732E+02 1.373E-05 1.268E-14  0.00E+00
4.467E+02 1.541E-05 1.597E-14  0.00E+00
4.217E+02 1.730E-05 2.010E-14  0.00E+00
3.981E+02 1.941E-05 2.531E-14  0.00E+00
3.758E+02 2.179E-05 3.187E-14  0.00E+00
3.548E+02 2.445E-05 4.012E-14  0.00E+00
3.350E+02 2.746E-05 5.051E-14  0.00E+00
3.162E+02 3.083E-05 6.359E-14  0.00E+00
2.985E+02 3.462E-05 8.006E-14  0.00E+00
2.818E+02 3.887E-05 1.008E-13  0.00E+00
2.661E+02 4.364E-05 1.269E-13  0.00E+00
2.512E+02 4.901E-05 1.598E-13  0.00E+00
2.371E+02 5.505E-05 2.013E-13  0.00E+00
2.239E+02 6.185E-05 2.534E-13  0.00E+00
2.113E+02 6.950E-05 3.190E-13  0.00E+00
1.995E+02 7.810E-05 4.017E-13  0.00E+00
1.884E+02 8.775E-05 5.058E-13  0.00E+00
1.778E+02 9.862E-05 6.370E-13  0.00E+00
1.679E+02 1.109E-04 8.022E-13  0.00E+00
1.585E+02 1.247E-04 1.010E-12  0.00E+00
1.496E+02 1.402E-04 1.272E-12  0.00E+00
1.413E+02 1.578E-04 1.602E-12  0.00E+00
1.334E+02 1.776E-04 2.018E-12  5.47E-07
1.259E+02 1.999E-04 2.542E-12  6.11E-07
1.189E+02 2.251E-04 3.201E-12  6.83E-07
1.122E+02 2.535E-04 4.033E-12  7.63E-07
1.059E+02 2.858E-04 5.079E-12  8.51E-07
1.000E+02 3.222E-04 6.398E-12  9.47E-07
9.441E+01 3.636E-04 8.059E-12  1.05E-06
8.913E+01 4.104E-04 1.015E-11  1.17E-06
8.414E+01 4.634E-04 1.279E-11  1.30E-06
7.943E+01 5.237E-04 1.610E-11  1.44E-06
7.499E+01 5.914E-04 2.029E-11  1.60E-06
7.079E+01 6.689E-04 2.554E-11  1.77E-06
6.683E+01 7.568E-04 3.215E-11  1.95E-06
6.310E+01 8.562E-04 4.047E-11  2.14E-06
5.957E+01 9.684E-04 5.093E-11  2.35E-06
5.623E+01 1.096E-03 6.405E-11  2.58E-06
5.309E+01 1.239E-03 8.052E-11  2.81E-06
5.012E+01 1.399E-03 1.012E-10  3.07E-06
4.732E+01 1.580E-03 1.270E-10  3.34E-06
4.467E+01 1.784E-03 1.594E-10  3.62E-06
4.217E+01 2.012E-03 1.999E-10  3.92E-06
3.981E+01 2.264E-03 2.501E-10  4.24E-06
3.758E+01 2.543E-03 3.128E-10  4.59E-06
3.548E+01 2.841E-03 3.921E-10  4.98E-06
3.350E+01 3.180E-03 4.915E-10  5.38E-06
3.162E+01 3.583E-03 6.157E-10  5.79E-06
2.985E+01 4.046E-03 7.702E-10  6.22E-06
2.818E+01 4.561E-03 9.597E-10  6.67E-06
2.661E+01 5.155E-03 1.196E-09  7.13E-06
2.512E+01 5.843E-03 1.493E-09  7.62E-06
2.371E+01 6.607E-03 1.844E-09  8.14E-06
2.239E+01 7.500E-03 2.280E-09  8.68E-06
2.113E+01 8.535E-03 2.779E-09  9.23E-06
1.995E+01 9.767E-03 3.349E-09  9.79E-06
1.884E+01 1.086E-02 3.744E-09  1.05E-05
1.778E+01 1.091E-02 3.846E-09  1.19E-05
1.679E+01 9.924E-03 3.890E-09  1.38E-05
1.585E+01 8.486E-03 4.235E-09  1.63E-05
1.496E+01 7.197E-03 5.257E-09  1.95E-05
1.413E+01 6.482E-03 7.546E-09  2.37E-05
1.334E+01 7.744E-03 1.163E-08  2.77E-05
1.259E+01 1.023E-02 1.676E-08  3.00E-05
1.189E+01 1.359E-02 2.312E-08  3.06E-05
1.122E+01 1.767E-02 3.063E-08  3.04E-05
1.059E+01 2.333E-02 4.043E-08  2.95E-05
1.000E+01 2.832E-02 4.510E-08  3.03E-05
9.441E+00 3.162E-02 4.541E-08  3.23E-05
8.913E+00 2.352E-02 2.423E-08  3.80E-05
8.414E+00 1.520E-02 1.213E-08  4.51E-05
7.943E+00 7.054E-03 6.010E-09  5.33E-05
7.499E+00 3.132E-03 1.284E-08  6.38E-05
7.079E+00 2.464E-03 2.565E-08  7.49E-05
6.683E+00 2.439E-03 4.050E-08  8.63E-05
6.310E+00 2.423E-03 5.830E-08  9.87E-05
5.957E+00 2.367E-03 8.066E-08  1.12E-04
5.623E+00 2.329E-03 1.091E-07  1.27E-04
5.309E+00 2.326E-03 1.452E-07  1.44E-04
5.012E+00 2.356E-03 1.913E-07  1.63E-04
4.732E+00 2.414E-03 2.496E-07  1.85E-04
4.467E+00 2.491E-03 3.236E-07  2.08E-04
4.217E+00 2.584E-03 4.169E-07  2.35E-04
3.981E+00 2.678E-03 5.347E-07  2.64E-04
3.758E+00 2.772E-03 6.837E-07  2.97E-04
3.548E+00 2.873E-03 8.716E-07  3.34E-04
3.350E+00 2.976E-03 1.108E-06  3.76E-04
3.162E+00 3.068E-03 1.408E-06  4.23E-04
2.985E+00 3.172E-03 1.786E-06  4.75E-04
2.818E+00 3.288E-03 2.264E-06  5.34E-04
2.661E+00 3.412E-03 2.868E-06  6.00E-04
2.512E+00 3.547E-03 3.627E-06  6.74E-04
2.371E+00 3.695E-03 4.585E-06  7.56E-04
2.239E+00 3.850E-03 5.792E-06  8.49E-04
2.113E+00 4.017E-03 7.310E-06  9.53E-04
1.995E+00 4.196E-03 9.225E-06  1.07E-03
1.884E+00 4.386E-03 1.164E-05  1.20E-03
1.778E+00 4.590E-03 1.468E-05  1.35E-03
1.679E+00 4.816E-03 1.850E-05  1.51E-03
1.585E+00 5.064E-03 2.331E-05  1.70E-03
1.496E+00 5.324E-03 2.937E-05  1.90E-03
1.413E+00 5.597E-03 3.700E-05  2.14E-03
1.334E+00 5.885E-03 4.660E-05  2.40E-03
1.259E+00 6.191E-03 5.869E-05  2.69E-03
1.189E+00 6.535E-03 7.395E-05  3.02E-03
1.122E+00 6.902E-03 9.316E-05  3.39E-03
1.059E+00 7.293E-03 1.173E-04  3.80E-03
1.000E+00 7.710E-03 1.478E-04  4.26E-03
9.441E-01 8.157E-03 1.861E-04  4.78E-03
8.913E-01 8.632E-03 2.344E-04  5.36E-03
8.414E-01 9.134E-03 2.953E-04  6.02E-03
7.943E-01 9.665E-03 3.723E-04  6.75E-03
7.499E-01 1.023E-02 4.694E-04  7.57E-03
7.079E-01 1.083E-02 5.920E-04  8.49E-03
6.683E-01 1.147E-02 7.468E-04  9.53E-03
6.310E-01 1.215E-02 9.427E-04  1.07E-02
5.957E-01 1.289E-02 1.191E-03  1.20E-02
5.623E-01 1.368E-02 1.505E-03  1.35E-02
5.309E-01 1.452E-02 1.904E-03  1.51E-02
5.012E-01 1.543E-02 2.410E-03  1.69E-02
4.732E-01 1.640E-02 3.053E-03  1.90E-02
4.467E-01 1.744E-02 3.872E-03  2.13E-02
4.217E-01 1.855E-02 4.920E-03  2.40E-02
3.981E-01 1.974E-02 6.257E-03  2.69E-02
3.758E-01 2.100E-02 7.974E-03  3.02E-02
3.548E-01 2.235E-02 1.019E-02  3.40E-02
3.350E-01 2.380E-02 1.304E-02  3.82E-02
3.162E-01 2.534E-02 1.674E-02  4.29E-02
2.985E-01 2.699E-02 2.157E-02  4.83E-02
2.818E-01 2.876E-02 2.791E-02  5.44E-02
2.661E-01 3.062E-02 3.631E-02  6.14E-02
2.512E-01 3.258E-02 4.755E-02  6.94E-02
2.371E-01 3.308E-02 6.293E-02  7.87E-02
2.239E-01 3.770E-02 8.489E-02  8.97E-02
2.113E-01 5.674E-02 1.154E-01  1.03E-01
1.995E-01 8.478E-02 1.574E-01  1.18E-01
1.884E-01 1.336E-01 2.179E-01  1.38E-01
1.778E-01 2.224E-01 3.021E-01  1.62E-01
1.679E-01 3.542E-01 4.201E-01  1.94E-01
1.585E-01 5.829E-01 6.054E-01  2.39E-01
1.496E-01 1.200E+00 8.395E-01  2.68E-01
1.413E-01 1.405E+00 6.919E-01  2.39E-01
1.334E-01 1.389E+00 7.699E-01  2.80E-01
1.259E-01 1.464E+00 8.530E-01  3.12E-01
1.189E-01 1.567E+00 9.222E-01  3.32E-01
1.122E-01 1.589E+00 9.419E-01  3.62E-01
1.059E-01 1.628E+00 1.009E+00  3.87E-01
1.000E-01 1.633E+00 9.705E-01  4.21E-01
9.441E-02 1.631E+00 9.447E-01  4.63E-01
8.913E-02 1.602E+00 8.805E-01  5.06E-01
8.414E-02 1.600E+00 9.217E-01  5.45E-01
7.943E-02 1.582E+00 9.555E-01  5.72E-01
7.499E-02 1.528E+00 9.712E-01  5.89E-01
7.079E-02 1.441E+00 9.658E-01  6.04E-01
6.683E-02 1.318E+00 9.561E-01  6.15E-01
6.310E-02 1.127E+00 9.128E-01  6.24E-01
5.957E-02 9.120E-01 7.426E-01  6.50E-01
5.623E-02 8.908E-01 5.509E-01  7.02E-01
5.309E-02 8.845E-01 4.919E-01  7.36E-01
5.012E-02 8.750E-01 4.579E-01  7.64E-01
4.732E-02 8.626E-01 4.373E-01  7.86E-01
4.467E-02 8.484E-01 4.239E-01  8.05E-01
4.217E-02 8.325E-01 4.143E-01  8.22E-01
3.981E-02 8.153E-01 4.068E-01  8.36E-01
3.758E-02 7.970E-01 4.000E-01  8.50E-01
3.548E-02 7.779E-01 3.935E-01  8.63E-01
3.350E-02 7.583E-01 3.867E-01  8.76E-01
3.162E-02 7.375E-01 3.791E-01  8.88E-01
2.985E-02 7.162E-01 3.710E-01  8.98E-01
2.818E-02 6.936E-01 3.616E-01  9.06E-01
2.661E-02 6.711E-01 3.508E-01  9.14E-01
2.512E-02 6.476E-01 3.375E-01  9.22E-01
2.371E-02 6.242E-01 3.200E-01  9.30E-01
2.239E-02 6.144E-01 3.061E-01  9.37E-01
2.113E-02 5.963E-01 2.941E-01  9.42E-01
1.995E-02 5.794E-01 2.750E-01  9.47E-01
1.884E-02 5.950E-01 2.686E-01  9.53E-01
1.778E-02 5.731E-01 2.707E-01  9.57E-01
1.679E-02 5.538E-01 2.630E-01  9.61E-01
1.585E-02 5.353E-01 2.526E-01  9.64E-01
1.496E-02 5.165E-01 2.410E-01  9.68E-01
1.413E-02 4.971E-01 2.269E-01  9.71E-01
1.334E-02 4.941E-01 2.099E-01  9.74E-01
1.259E-02 4.866E-01 2.080E-01  9.76E-01
1.189E-02 4.638E-01 2.022E-01  9.78E-01
1.122E-02 4.408E-01 1.804E-01  9.80E-01
1.059E-02 5.062E-01 1.658E-01  9.82E-01
1.000E-02 4.797E-01 1.927E-01  9.84E-01
9.441E-03 4.539E-01 1.935E-01  9.85E-01
8.913E-03 4.278E-01 1.879E-01  9.87E-01
8.414E-03 4.015E-01 1.795E-01  9.88E-01
7.943E-03 3.753E-01 1.691E-01  9.89E-01
7.499E-03 3.498E-01 1.540E-01  9.90E-01
7.079E-03 3.482E-01 1.528E-01  9.91E-01
6.683E-03 3.230E-01 1.461E-01  9.92E-01
6.310E-03 2.985E-01 1.376E-01  9.93E-01
5.957E-03 2.752E-01 1.286E-01  9.93E-01
5.623E-03 2.524E-01 1.194E-01  9.94E-01
5.309E-03 2.309E-01 1.102E-01  9.95E-01
5.012E-03 2.108E-01 1.013E-01  9.95E-01
4.732E-03 1.917E-01 9.269E-02  9.96E-01
4.467E-03 1.739E-01 8.448E-02  9.96E-01
4.217E-03 1.572E-01 7.669E-02  9.96E-01
3.981E-03 1.417E-01 6.935E-02  9.97E-01
3.758E-03 1.273E-01 6.244E-02  9.97E-01
3.548E-03 1.140E-01 5.591E-02  9.97E-01
3.350E-03 1.018E-01 4.983E-02  9.98E-01
3.162E-03 9.068E-02 4.419E-02  9.98E-01
2.985E-03 8.072E-02 3.906E-02  9.98E-01
2.818E-03 7.127E-02 3.395E-02  9.98E-01
2.661E-03 6.251E-02 2.905E-02  9.98E-01
2.512E-03 5.497E-02 2.370E-02  9.99E-01
2.371E-03 4.826E-02 1.401E-02  9.99E-01
2.239E-03 1.103E-01 1.941E-02  9.99E-01
2.113E-03 9.914E-02 1.995E-02  9.99E-01
1.995E-03 8.838E-02 1.915E-02  9.99E-01
1.884E-03 7.835E-02 1.724E-02  9.99E-01
1.778E-03 6.908E-02 1.478E-02  9.99E-01
1.679E-03 6.062E-02 9.185E-03  9.99E-01
1.585E-03 9.513E-02 1.409E-02  9.99E-01
1.496E-03 8.375E-02 1.320E-02  9.99E-01
1.413E-03 8.144E-02 1.349E-02  9.99E-01
1.334E-03 7.174E-02 1.278E-02  1.00E+00
1.259E-03 6.298E-02 1.180E-02  1.00E+00
1.189E-03 5.513E-02 1.080E-02  1.00E+00
1.122E-03 4.787E-02 9.783E-03  1.00E+00
1.059E-03 4.147E-02 8.770E-03  1.00E+00
1.000E-03 3.576E-02 7.693E-03  1.00E+00
