1.000E+03 4.339E-04 2.531E-07  2.00E-04
9.441E+02 4.870E-04 3.186E-07  2.24E-04
8.913E+02 5.466E-04 4.011E-07  2.52E-04
8.414E+02 6.135E-04 5.050E-07  2.82E-04
7.943E+02 6.885E-04 6.358E-07  3.17E-04
7.499E+02 7.728E-04 8.005E-07  3.56E-04
7.079E+02 8.675E-04 1.008E-06  3.99E-04
6.683E+02 9.737E-04 1.269E-06  4.48E-04
6.310E+02 1.093E-03 1.598E-06  5.02E-04
5.957E+02 1.227E-03 2.012E-06  5.63E-04
5.623E+02 1.377E-03 2.533E-06  6.32E-04
5.309E+02 1.546E-03 3.190E-06  7.09E-04
5.012E+02 1.736E-03 4.016E-06  7.95E-04
4.732E+02 1.950E-03 5.057E-06  8.92E-04
4.467E+02 2.190E-03 6.367E-06  1.00E-03
4.217E+02 2.461E-03 8.018E-06  1.12E-03
3.981E+02 2.764E-03 1.010E-05  1.26E-03
3.758E+02 3.105E-03 1.272E-05  1.41E-03
3.548E+02 3.489E-03 1.602E-05  1.58E-03
3.350E+02 3.922E-03 2.017E-05  1.78E-03
3.162E+02 4.410E-03 2.540E-05  1.99E-03
2.985E+02 4.959E-03 3.199E-05  2.24E-03
2.818E+02 5.578E-03 4.030E-05  2.51E-03
2.661E+02 6.275E-03 5.078E-05  2.81E-03
2.512E+02 7.061E-03 6.397E-05  3.15E-03
2.371E+02 7.951E-03 8.060E-05  3.53E-03
2.239E+02 8.957E-03 1.016E-04  3.96E-03
2.113E+02 1.010E-02 1.280E-04  4.44E-03
1.995E+02 1.138E-02 1.613E-04  4.98E-03
1.884E+02 1.284E-02 2.033E-04  5.58E-03
1.778E+02 1.449E-02 2.563E-04  6.25E-03
1.679E+02 1.636E-02 3.232E-04  7.00E-03
1.585E+02 1.850E-02 4.076E-04  7.84E-03
1.496E+02 2.093E-02 5.141E-04  8.78E-03
1.413E+02 2.371E-02 6.486E-04  9.82E-03
1.334E+02 2.688E-02 8.186E-04  1.10E-02
1.259E+02 3.051E-02 1.033E-03  1.23E-02
1.189E+02 3.467E-02 1.305E-03  1.37E-02
1.122E+02 3.944E-02 1.649E-03  1.53E-02
1.059E+02 4.496E-02 2.083E-03  1.71E-02
1.000E+02 5.133E-02 2.633E-03  1.91E-02
9.441E+01 5.872E-02 3.330E-03  2.13E-02
8.913E+01 6.728E-02 4.213E-03  2.37E-02
8.414E+01 7.725E-02 5.333E-03  2.63E-02
7.943E+01 8.889E-02 6.754E-03  2.92E-02
7.499E+01 1.024E-01 8.560E-03  3.23E-02
7.079E+01 1.183E-01 1.085E-02  3.57E-02
6.683E+01 1.370E-01 1.376E-02  3.93E-02
6.310E+01 1.588E-01 1.747E-02  4.32E-02
5.957E+01 1.843E-01 2.217E-02  4.72E-02
5.623E+01 2.143E-01 2.816E-02  5.15E-02
5.309E+01 2.492E-01 3.576E-02  5.60E-02
5.012E+01 2.898E-01 4.543E-02  6.07E-02
4.732E+01 3.371E-01 5.770E-02  6.55E-02
4.467E+01 3.920E-01 7.326E-02  7.05E-02
4.217E+01 4.554E-01 9.293E-02  7.56E-02
3.981E+01 5.270E-01 1.175E-01  8.08E-02
3.758E+01 6.080E-01 1.483E-01  8.64E-02
3.548E+01 6.992E-01 1.874E-01  9.26E-02
3.350E+01 8.025E-01 2.359E-01  9.90E-02
3.162E+01 9.191E-01 2.950E-01  1.05E-01
2.985E+01 1.045E+00 3.651E-01  1.12E-01
2.818E+01 1.174E+00 4.449E-01  1.20E-01
2.661E+01 1.303E+00 5.342E-01  1.28E-01
2.512E+01 1.428E+00 6.301E-01  1.38E-01
2.371E+01 1.531E+00 7.198E-01  1.50E-01
2.239E+01 1.615E+00 8.019E-01  1.65E-01
2.113E+01 1.666E+00 8.568E-01  1.83E-01
1.995E+01 1.688E+00 8.802E-01  2.04E-01
1.884E+01 1.657E+00 8.340E-01  2.34E-01
1.778E+01 1.581E+00 7.664E-01  2.74E-01
1.679E+01 1.490E+00 7.384E-01  3.23E-01
1.585E+01 1.421E+00 7.975E-01  3.82E-01
1.496E+01 1.413E+00 9.866E-01  4.45E-01
1.413E+01 1.488E+00 1.334E+00  4.86E-01
1.334E+01 1.568E+00 1.455E+00  4.88E-01
1.259E+01 1.616E+00 1.372E+00  5.15E-01
1.189E+01 1.639E+00 1.306E+00  5.50E-01
1.122E+01 1.640E+00 1.262E+00  5.81E-01
1.059E+01 1.622E+00 1.212E+00  6.04E-01
1.000E+01 1.577E+00 1.089E+00  6.31E-01
9.441E+00 1.492E+00 9.365E-01  6.54E-01
8.913E+00 1.307E+00 6.332E-01  6.93E-01
8.414E+00 1.138E+00 4.300E-01  7.34E-01
7.943E+00 8.225E-01 3.304E-01  7.60E-01
7.499E+00 5.621E-01 9.162E-01  7.59E-01
7.079E+00 5.574E-01 1.736E+00  7.78E-01
6.683E+00 5.964E-01 2.314E+00  7.77E-01
6.310E+00 6.270E-01 2.659E+00  7.67E-01
5.957E+00 6.819E-01 3.017E+00  7.70E-01
5.623E+00 6.800E-01 3.228E+00  7.72E-01
5.309E+00 6.765E-01 3.099E+00  7.56E-01
5.012E+00 7.686E-01 3.047E+00  7.35E-01
4.732E+00 7.503E-01 2.900E+00  7.27E-01
4.467E+00 7.498E-01 2.412E+00  6.93E-01
4.217E+00 8.742E-01 2.172E+00  6.63E-01
3.981E+00 7.937E-01 1.836E+00  6.29E-01
3.758E+00 8.848E-01 1.448E+00  5.66E-01
3.548E+00 8.663E-01 1.363E+00  5.85E-01
3.350E+00 8.797E-01 1.177E+00  5.63E-01
3.162E+00 8.903E-01 1.308E+00  6.47E-01
2.985E+00 9.063E-01 1.375E+00  7.10E-01
2.818E+00 8.989E-01 1.666E+00  7.69E-01
2.661E+00 9.055E-01 1.771E+00  8.28E-01
2.512E+00 8.838E-01 1.921E+00  8.41E-01
2.371E+00 8.961E-01 1.913E+00  8.51E-01
2.239E+00 8.814E-01 1.740E+00  8.49E-01
2.113E+00 8.868E-01 1.533E+00  8.29E-01
1.995E+00 8.846E-01 1.368E+00  8.10E-01
1.884E+00 8.953E-01 1.312E+00  8.01E-01
1.778E+00 9.124E-01 1.376E+00  8.22E-01
1.679E+00 9.263E-01 1.510E+00  8.45E-01
1.585E+00 9.356E-01 1.595E+00  8.59E-01
1.496E+00 9.425E-01 1.544E+00  8.64E-01
1.413E+00 9.460E-01 1.389E+00  8.62E-01
1.334E+00 9.449E-01 1.268E+00  8.61E-01
1.259E+00 9.476E-01 1.281E+00  8.73E-01
1.189E+00 9.607E-01 1.383E+00  8.90E-01
1.122E+00 9.624E-01 1.412E+00  8.95E-01
1.059E+00 9.654E-01 1.296E+00  8.90E-01
1.000E+00 9.697E-01 1.228E+00  8.88E-01
9.441E-01 9.803E-01 1.280E+00  8.99E-01
8.913E-01 9.792E-01 1.315E+00  9.08E-01
8.414E-01 9.802E-01 1.236E+00  9.06E-01
7.943E-01 9.826E-01 1.213E+00  9.09E-01
7.499E-01 9.836E-01 1.266E+00  9.15E-01
7.079E-01 9.861E-01 1.219E+00  9.15E-01
6.683E-01 9.875E-01 1.199E+00  9.17E-01
6.310E-01 9.853E-01 1.231E+00  9.21E-01
5.957E-01 9.852E-01 1.186E+00  9.21E-01
5.623E-01 9.838E-01 1.208E+00  9.24E-01
5.309E-01 9.818E-01 1.185E+00  9.24E-01
5.012E-01 9.793E-01 1.194E+00  9.26E-01
4.732E-01 9.763E-01 1.178E+00  9.25E-01
4.467E-01 9.735E-01 1.188E+00  9.27E-01
4.217E-01 9.701E-01 1.174E+00  9.26E-01
3.981E-01 9.665E-01 1.177E+00  9.27E-01
3.758E-01 9.627E-01 1.179E+00  9.27E-01
3.548E-01 9.587E-01 1.174E+00  9.27E-01
3.350E-01 9.546E-01 1.172E+00  9.26E-01
3.162E-01 9.503E-01 1.171E+00  9.26E-01
2.985E-01 9.459E-01 1.171E+00  9.25E-01
2.818E-01 9.413E-01 1.173E+00  9.24E-01
2.661E-01 9.364E-01 1.174E+00  9.23E-01
2.512E-01 9.312E-01 1.174E+00  9.21E-01
2.371E-01 9.253E-01 1.177E+00  9.19E-01
2.239E-01 9.184E-01 1.180E+00  9.16E-01
2.113E-01 9.107E-01 1.184E+00  9.12E-01
1.995E-01 9.027E-01 1.188E+00  9.07E-01
1.884E-01 8.933E-01 1.194E+00  9.01E-01
1.778E-01 8.830E-01 1.201E+00  8.95E-01
1.679E-01 8.713E-01 1.210E+00  8.87E-01
1.585E-01 8.543E-01 1.225E+00  8.75E-01
1.496E-01 8.269E-01 1.251E+00  8.55E-01
1.413E-01 8.405E-01 1.235E+00  8.70E-01
1.334E-01 8.473E-01 1.225E+00  8.76E-01
1.259E-01 8.449E-01 1.225E+00  8.76E-01
1.189E-01 8.334E-01 1.234E+00  8.70E-01
1.122E-01 8.303E-01 1.235E+00  8.70E-01
1.059E-01 8.123E-01 1.251E+00  8.58E-01
1.000E-01 8.023E-01 1.259E+00  8.55E-01
9.441E-02 7.969E-01 1.262E+00  8.55E-01
8.913E-02 8.018E-01 1.253E+00  8.63E-01
8.414E-02 7.978E-01 1.255E+00  8.62E-01
7.943E-02 7.806E-01 1.270E+00  8.53E-01
7.499E-02 7.604E-01 1.288E+00  8.45E-01
7.079E-02 7.448E-01 1.301E+00  8.40E-01
6.683E-02 7.256E-01 1.317E+00  8.35E-01
6.310E-02 7.067E-01 1.332E+00  8.33E-01
5.957E-02 7.319E-01 1.303E+00  8.62E-01
5.623E-02 8.093E-01 1.222E+00  9.12E-01
5.309E-02 8.396E-01 1.190E+00  9.30E-01
5.012E-02 8.589E-01 1.169E+00  9.42E-01
4.732E-02 8.722E-01 1.154E+00  9.50E-01
4.467E-02 8.820E-01 1.143E+00  9.56E-01
4.217E-02 8.897E-01 1.134E+00  9.61E-01
3.981E-02 8.960E-01 1.127E+00  9.65E-01
3.758E-02 9.015E-01 1.120E+00  9.68E-01
3.548E-02 9.064E-01 1.114E+00  9.71E-01
3.350E-02 9.109E-01 1.108E+00  9.74E-01
3.162E-02 9.152E-01 1.103E+00  9.77E-01
2.985E-02 9.194E-01 1.098E+00  9.79E-01
2.818E-02 9.235E-01 1.093E+00  9.81E-01
2.661E-02 9.276E-01 1.087E+00  9.83E-01
2.512E-02 9.320E-01 1.082E+00  9.85E-01
2.371E-02 9.369E-01 1.076E+00  9.87E-01
2.239E-02 9.421E-01 1.070E+00  9.89E-01
2.113E-02 9.460E-01 1.066E+00  9.91E-01
1.995E-02 9.510E-01 1.060E+00  9.92E-01
1.884E-02 9.548E-01 1.045E+00  9.93E-01
1.778E-02 9.556E-01 1.044E+00  9.94E-01
1.679E-02 9.580E-01 1.042E+00  9.94E-01
1.585E-02 9.607E-01 1.039E+00  9.95E-01
1.496E-02 9.635E-01 1.037E+00  9.96E-01
1.413E-02 9.664E-01 1.034E+00  9.96E-01
1.334E-02 9.703E-01 1.030E+00  9.97E-01
1.259E-02 9.718E-01 1.028E+00  9.97E-01
1.189E-02 9.731E-01 1.027E+00  9.98E-01
1.122E-02 9.762E-01 1.024E+00  9.98E-01
1.059E-02 9.816E-01 1.018E+00  9.99E-01
1.000E-02 9.788E-01 1.021E+00  9.98E-01
9.441E-03 9.790E-01 1.021E+00  9.99E-01
8.913E-03 9.798E-01 1.020E+00  9.99E-01
8.414E-03 9.809E-01 1.019E+00  9.99E-01
7.943E-03 9.821E-01 1.018E+00  9.99E-01
7.499E-03 9.837E-01 1.016E+00  9.99E-01
7.079E-03 9.847E-01 1.015E+00  9.99E-01
6.683E-03 9.855E-01 1.015E+00  9.99E-01
6.310E-03 9.864E-01 1.014E+00  9.99E-01
5.957E-03 9.873E-01 1.013E+00  1.00E+00
5.623E-03 9.881E-01 1.012E+00  1.00E+00
5.309E-03 9.887E-01 1.011E+00  1.00E+00
5.012E-03 9.891E-01 1.011E+00  1.00E+00
4.732E-03 9.893E-01 1.011E+00  1.00E+00
4.467E-03 9.894E-01 1.011E+00  1.00E+00
4.217E-03 9.894E-01 1.011E+00  1.00E+00
3.981E-03 9.892E-01 1.011E+00  1.00E+00
3.758E-03 9.890E-01 1.011E+00  1.00E+00
3.548E-03 9.886E-01 1.011E+00  1.00E+00
3.350E-03 9.882E-01 1.012E+00  1.00E+00
3.162E-03 9.876E-01 1.012E+00  1.00E+00
2.985E-03 9.868E-01 1.013E+00  1.00E+00
2.818E-03 9.859E-01 1.014E+00  1.00E+00
2.661E-03 9.846E-01 1.015E+00  1.00E+00
2.512E-03 9.825E-01 1.017E+00  1.00E+00
2.371E-03 9.797E-01 1.020E+00  1.00E+00
2.239E-03 9.951E-01 1.005E+00  1.00E+00
2.113E-03 9.942E-01 1.006E+00  1.00E+00
1.995E-03 9.932E-01 1.007E+00  1.00E+00
1.884E-03 9.919E-01 1.008E+00  1.00E+00
1.778E-03 9.901E-01 1.010E+00  1.00E+00
1.679E-03 9.878E-01 1.012E+00  1.00E+00
1.585E-03 9.949E-01 1.005E+00  1.00E+00
1.496E-03 9.935E-01 1.006E+00  1.00E+00
1.413E-03 9.932E-01 1.007E+00  1.00E+00
1.334E-03 9.914E-01 1.009E+00  1.00E+00
1.259E-03 9.889E-01 1.011E+00  1.00E+00
1.189E-03 9.856E-01 1.014E+00  1.00E+00
1.122E-03 9.810E-01 1.019E+00  1.00E+00
1.059E-03 9.748E-01 1.025E+00  1.00E+00
1.000E-03 9.662E-01 1.034E+00  1.00E+00
