1.000E+03 9.703E-07 6.355E-18  0.00E+00
9.441E+02 1.089E-06 8.000E-18  0.00E+00
8.913E+02 1.222E-06 1.007E-17  0.00E+00
8.414E+02 1.371E-06 1.268E-17  0.00E+00
7.943E+02 1.538E-06 1.596E-17  0.00E+00
7.499E+02 1.726E-06 2.010E-17  0.00E+00
7.079E+02 1.937E-06 2.530E-17  0.00E+00
6.683E+02 2.174E-06 3.185E-17  0.00E+00
6.310E+02 2.439E-06 4.010E-17  0.00E+00
5.957E+02 2.737E-06 5.049E-17  0.00E+00
5.623E+02 3.071E-06 6.356E-17  0.00E+00
5.309E+02 3.447E-06 8.002E-17  0.00E+00
5.012E+02 3.868E-06 1.007E-16  0.00E+00
4.732E+02 4.341E-06 1.268E-16  0.00E+00
4.467E+02 4.873E-06 1.597E-16  0.00E+00
4.217E+02 5.470E-06 2.010E-16  0.00E+00
3.981E+02 6.139E-06 2.531E-16  0.00E+00
3.758E+02 6.890E-06 3.187E-16  0.00E+00
3.548E+02 7.733E-06 4.012E-16  0.00E+00
3.350E+02 8.683E-06 5.051E-16  0.00E+00
3.162E+02 9.750E-06 6.359E-16  0.00E+00
2.985E+02 1.095E-05 8.006E-16  0.00E+00
2.818E+02 1.229E-05 1.008E-15  0.00E+00
2.661E+02 1.380E-05 1.269E-15  0.00E+00
2.512E+02 1.550E-05 1.598E-15  0.00E+00
2.371E+02 1.741E-05 2.013E-15  0.00E+00
2.239E+02 1.956E-05 2.534E-15  0.00E+00
2.113E+02 2.198E-05 3.190E-15  0.00E+00
1.995E+02 2.470E-05 4.017E-15  0.00E+00
1.884E+02 2.775E-05 5.058E-15  0.00E+00
1.778E+02 3.118E-05 6.370E-15  0.00E+00
1.679E+02 3.506E-05 8.022E-15  0.00E+00
1.585E+02 3.942E-05 1.010E-14  0.00E+00
1.496E+02 4.435E-05 1.272E-14  0.00E+00
1.413E+02 4.990E-05 1.602E-14  0.00E+00
1.334E+02 5.616E-05 2.018E-14  0.00E+00
1.259E+02 6.322E-05 2.542E-14  0.00E+00
1.189E+02 7.118E-05 3.201E-14  0.00E+00
1.122E+02 8.016E-05 4.033E-14  0.00E+00
1.059E+02 9.037E-05 5.079E-14  0.00E+00
1.000E+02 1.019E-04 6.398E-14  0.00E+00
9.441E+01 1.150E-04 8.059E-14  0.00E+00
8.913E+01 1.298E-04 1.015E-13  0.00E+00
8.414E+01 1.465E-04 1.279E-13  0.00E+00
7.943E+01 1.656E-04 1.610E-13  0.00E+00
7.499E+01 1.870E-04 2.028E-13  0.00E+00
7.079E+01 2.115E-04 2.554E-13  0.00E+00
6.683E+01 2.393E-04 3.215E-13  0.00E+00
6.310E+01 2.707E-04 4.047E-13  0.00E+00
5.957E+01 3.062E-04 5.093E-13  0.00E+00
5.623E+01 3.464E-04 6.405E-13  0.00E+00
5.309E+01 3.917E-04 8.052E-13  0.00E+00
5.012E+01 4.425E-04 1.012E-12  0.00E+00
4.732E+01 4.997E-04 1.270E-12  0.00E+00
4.467E+01 5.640E-04 1.594E-12  0.00E+00
4.217E+01 6.361E-04 1.999E-12  3.92E-07
3.981E+01 7.160E-04 2.501E-12  4.24E-07
3.758E+01 8.041E-04 3.128E-12  4.59E-07
3.548E+01 8.984E-04 3.921E-12  4.97E-07
3.350E+01 1.006E-03 4.915E-12  5.38E-07
3.162E+01 1.133E-03 6.157E-12  5.79E-07
2.985E+01 1.279E-03 7.701E-12  6.22E-07
2.818E+01 1.442E-03 9.597E-12  6.67E-07
2.661E+01 1.630E-03 1.196E-11  7.13E-07
2.512E+01 1.848E-03 1.493E-11  7.62E-07
2.371E+01 2.089E-03 1.844E-11  8.14E-07
2.239E+01 2.372E-03 2.280E-11  8.68E-07
2.113E+01 2.699E-03 2.779E-11  9.23E-07
1.995E+01 3.089E-03 3.349E-11  9.79E-07
1.884E+01 3.434E-03 3.744E-11  1.05E-06
1.778E+01 3.448E-03 3.846E-11  1.19E-06
1.679E+01 3.138E-03 3.890E-11  1.38E-06
1.585E+01 2.683E-03 4.235E-11  1.63E-06
1.496E+01 2.276E-03 5.257E-11  1.95E-06
1.413E+01 2.049E-03 7.545E-11  2.37E-06
1.334E+01 2.449E-03 1.163E-10  2.77E-06
1.259E+01 3.234E-03 1.676E-10  3.00E-06
1.189E+01 4.297E-03 2.312E-10  3.06E-06
1.122E+01 5.586E-03 3.063E-10  3.04E-06
1.059E+01 7.376E-03 4.042E-10  2.95E-06
1.000E+01 8.954E-03 4.510E-10  3.03E-06
9.441E+00 9.997E-03 4.541E-10  3.23E-06
8.913E+00 7.437E-03 2.424E-10  3.80E-06
8.414E+00 4.805E-03 1.213E-10  4.51E-06
7.943E+00 2.231E-03 6.010E-11  5.33E-06
7.499E+00 9.904E-04 1.284E-10  6.38E-06
7.079E+00 7.790E-04 2.565E-10  7.49E-06
6.683E+00 7.710E-04 4.050E-10  8.63E-06
6.310E+00 7.661E-04 5.830E-10  9.87E-06
5.957E+00 7.484E-04 8.066E-10  1.12E-05
5.623E+00 7.361E-04 1.091E-09  1.27E-05
5.309E+00 7.352E-04 1.452E-09  1.44E-05
5.012E+00 7.446E-04 1.913E-09  1.63E-05
4.732E+00 7.630E-04 2.496E-09  1.85E-05
4.467E+00 7.872E-04 3.235E-09  2.08E-05
4.217E+00 8.166E-04 4.168E-09  2.35E-05
3.981E+00 8.463E-04 5.346E-09  2.64E-05
3.758E+00 8.759E-04 6.835E-09  2.97E-05
3.548E+00 9.076E-04 8.714E-09  3.35E-05
3.350E+00 9.400E-04 1.108E-08  3.76E-05
3.162E+00 9.690E-04 1.407E-08  4.23E-05
2.985E+00 1.002E-03 1.785E-08  4.75E-05
2.818E+00 1.038E-03 2.263E-08  5.34E-05
2.661E+00 1.077E-03 2.866E-08  6.00E-05
2.512E+00 1.119E-03 3.625E-08  6.74E-05
2.371E+00 1.166E-03 4.582E-08  7.57E-05
2.239E+00 1.214E-03 5.788E-08  8.50E-05
2.113E+00 1.267E-03 7.304E-08  9.54E-05
1.995E+00 1.323E-03 9.217E-08  1.07E-04
1.884E+00 1.382E-03 1.163E-07  1.20E-04
1.778E+00 1.445E-03 1.466E-07  1.35E-04
1.679E+00 1.516E-03 1.848E-07  1.51E-04
1.585E+00 1.593E-03 2.328E-07  1.70E-04
1.496E+00 1.674E-03 2.932E-07  1.91E-04
1.413E+00 1.758E-03 3.693E-07  2.14E-04
1.334E+00 1.847E-03 4.651E-07  2.40E-04
1.259E+00 1.942E-03 5.856E-07  2.69E-04
1.189E+00 2.047E-03 7.377E-07  3.02E-04
1.122E+00 2.160E-03 9.290E-07  3.39E-04
1.059E+00 2.280E-03 1.170E-06  3.80E-04
1.000E+00 2.407E-03 1.472E-06  4.27E-04
9.441E-01 2.542E-03 1.853E-06  4.79E-04
8.913E-01 2.685E-03 2.333E-06  5.37E-04
8.414E-01 2.836E-03 2.939E-06  6.03E-04
7.943E-01 2.994E-03 3.702E-06  6.77E-04
7.499E-01 3.161E-03 4.665E-06  7.59E-04
7.079E-01 3.336E-03 5.880E-06  8.52E-04
6.683E-01 3.522E-03 7.411E-06  9.56E-04
6.310E-01 3.721E-03 9.347E-06  1.07E-03
5.957E-01 3.931E-03 1.180E-05  1.20E-03
5.623E-01 4.153E-03 1.489E-05  1.35E-03
5.309E-01 4.387E-03 1.881E-05  1.52E-03
5.012E-01 4.635E-03 2.377E-05  1.70E-03
4.732E-01 4.896E-03 3.007E-05  1.91E-03
4.467E-01 5.170E-03 3.807E-05  2.15E-03
4.217E-01 5.458E-03 4.827E-05  2.42E-03
3.981E-01 5.759E-03 6.125E-05  2.72E-03
3.758E-01 6.064E-03 7.786E-05  3.05E-03
3.548E-01 6.384E-03 9.916E-05  3.43E-03
3.350E-01 6.713E-03 1.265E-04  3.86E-03
3.162E-01 7.051E-03 1.618E-04  4.35E-03
2.985E-01 7.391E-03 2.076E-04  4.90E-03
2.818E-01 7.733E-03 2.672E-04  5.52E-03
2.661E-01 8.065E-03 3.457E-04  6.24E-03
2.512E-01 8.378E-03 4.495E-04  7.05E-03
2.371E-01 8.270E-03 5.898E-04  7.99E-03
2.239E-01 9.103E-03 7.870E-04  9.10E-03
2.113E-01 1.317E-02 1.058E-03  1.04E-02
1.995E-01 1.879E-02 1.426E-03  1.19E-02
1.884E-01 2.799E-02 1.952E-03  1.37E-02
1.778E-01 4.369E-02 2.689E-03  1.58E-02
1.679E-01 6.439E-02 3.736E-03  1.82E-02
1.585E-01 9.446E-02 5.410E-03  2.14E-02
1.496E-01 1.943E-01 8.391E-03  2.42E-02
1.413E-01 3.429E-01 9.367E-03  2.17E-02
1.334E-01 3.287E-01 1.098E-02  2.49E-02
1.259E-01 3.673E-01 1.393E-02  2.75E-02
1.189E-01 4.637E-01 1.905E-02  2.92E-02
1.122E-01 5.412E-01 2.418E-02  3.14E-02
1.059E-01 6.701E-01 3.475E-02  3.31E-02
1.000E-01 8.455E-01 4.550E-02  3.34E-02
9.441E-02 9.879E-01 5.676E-02  3.52E-02
8.913E-02 1.075E+00 6.289E-02  3.84E-02
8.414E-02 1.153E+00 7.932E-02  4.30E-02
7.943E-02 1.313E+00 1.043E-01  4.62E-02
7.499E-02 1.440E+00 1.296E-01  5.04E-02
7.079E-02 1.448E+00 1.455E-01  5.71E-02
6.683E-02 1.341E+00 1.518E-01  6.60E-02
6.310E-02 1.065E+00 1.343E-01  7.69E-02
5.957E-02 6.956E-01 8.411E-02  8.87E-02
5.623E-02 5.914E-01 5.560E-02  1.02E-01
5.309E-02 5.612E-01 5.017E-02  1.16E-01
5.012E-02 5.387E-01 4.792E-02  1.32E-01
4.732E-02 5.194E-01 4.721E-02  1.50E-01
4.467E-02 5.017E-01 4.724E-02  1.70E-01
4.217E-02 4.842E-01 4.754E-02  1.92E-01
3.981E-02 4.667E-01 4.790E-02  2.17E-01
3.758E-02 4.489E-01 4.811E-02  2.45E-01
3.548E-02 4.308E-01 4.813E-02  2.75E-01
3.350E-02 4.125E-01 4.785E-02  3.08E-01
3.162E-02 3.937E-01 4.721E-02  3.44E-01
2.985E-02 3.750E-01 4.626E-02  3.82E-01
2.818E-02 3.559E-01 4.491E-02  4.23E-01
2.661E-02 3.372E-01 4.322E-02  4.66E-01
2.512E-02 3.182E-01 4.109E-02  5.11E-01
2.371E-02 2.995E-01 3.836E-02  5.56E-01
2.239E-02 2.910E-01 3.657E-02  6.01E-01
2.113E-02 2.775E-01 3.478E-02  6.44E-01
1.995E-02 2.646E-01 3.213E-02  6.83E-01
1.884E-02 2.734E-01 3.207E-02  7.19E-01
1.778E-02 2.587E-01 3.215E-02  7.46E-01
1.679E-02 2.454E-01 3.106E-02  7.69E-01
1.585E-02 2.330E-01 2.970E-02  7.87E-01
1.496E-02 2.208E-01 2.826E-02  8.01E-01
1.413E-02 2.087E-01 2.649E-02  8.13E-01
1.334E-02 2.061E-01 2.469E-02  8.26E-01
1.259E-02 2.015E-01 2.460E-02  8.41E-01
1.189E-02 1.887E-01 2.371E-02  8.57E-01
1.122E-02 1.761E-01 2.089E-02  8.73E-01
1.059E-02 2.102E-01 2.020E-02  8.86E-01
1.000E-02 1.961E-01 2.337E-02  8.96E-01
9.441E-03 1.822E-01 2.324E-02  9.03E-01
8.913E-03 1.686E-01 2.230E-02  9.10E-01
8.414E-03 1.555E-01 2.104E-02  9.18E-01
7.943E-03 1.430E-01 1.955E-02  9.27E-01
7.499E-03 1.311E-01 1.757E-02  9.34E-01
7.079E-03 1.302E-01 1.751E-02  9.39E-01
6.683E-03 1.190E-01 1.656E-02  9.44E-01
6.310E-03 1.085E-01 1.542E-02  9.50E-01
5.957E-03 9.876E-02 1.427E-02  9.55E-01
5.623E-03 8.945E-02 1.312E-02  9.58E-01
5.309E-03 8.093E-02 1.199E-02  9.62E-01
5.012E-03 7.312E-02 1.092E-02  9.66E-01
4.732E-03 6.590E-02 9.921E-03  9.69E-01
4.467E-03 5.924E-02 8.977E-03  9.71E-01
4.217E-03 5.315E-02 8.094E-03  9.74E-01
3.981E-03 4.756E-02 7.276E-03  9.76E-01
3.758E-03 4.246E-02 6.515E-03  9.79E-01
3.548E-03 3.780E-02 5.803E-03  9.81E-01
3.350E-03 3.357E-02 5.149E-03  9.82E-01
3.162E-03 2.976E-02 4.548E-03  9.84E-01
2.985E-03 2.638E-02 4.005E-03  9.86E-01
2.818E-03 2.320E-02 3.469E-03  9.87E-01
2.661E-03 2.027E-02 2.958E-03  9.88E-01
2.512E-03 1.777E-02 2.407E-03  9.89E-01
2.371E-03 1.556E-02 1.419E-03  9.90E-01
2.239E-03 3.649E-02 2.023E-03  9.91E-01
2.113E-03 3.263E-02 2.071E-03  9.92E-01
1.995E-03 2.896E-02 1.979E-03  9.93E-01
1.884E-03 2.556E-02 1.775E-03  9.93E-01
1.778E-03 2.245E-02 1.515E-03  9.94E-01
1.679E-03 1.964E-02 9.384E-04  9.95E-01
1.585E-03 3.126E-02 1.463E-03  9.95E-01
1.496E-03 2.739E-02 1.364E-03  9.96E-01
1.413E-03 2.660E-02 1.393E-03  9.96E-01
1.334E-03 2.334E-02 1.314E-03  9.96E-01
1.259E-03 2.042E-02 1.209E-03  9.97E-01
1.189E-03 1.782E-02 1.104E-03  9.97E-01
1.122E-03 1.542E-02 9.967E-04  9.97E-01
1.059E-03 1.333E-02 8.911E-04  9.98E-01
1.000E-03 1.147E-02 7.799E-04  9.98E-01
