1.000E+03 3.068E-07 6.355E-20  0.00E+00
9.441E+02 3.443E-07 8.000E-20  0.00E+00
8.913E+02 3.863E-07 1.007E-19  0.00E+00
8.414E+02 4.335E-07 1.268E-19  0.00E+00
7.943E+02 4.865E-07 1.596E-19  0.00E+00
7.499E+02 5.459E-07 2.010E-19  0.00E+00
7.079E+02 6.126E-07 2.530E-19  0.00E+00
6.683E+02 6.874E-07 3.185E-19  0.00E+00
6.310E+02 7.713E-07 4.010E-19  0.00E+00
5.957E+02 8.655E-07 5.049E-19  0.00E+00
5.623E+02 9.713E-07 6.356E-19  0.00E+00
5.309E+02 1.090E-06 8.002E-19  0.00E+00
5.012E+02 1.223E-06 1.007E-18  0.00E+00
4.732E+02 1.373E-06 1.268E-18  0.00E+00
4.467E+02 1.541E-06 1.597E-18  0.00E+00
4.217E+02 1.730E-06 2.010E-18  0.00E+00
3.981E+02 1.941E-06 2.531E-18  0.00E+00
3.758E+02 2.179E-06 3.187E-18  0.00E+00
3.548E+02 2.445E-06 4.012E-18  0.00E+00
3.350E+02 2.746E-06 5.051E-18  0.00E+00
3.162E+02 3.083E-06 6.359E-18  0.00E+00
2.985E+02 3.462E-06 8.006E-18  0.00E+00
2.818E+02 3.887E-06 1.008E-17  0.00E+00
2.661E+02 4.364E-06 1.269E-17  0.00E+00
2.512E+02 4.901E-06 1.598E-17  0.00E+00
2.371E+02 5.505E-06 2.013E-17  0.00E+00
2.239E+02 6.185E-06 2.534E-17  0.00E+00
2.113E+02 6.950E-06 3.190E-17  0.00E+00
1.995E+02 7.810E-06 4.017E-17  0.00E+00
1.884E+02 8.775E-06 5.058E-17  0.00E+00
1.778E+02 9.862E-06 6.370E-17  0.00E+00
1.679E+02 1.109E-05 8.022E-17  0.00E+00
1.585E+02 1.247E-05 1.010E-16  0.00E+00
1.496E+02 1.402E-05 1.272E-16  0.00E+00
1.413E+02 1.578E-05 1.602E-16  0.00E+00
1.334E+02 1.776E-05 2.018E-16  0.00E+00
1.259E+02 1.999E-05 2.542E-16  0.00E+00
1.189E+02 2.251E-05 3.201E-16  0.00E+00
1.122E+02 2.535E-05 4.033E-16  0.00E+00
1.059E+02 2.858E-05 5.079E-16  0.00E+00
1.000E+02 3.222E-05 6.398E-16  0.00E+00
9.441E+01 3.636E-05 8.059E-16  0.00E+00
8.913E+01 4.104E-05 1.015E-15  0.00E+00
8.414E+01 4.634E-05 1.279E-15  0.00E+00
7.943E+01 5.237E-05 1.610E-15  0.00E+00
7.499E+01 5.914E-05 2.028E-15  0.00E+00
7.079E+01 6.689E-05 2.554E-15  0.00E+00
6.683E+01 7.568E-05 3.215E-15  0.00E+00
6.310E+01 8.562E-05 4.047E-15  0.00E+00
5.957E+01 9.684E-05 5.093E-15  0.00E+00
5.623E+01 1.096E-04 6.405E-15  0.00E+00
5.309E+01 1.239E-04 8.052E-15  0.00E+00
5.012E+01 1.399E-04 1.012E-14  0.00E+00
4.732E+01 1.580E-04 1.270E-14  0.00E+00
4.467E+01 1.783E-04 1.594E-14  0.00E+00
4.217E+01 2.012E-04 1.999E-14  0.00E+00
3.981E+01 2.264E-04 2.501E-14  0.00E+00
3.758E+01 2.543E-04 3.128E-14  0.00E+00
3.548E+01 2.841E-04 3.921E-14  0.00E+00
3.350E+01 3.180E-04 4.915E-14  0.00E+00
3.162E+01 3.582E-04 6.157E-14  0.00E+00
2.985E+01 4.045E-04 7.701E-14  0.00E+00
2.818E+01 4.561E-04 9.597E-14  0.00E+00
2.661E+01 5.155E-04 1.196E-13  0.00E+00
2.512E+01 5.843E-04 1.493E-13  0.00E+00
2.371E+01 6.606E-04 1.844E-13  0.00E+00
2.239E+01 7.500E-04 2.280E-13  0.00E+00
2.113E+01 8.534E-04 2.779E-13  0.00E+00
1.995E+01 9.767E-04 3.349E-13  0.00E+00
1.884E+01 1.086E-03 3.744E-13  0.00E+00
1.778E+01 1.090E-03 3.846E-13  0.00E+00
1.679E+01 9.923E-04 3.890E-13  0.00E+00
1.585E+01 8.486E-04 4.235E-13  0.00E+00
1.496E+01 7.197E-04 5.257E-13  0.00E+00
1.413E+01 6.481E-04 7.545E-13  0.00E+00
1.334E+01 7.743E-04 1.163E-12  2.77E-07
1.259E+01 1.023E-03 1.676E-12  3.00E-07
1.189E+01 1.359E-03 2.312E-12  3.06E-07
1.122E+01 1.766E-03 3.063E-12  3.04E-07
1.059E+01 2.333E-03 4.042E-12  2.95E-07
1.000E+01 2.832E-03 4.510E-12  3.03E-07
9.441E+00 3.161E-03 4.541E-12  3.23E-07
8.913E+00 2.016E-03 2.207E-12  7.47E-07
8.414E+00 1.401E-03 1.202E-12  8.38E-07
7.943E+00 6.700E-04 6.386E-13  9.41E-07
7.499E+00 2.957E-04 1.474E-12  1.06E-06
7.079E+00 2.321E-04 3.114E-12  1.18E-06
6.683E+00 2.298E-04 5.088E-12  1.33E-06
6.310E+00 2.423E-04 5.830E-12  9.87E-07
5.957E+00 2.366E-04 8.066E-12  1.12E-06
5.623E+00 2.328E-04 1.091E-11  1.28E-06
5.309E+00 2.325E-04 1.452E-11  1.44E-06
5.012E+00 2.355E-04 1.913E-11  1.63E-06
4.732E+00 2.413E-04 2.496E-11  1.85E-06
4.467E+00 2.489E-04 3.235E-11  2.08E-06
4.217E+00 2.582E-04 4.168E-11  2.35E-06
3.981E+00 2.676E-04 5.346E-11  2.64E-06
3.758E+00 2.770E-04 6.835E-11  2.97E-06
3.548E+00 2.870E-04 8.713E-11  3.35E-06
3.350E+00 2.972E-04 1.108E-10  3.76E-06
3.162E+00 3.064E-04 1.407E-10  4.23E-06
2.985E+00 3.167E-04 1.785E-10  4.75E-06
2.818E+00 3.282E-04 2.263E-10  5.34E-06
2.661E+00 3.405E-04 2.866E-10  6.00E-06
2.512E+00 3.539E-04 3.625E-10  6.74E-06
2.371E+00 3.685E-04 4.582E-10  7.57E-06
2.239E+00 3.839E-04 5.788E-10  8.50E-06
2.113E+00 4.004E-04 7.304E-10  9.54E-06
1.995E+00 4.181E-04 9.216E-10  1.07E-05
1.884E+00 4.368E-04 1.163E-09  1.20E-05
1.778E+00 4.569E-04 1.466E-09  1.35E-05
1.679E+00 4.792E-04 1.848E-09  1.51E-05
1.585E+00 5.035E-04 2.328E-09  1.70E-05
1.496E+00 5.289E-04 2.932E-09  1.91E-05
1.413E+00 5.556E-04 3.692E-09  2.14E-05
1.334E+00 5.837E-04 4.650E-09  2.40E-05
1.259E+00 6.135E-04 5.855E-09  2.69E-05
1.189E+00 6.469E-04 7.375E-09  3.02E-05
1.122E+00 6.824E-04 9.288E-09  3.39E-05
1.059E+00 7.200E-04 1.169E-08  3.81E-05
1.000E+00 7.600E-04 1.472E-08  4.27E-05
9.441E-01 8.027E-04 1.853E-08  4.79E-05
8.913E-01 8.477E-04 2.332E-08  5.38E-05
8.414E-01 8.950E-04 2.937E-08  6.03E-05
7.943E-01 9.448E-04 3.700E-08  6.77E-05
7.499E-01 9.972E-04 4.662E-08  7.60E-05
7.079E-01 1.052E-03 5.876E-08  8.52E-05
6.683E-01 1.111E-03 7.405E-08  9.57E-05
6.310E-01 1.173E-03 9.338E-08  1.07E-04
5.957E-01 1.238E-03 1.178E-07  1.21E-04
5.623E-01 1.308E-03 1.488E-07  1.35E-04
5.309E-01 1.381E-03 1.879E-07  1.52E-04
5.012E-01 1.458E-03 2.374E-07  1.71E-04
4.732E-01 1.539E-03 3.002E-07  1.92E-04
4.467E-01 1.624E-03 3.800E-07  2.15E-04
4.217E-01 1.713E-03 4.817E-07  2.42E-04
3.981E-01 1.806E-03 6.111E-07  2.72E-04
3.758E-01 1.899E-03 7.765E-07  3.06E-04
3.548E-01 1.997E-03 9.885E-07  3.44E-04
3.350E-01 2.097E-03 1.261E-06  3.87E-04
3.162E-01 2.199E-03 1.611E-06  4.36E-04
2.985E-01 2.301E-03 2.066E-06  4.91E-04
2.818E-01 2.402E-03 2.658E-06  5.54E-04
2.661E-01 2.499E-03 3.436E-06  6.25E-04
2.512E-01 2.589E-03 4.463E-06  7.07E-04
2.371E-01 2.546E-03 5.849E-06  8.01E-04
2.239E-01 2.791E-03 7.791E-06  9.13E-04
2.113E-01 4.016E-03 1.045E-05  1.04E-03
1.995E-01 5.696E-03 1.406E-05  1.19E-03
1.884E-01 8.421E-03 1.918E-05  1.37E-03
1.778E-01 1.303E-02 2.632E-05  1.58E-03
1.679E-01 1.899E-02 3.642E-05  1.83E-03
1.585E-01 2.743E-02 5.240E-05  2.15E-03
1.496E-01 5.541E-02 8.070E-05  2.43E-03
1.413E-01 9.979E-02 9.108E-05  2.19E-03
1.334E-01 9.481E-02 1.066E-04  2.51E-03
1.259E-01 1.052E-01 1.350E-04  2.78E-03
1.189E-01 1.320E-01 1.847E-04  2.96E-03
1.122E-01 1.539E-01 2.352E-04  3.17E-03
1.059E-01 1.894E-01 3.384E-04  3.35E-03
1.000E-01 2.438E-01 4.524E-04  3.35E-03
9.441E-02 2.917E-01 5.801E-04  3.49E-03
8.913E-02 3.293E-01 6.705E-04  3.74E-03
8.414E-02 3.564E-01 8.628E-04  4.16E-03
7.943E-02 4.255E-01 1.200E-03  4.37E-03
7.499E-02 5.058E-01 1.635E-03  4.60E-03
7.079E-02 5.552E-01 2.035E-03  5.04E-03
6.683E-02 5.614E-01 2.366E-03  5.66E-03
6.310E-02 4.684E-01 2.252E-03  6.54E-03
5.957E-02 2.915E-01 1.371E-03  7.77E-03
5.623E-02 2.342E-01 8.753E-04  9.11E-03
5.309E-02 2.194E-01 8.019E-04  1.04E-02
5.012E-02 2.096E-01 7.863E-04  1.18E-02
4.732E-02 2.019E-01 8.014E-04  1.34E-02
4.467E-02 1.953E-01 8.344E-04  1.51E-02
4.217E-02 1.889E-01 8.776E-04  1.71E-02
3.981E-02 1.825E-01 9.276E-04  1.93E-02
3.758E-02 1.757E-01 9.806E-04  2.18E-02
3.548E-02 1.686E-01 1.035E-03  2.45E-02
3.350E-02 1.612E-01 1.089E-03  2.76E-02
3.162E-02 1.534E-01 1.139E-03  3.11E-02
2.985E-02 1.455E-01 1.185E-03  3.51E-02
2.818E-02 1.372E-01 1.224E-03  3.96E-02
2.661E-02 1.290E-01 1.254E-03  4.46E-02
2.512E-02 1.206E-01 1.270E-03  5.02E-02
2.371E-02 1.123E-01 1.263E-03  5.66E-02
2.239E-02 1.084E-01 1.290E-03  6.38E-02
2.113E-02 1.026E-01 1.311E-03  7.19E-02
1.995E-02 9.697E-02 1.292E-03  8.11E-02
1.884E-02 1.003E-01 1.389E-03  9.14E-02
1.778E-02 9.442E-02 1.479E-03  1.03E-01
1.679E-02 8.902E-02 1.512E-03  1.16E-01
1.585E-02 8.395E-02 1.523E-03  1.31E-01
1.496E-02 7.904E-02 1.521E-03  1.47E-01
1.413E-02 7.417E-02 1.492E-03  1.66E-01
1.334E-02 7.295E-02 1.458E-03  1.87E-01
1.259E-02 7.110E-02 1.521E-03  2.10E-01
1.189E-02 6.614E-02 1.524E-03  2.36E-01
1.122E-02 6.120E-02 1.391E-03  2.66E-01
1.059E-02 7.386E-02 1.421E-03  2.99E-01
1.000E-02 6.865E-02 1.692E-03  3.34E-01
9.441E-03 6.337E-02 1.718E-03  3.73E-01
8.913E-03 5.826E-02 1.677E-03  4.15E-01
8.414E-03 5.335E-02 1.604E-03  4.59E-01
7.943E-03 4.870E-02 1.508E-03  5.06E-01
7.499E-03 4.435E-02 1.367E-03  5.54E-01
7.079E-03 4.403E-02 1.379E-03  6.01E-01
6.683E-03 4.000E-02 1.313E-03  6.45E-01
6.310E-03 3.624E-02 1.232E-03  6.85E-01
5.957E-03 3.281E-02 1.151E-03  7.19E-01
5.623E-03 2.957E-02 1.070E-03  7.47E-01
5.309E-03 2.662E-02 9.924E-04  7.67E-01
5.012E-03 2.395E-02 9.188E-04  7.83E-01
4.732E-03 2.150E-02 8.485E-04  7.95E-01
4.467E-03 1.926E-02 7.797E-04  8.07E-01
4.217E-03 1.722E-02 7.124E-04  8.21E-01
3.981E-03 1.537E-02 6.468E-04  8.38E-01
3.758E-03 1.369E-02 5.837E-04  8.55E-01
3.548E-03 1.216E-02 5.235E-04  8.72E-01
3.350E-03 1.078E-02 4.679E-04  8.85E-01
3.162E-03 9.535E-03 4.167E-04  8.94E-01
2.985E-03 8.438E-03 3.702E-04  9.01E-01
2.818E-03 7.410E-03 3.230E-04  9.08E-01
2.661E-03 6.467E-03 2.770E-04  9.17E-01
2.512E-03 5.662E-03 2.263E-04  9.27E-01
2.371E-03 4.952E-03 1.341E-04  9.34E-01
2.239E-03 1.171E-02 1.941E-04  9.38E-01
2.113E-03 1.046E-02 1.994E-04  9.43E-01
1.995E-03 9.266E-03 1.912E-04  9.49E-01
1.884E-03 8.168E-03 1.718E-04  9.54E-01
1.778E-03 7.165E-03 1.472E-04  9.58E-01
1.679E-03 6.258E-03 9.134E-05  9.62E-01
1.585E-03 1.001E-02 1.435E-04  9.66E-01
1.496E-03 8.755E-03 1.340E-04  9.69E-01
1.413E-03 8.502E-03 1.372E-04  9.71E-01
1.334E-03 7.450E-03 1.296E-04  9.74E-01
1.259E-03 6.510E-03 1.193E-04  9.76E-01
1.189E-03 5.674E-03 1.090E-04  9.79E-01
1.122E-03 4.908E-03 9.852E-05  9.81E-01
1.059E-03 4.237E-03 8.816E-05  9.82E-01
1.000E-03 3.643E-03 7.721E-05  9.84E-01
