1.000E+03 4.334E-07 2.530E-19  0.00E+00
9.441E+02 4.863E-07 3.185E-19  0.00E+00
8.913E+02 5.457E-07 4.010E-19  0.00E+00
8.414E+02 6.124E-07 5.048E-19  0.00E+00
7.943E+02 6.872E-07 6.355E-19  0.00E+00
7.499E+02 7.711E-07 8.000E-19  0.00E+00
7.079E+02 8.653E-07 1.007E-18  0.00E+00
6.683E+02 9.709E-07 1.268E-18  0.00E+00
6.310E+02 1.090E-06 1.596E-18  0.00E+00
5.957E+02 1.223E-06 2.010E-18  0.00E+00
5.623E+02 1.372E-06 2.530E-18  0.00E+00
5.309E+02 1.540E-06 3.186E-18  0.00E+00
5.012E+02 1.728E-06 4.011E-18  0.00E+00
4.732E+02 1.939E-06 5.049E-18  0.00E+00
4.467E+02 2.177E-06 6.357E-18  0.00E+00
4.217E+02 2.443E-06 8.003E-18  0.00E+00
3.981E+02 2.742E-06 1.008E-17  0.00E+00
3.758E+02 3.078E-06 1.269E-17  0.00E+00
3.548E+02 3.454E-06 1.597E-17  0.00E+00
3.350E+02 3.878E-06 2.011E-17  0.00E+00
3.162E+02 4.355E-06 2.532E-17  0.00E+00
2.985E+02 4.890E-06 3.187E-17  0.00E+00
2.818E+02 5.490E-06 4.013E-17  0.00E+00
2.661E+02 6.164E-06 5.054E-17  0.00E+00
2.512E+02 6.923E-06 6.363E-17  0.00E+00
2.371E+02 7.776E-06 8.012E-17  0.00E+00
2.239E+02 8.737E-06 1.009E-16  0.00E+00
2.113E+02 9.817E-06 1.270E-16  0.00E+00
1.995E+02 1.103E-05 1.599E-16  0.00E+00
1.884E+02 1.240E-05 2.014E-16  0.00E+00
1.778E+02 1.393E-05 2.536E-16  0.00E+00
1.679E+02 1.566E-05 3.194E-16  0.00E+00
1.585E+02 1.761E-05 4.022E-16  0.00E+00
1.496E+02 1.981E-05 5.065E-16  0.00E+00
1.413E+02 2.229E-05 6.379E-16  0.00E+00
1.334E+02 2.508E-05 8.034E-16  0.00E+00
1.259E+02 2.824E-05 1.012E-15  0.00E+00
1.189E+02 3.180E-05 1.275E-15  0.00E+00
1.122E+02 3.581E-05 1.606E-15  0.00E+00
1.059E+02 4.037E-05 2.022E-15  0.00E+00
1.000E+02 4.552E-05 2.547E-15  0.00E+00
9.441E+01 5.136E-05 3.208E-15  0.00E+00
8.913E+01 5.797E-05 4.041E-15  0.00E+00
8.414E+01 6.546E-05 5.090E-15  0.00E+00
7.943E+01 7.397E-05 6.411E-15  0.00E+00
7.499E+01 8.354E-05 8.076E-15  0.00E+00
7.079E+01 9.448E-05 1.017E-14  0.00E+00
6.683E+01 1.069E-04 1.280E-14  0.00E+00
6.310E+01 1.209E-04 1.611E-14  0.00E+00
5.957E+01 1.368E-04 2.027E-14  0.00E+00
5.623E+01 1.548E-04 2.550E-14  0.00E+00
5.309E+01 1.750E-04 3.205E-14  0.00E+00
5.012E+01 1.977E-04 4.028E-14  0.00E+00
4.732E+01 2.232E-04 5.057E-14  0.00E+00
4.467E+01 2.519E-04 6.347E-14  0.00E+00
4.217E+01 2.841E-04 7.960E-14  0.00E+00
3.981E+01 3.198E-04 9.958E-14  0.00E+00
3.758E+01 3.592E-04 1.245E-13  0.00E+00
3.548E+01 4.013E-04 1.561E-13  0.00E+00
3.350E+01 4.492E-04 1.957E-13  0.00E+00
3.162E+01 5.060E-04 2.451E-13  0.00E+00
2.985E+01 5.714E-04 3.066E-13  0.00E+00
2.818E+01 6.443E-04 3.821E-13  0.00E+00
2.661E+01 7.282E-04 4.762E-13  0.00E+00
2.512E+01 8.254E-04 5.942E-13  0.00E+00
2.371E+01 9.332E-04 7.342E-13  0.00E+00
2.239E+01 1.059E-03 9.076E-13  0.00E+00
2.113E+01 1.205E-03 1.106E-12  0.00E+00
1.995E+01 1.380E-03 1.333E-12  0.00E+00
1.884E+01 1.534E-03 1.490E-12  2.10E-07
1.778E+01 1.540E-03 1.531E-12  2.37E-07
1.679E+01 1.402E-03 1.548E-12  2.76E-07
1.585E+01 1.199E-03 1.686E-12  3.26E-07
1.496E+01 1.017E-03 2.093E-12  3.89E-07
1.413E+01 9.155E-04 3.004E-12  4.72E-07
1.334E+01 1.094E-03 4.630E-12  5.52E-07
1.259E+01 1.444E-03 6.672E-12  5.98E-07
1.189E+01 1.919E-03 9.204E-12  6.10E-07
1.122E+01 2.495E-03 1.219E-11  6.07E-07
1.059E+01 3.295E-03 1.609E-11  5.90E-07
1.000E+01 4.000E-03 1.795E-11  6.05E-07
9.441E+00 4.466E-03 1.808E-11  6.45E-07
8.913E+00 3.322E-03 9.649E-12  7.58E-07
8.414E+00 1.979E-03 4.786E-12  1.67E-06
7.943E+00 9.463E-04 2.542E-12  1.88E-06
7.499E+00 4.176E-04 5.869E-12  2.11E-06
7.079E+00 3.480E-04 1.021E-11  1.49E-06
6.683E+00 3.444E-04 1.612E-11  1.72E-06
6.310E+00 3.422E-04 2.321E-11  1.97E-06
5.957E+00 3.343E-04 3.211E-11  2.24E-06
5.623E+00 3.288E-04 4.342E-11  2.54E-06
5.309E+00 3.284E-04 5.782E-11  2.88E-06
5.012E+00 3.326E-04 7.617E-11  3.26E-06
4.732E+00 3.408E-04 9.937E-11  3.68E-06
4.467E+00 3.516E-04 1.288E-10  4.15E-06
4.217E+00 3.647E-04 1.659E-10  4.68E-06
3.981E+00 3.780E-04 2.128E-10  5.27E-06
3.758E+00 3.912E-04 2.721E-10  5.93E-06
3.548E+00 4.054E-04 3.469E-10  6.67E-06
3.350E+00 4.198E-04 4.411E-10  7.51E-06
3.162E+00 4.328E-04 5.602E-10  8.44E-06
2.985E+00 4.474E-04 7.108E-10  9.48E-06
2.818E+00 4.636E-04 9.010E-10  1.07E-05
2.661E+00 4.810E-04 1.141E-09  1.20E-05
2.512E+00 4.999E-04 1.443E-09  1.34E-05
2.371E+00 5.206E-04 1.824E-09  1.51E-05
2.239E+00 5.423E-04 2.304E-09  1.70E-05
2.113E+00 5.656E-04 2.908E-09  1.90E-05
1.995E+00 5.906E-04 3.669E-09  2.14E-05
1.884E+00 6.170E-04 4.628E-09  2.40E-05
1.778E+00 6.454E-04 5.837E-09  2.69E-05
1.679E+00 6.769E-04 7.357E-09  3.02E-05
1.585E+00 7.112E-04 9.267E-09  3.39E-05
1.496E+00 7.472E-04 1.167E-08  3.80E-05
1.413E+00 7.849E-04 1.470E-08  4.27E-05
1.334E+00 8.246E-04 1.851E-08  4.79E-05
1.259E+00 8.667E-04 2.331E-08  5.37E-05
1.189E+00 9.138E-04 2.936E-08  6.03E-05
1.122E+00 9.640E-04 3.698E-08  6.77E-05
1.059E+00 1.017E-03 4.655E-08  7.59E-05
1.000E+00 1.074E-03 5.860E-08  8.52E-05
9.441E-01 1.134E-03 7.376E-08  9.56E-05
8.913E-01 1.198E-03 9.286E-08  1.07E-04
8.414E-01 1.265E-03 1.169E-07  1.20E-04
7.943E-01 1.335E-03 1.473E-07  1.35E-04
7.499E-01 1.409E-03 1.856E-07  1.52E-04
7.079E-01 1.487E-03 2.339E-07  1.70E-04
6.683E-01 1.569E-03 2.948E-07  1.91E-04
6.310E-01 1.657E-03 3.718E-07  2.14E-04
5.957E-01 1.750E-03 4.692E-07  2.40E-04
5.623E-01 1.848E-03 5.923E-07  2.70E-04
5.309E-01 1.951E-03 7.480E-07  3.03E-04
5.012E-01 2.060E-03 9.453E-07  3.40E-04
4.732E-01 2.175E-03 1.195E-06  3.82E-04
4.467E-01 2.296E-03 1.513E-06  4.29E-04
4.217E-01 2.422E-03 1.918E-06  4.83E-04
3.981E-01 2.553E-03 2.433E-06  5.42E-04
3.758E-01 2.686E-03 3.092E-06  6.10E-04
3.548E-01 2.824E-03 3.937E-06  6.86E-04
3.350E-01 2.966E-03 5.021E-06  7.72E-04
3.162E-01 3.111E-03 6.418E-06  8.69E-04
2.985E-01 3.256E-03 8.231E-06  9.79E-04
2.818E-01 3.400E-03 1.059E-05  1.10E-03
2.661E-01 3.538E-03 1.369E-05  1.25E-03
2.512E-01 3.666E-03 1.778E-05  1.41E-03
2.371E-01 3.608E-03 2.331E-05  1.60E-03
2.239E-01 3.956E-03 3.105E-05  1.82E-03
2.113E-01 5.695E-03 4.167E-05  2.08E-03
1.995E-01 8.085E-03 5.606E-05  2.38E-03
1.884E-01 1.196E-02 7.652E-05  2.74E-03
1.778E-01 1.853E-02 1.050E-04  3.16E-03
1.679E-01 2.704E-02 1.454E-04  3.65E-03
1.585E-01 3.912E-02 2.094E-04  4.28E-03
1.496E-01 7.921E-02 3.228E-04  4.85E-03
1.413E-01 1.424E-01 3.640E-04  4.36E-03
1.334E-01 1.354E-01 4.261E-04  5.00E-03
1.259E-01 1.504E-01 5.400E-04  5.53E-03
1.189E-01 1.890E-01 7.388E-04  5.89E-03
1.122E-01 2.204E-01 9.409E-04  6.32E-03
1.059E-01 2.717E-01 1.355E-03  6.67E-03
1.000E-01 3.494E-01 1.809E-03  6.67E-03
9.441E-02 4.175E-01 2.316E-03  6.94E-03
8.913E-02 4.698E-01 2.667E-03  7.47E-03
8.414E-02 5.087E-01 3.430E-03  8.29E-03
7.943E-02 6.053E-01 4.752E-03  8.73E-03
7.499E-02 7.142E-01 6.420E-03  9.24E-03
7.079E-02 7.760E-01 7.901E-03  1.02E-02
6.683E-02 7.747E-01 9.054E-03  1.15E-02
6.310E-02 6.392E-01 8.501E-03  1.33E-02
5.957E-02 3.986E-01 5.170E-03  1.57E-02
5.623E-02 3.224E-01 3.317E-03  1.84E-02
5.309E-02 3.026E-01 3.034E-03  2.10E-02
5.012E-02 2.892E-01 2.965E-03  2.39E-02
4.732E-02 2.785E-01 3.010E-03  2.71E-02
4.467E-02 2.692E-01 3.118E-03  3.07E-02
4.217E-02 2.601E-01 3.261E-03  3.47E-02
3.981E-02 2.509E-01 3.424E-03  3.92E-02
3.758E-02 2.413E-01 3.593E-03  4.42E-02
3.548E-02 2.313E-01 3.764E-03  4.99E-02
3.350E-02 2.209E-01 3.924E-03  5.63E-02
3.162E-02 2.100E-01 4.065E-03  6.35E-02
2.985E-02 1.989E-01 4.187E-03  7.17E-02
2.818E-02 1.875E-01 4.275E-03  8.08E-02
2.661E-02 1.762E-01 4.328E-03  9.12E-02
2.512E-02 1.648E-01 4.327E-03  1.03E-01
2.371E-02 1.535E-01 4.244E-03  1.16E-01
2.239E-02 1.482E-01 4.268E-03  1.31E-01
2.113E-02 1.403E-01 4.266E-03  1.48E-01
1.995E-02 1.327E-01 4.128E-03  1.66E-01
1.884E-02 1.373E-01 4.344E-03  1.88E-01
1.778E-02 1.292E-01 4.525E-03  2.11E-01
1.679E-02 1.220E-01 4.518E-03  2.37E-01
1.585E-02 1.152E-01 4.442E-03  2.67E-01
1.496E-02 1.086E-01 4.322E-03  2.99E-01
1.413E-02 1.021E-01 4.126E-03  3.35E-01
1.334E-02 1.006E-01 3.915E-03  3.74E-01
1.259E-02 9.816E-02 3.966E-03  4.16E-01
1.189E-02 9.147E-02 3.862E-03  4.60E-01
1.122E-02 8.483E-02 3.428E-03  5.07E-01
1.059E-02 1.022E-01 3.392E-03  5.57E-01
1.000E-02 9.508E-02 3.946E-03  6.02E-01
9.441E-03 8.788E-02 3.931E-03  6.45E-01
8.913E-03 8.088E-02 3.781E-03  6.85E-01
8.414E-03 7.413E-02 3.583E-03  7.19E-01
7.943E-03 6.773E-02 3.355E-03  7.47E-01
7.499E-03 6.173E-02 3.045E-03  7.68E-01
7.079E-03 6.127E-02 3.082E-03  7.84E-01
6.683E-03 5.571E-02 2.949E-03  7.96E-01
6.310E-03 5.054E-02 2.779E-03  8.08E-01
5.957E-03 4.581E-02 2.597E-03  8.22E-01
5.623E-03 4.134E-02 2.404E-03  8.38E-01
5.309E-03 3.727E-02 2.209E-03  8.55E-01
5.012E-03 3.356E-02 2.021E-03  8.72E-01
4.732E-03 3.016E-02 1.844E-03  8.85E-01
4.467E-03 2.704E-02 1.678E-03  8.94E-01
4.217E-03 2.420E-02 1.523E-03  9.01E-01
3.981E-03 2.161E-02 1.377E-03  9.08E-01
3.758E-03 1.925E-02 1.238E-03  9.17E-01
3.548E-03 1.711E-02 1.106E-03  9.27E-01
3.350E-03 1.517E-02 9.845E-04  9.34E-01
3.162E-03 1.343E-02 8.730E-04  9.38E-01
2.985E-03 1.189E-02 7.716E-04  9.43E-01
2.818E-03 1.044E-02 6.699E-04  9.49E-01
2.661E-03 9.117E-03 5.726E-04  9.54E-01
2.512E-03 7.984E-03 4.672E-04  9.58E-01
2.371E-03 6.985E-03 2.760E-04  9.62E-01
2.239E-03 1.649E-02 3.975E-04  9.66E-01
2.113E-03 1.473E-02 4.073E-04  9.69E-01
1.995E-03 1.306E-02 3.898E-04  9.71E-01
1.884E-03 1.151E-02 3.498E-04  9.74E-01
1.778E-03 1.010E-02 2.990E-04  9.76E-01
1.679E-03 8.826E-03 1.853E-04  9.79E-01
1.585E-03 1.410E-02 2.904E-04  9.81E-01
1.496E-03 1.234E-02 2.709E-04  9.82E-01
1.413E-03 1.199E-02 2.769E-04  9.84E-01
1.334E-03 1.050E-02 2.613E-04  9.86E-01
1.259E-03 9.181E-03 2.404E-04  9.87E-01
1.189E-03 8.004E-03 2.194E-04  9.88E-01
1.122E-03 6.924E-03 1.982E-04  9.89E-01
1.059E-03 5.979E-03 1.772E-04  9.90E-01
1.000E-03 5.141E-03 1.551E-04  9.91E-01
