1.000E+03 1.089E-04 1.007E-09  1.26E-05
9.441E+02 1.222E-04 1.268E-09  1.42E-05
8.913E+02 1.371E-04 1.596E-09  1.59E-05
8.414E+02 1.538E-04 2.010E-09  1.78E-05
7.943E+02 1.726E-04 2.530E-09  2.00E-05
7.499E+02 1.937E-04 3.185E-09  2.24E-05
7.079E+02 2.174E-04 4.010E-09  2.52E-05
6.683E+02 2.439E-04 5.048E-09  2.82E-05
6.310E+02 2.737E-04 6.356E-09  3.17E-05
5.957E+02 3.072E-04 8.002E-09  3.55E-05
5.623E+02 3.447E-04 1.007E-08  3.99E-05
5.309E+02 3.868E-04 1.268E-08  4.47E-05
5.012E+02 4.341E-04 1.597E-08  5.02E-05
4.732E+02 4.873E-04 2.010E-08  5.63E-05
4.467E+02 5.469E-04 2.531E-08  6.31E-05
4.217E+02 6.140E-04 3.186E-08  7.08E-05
3.981E+02 6.891E-04 4.012E-08  7.94E-05
3.758E+02 7.735E-04 5.051E-08  8.91E-05
3.548E+02 8.682E-04 6.360E-08  9.99E-05
3.350E+02 9.749E-04 8.007E-08  1.12E-04
3.162E+02 1.095E-03 1.008E-07  1.26E-04
2.985E+02 1.229E-03 1.269E-07  1.41E-04
2.818E+02 1.380E-03 1.598E-07  1.58E-04
2.661E+02 1.550E-03 2.012E-07  1.77E-04
2.512E+02 1.741E-03 2.534E-07  1.99E-04
2.371E+02 1.956E-03 3.191E-07  2.23E-04
2.239E+02 2.198E-03 4.018E-07  2.49E-04
2.113E+02 2.470E-03 5.059E-07  2.79E-04
1.995E+02 2.777E-03 6.370E-07  3.13E-04
1.884E+02 3.121E-03 8.022E-07  3.51E-04
1.778E+02 3.508E-03 1.010E-06  3.93E-04
1.679E+02 3.944E-03 1.272E-06  4.40E-04
1.585E+02 4.437E-03 1.602E-06  4.92E-04
1.496E+02 4.993E-03 2.018E-06  5.51E-04
1.413E+02 5.620E-03 2.542E-06  6.16E-04
1.334E+02 6.329E-03 3.202E-06  6.89E-04
1.259E+02 7.128E-03 4.034E-06  7.70E-04
1.189E+02 8.031E-03 5.082E-06  8.60E-04
1.122E+02 9.050E-03 6.403E-06  9.60E-04
1.059E+02 1.021E-02 8.066E-06  1.07E-03
1.000E+02 1.152E-02 1.016E-05  1.19E-03
9.441E+01 1.301E-02 1.280E-05  1.33E-03
8.913E+01 1.470E-02 1.613E-05  1.48E-03
8.414E+01 1.662E-02 2.032E-05  1.64E-03
7.943E+01 1.880E-02 2.561E-05  1.82E-03
7.499E+01 2.126E-02 3.227E-05  2.01E-03
7.079E+01 2.408E-02 4.065E-05  2.23E-03
6.683E+01 2.728E-02 5.120E-05  2.45E-03
6.310E+01 3.092E-02 6.448E-05  2.70E-03
5.957E+01 3.503E-02 8.119E-05  2.96E-03
5.623E+01 3.971E-02 1.022E-04  3.24E-03
5.309E+01 4.499E-02 1.285E-04  3.54E-03
5.012E+01 5.093E-02 1.617E-04  3.86E-03
4.732E+01 5.764E-02 2.032E-04  4.19E-03
4.467E+01 6.522E-02 2.552E-04  4.55E-03
4.217E+01 7.375E-02 3.204E-04  4.92E-03
3.981E+01 8.322E-02 4.014E-04  5.32E-03
3.758E+01 9.373E-02 5.025E-04  5.74E-03
3.548E+01 1.050E-01 6.309E-04  6.22E-03
3.350E+01 1.180E-01 7.922E-04  6.73E-03
3.162E+01 1.334E-01 9.940E-04  7.23E-03
2.985E+01 1.511E-01 1.246E-03  7.75E-03
2.818E+01 1.710E-01 1.555E-03  8.29E-03
2.661E+01 1.939E-01 1.942E-03  8.86E-03
2.512E+01 2.205E-01 2.428E-03  9.44E-03
2.371E+01 2.501E-01 3.005E-03  1.01E-02
2.239E+01 2.847E-01 3.720E-03  1.07E-02
2.113E+01 3.244E-01 4.537E-03  1.14E-02
1.995E+01 3.713E-01 5.464E-03  1.21E-02
1.884E+01 4.112E-01 6.082E-03  1.31E-02
1.778E+01 4.116E-01 6.214E-03  1.48E-02
1.679E+01 3.752E-01 6.269E-03  1.72E-02
1.585E+01 3.238E-01 6.840E-03  2.04E-02
1.496E+01 2.794E-01 8.553E-03  2.43E-02
1.413E+01 2.590E-01 1.244E-02  2.95E-02
1.334E+01 3.196E-01 1.945E-02  3.44E-02
1.259E+01 4.303E-01 2.822E-02  3.70E-02
1.189E+01 5.740E-01 3.891E-02  3.75E-02
1.122E+01 7.373E-01 5.095E-02  3.73E-02
1.059E+01 9.423E-01 6.530E-02  3.68E-02
1.000E+01 1.075E+00 6.850E-02  3.88E-02
9.441E+00 1.108E+00 6.341E-02  4.25E-02
8.913E+00 7.949E-01 3.223E-02  5.03E-02
8.414E+00 5.291E-01 1.635E-02  5.90E-02
7.943E+00 2.596E-01 8.397E-03  6.84E-02
7.499E+00 1.245E-01 1.890E-02  8.04E-02
7.079E+00 1.038E-01 3.886E-02  9.37E-02
6.683E+00 1.075E-01 6.217E-02  1.08E-01
6.310E+00 1.112E-01 9.006E-02  1.23E-01
5.957E+00 1.132E-01 1.249E-01  1.41E-01
5.623E+00 1.160E-01 1.684E-01  1.61E-01
5.309E+00 1.208E-01 2.224E-01  1.84E-01
5.012E+00 1.276E-01 2.884E-01  2.10E-01
4.732E+00 1.366E-01 3.672E-01  2.42E-01
4.467E+00 1.475E-01 4.600E-01  2.78E-01
4.217E+00 1.608E-01 5.670E-01  3.22E-01
3.981E+00 1.765E-01 6.899E-01  3.73E-01
3.758E+00 1.957E-01 8.332E-01  4.31E-01
3.548E+00 2.201E-01 1.006E+00  4.93E-01
3.350E+00 2.500E-01 1.226E+00  5.50E-01
3.162E+00 2.814E-01 1.508E+00  5.90E-01
2.985E+00 3.068E-01 1.837E+00  6.03E-01
2.818E+00 3.157E-01 2.141E+00  5.95E-01
2.661E+00 3.094E-01 2.347E+00  5.83E-01
2.512E+00 3.045E-01 2.469E+00  5.82E-01
2.371E+00 3.190E-01 2.595E+00  6.01E-01
2.239E+00 3.630E-01 2.831E+00  6.39E-01
2.113E+00 4.241E-01 3.224E+00  6.81E-01
1.995E+00 4.487E-01 3.571E+00  7.03E-01
1.884E+00 4.265E-01 3.606E+00  6.98E-01
1.778E+00 4.182E-01 3.484E+00  6.78E-01
1.679E+00 4.717E-01 3.512E+00  6.69E-01
1.585E+00 5.545E-01 3.798E+00  6.92E-01
1.496E+00 5.291E-01 3.726E+00  7.10E-01
1.413E+00 5.106E-01 3.313E+00  6.92E-01
1.334E+00 5.980E-01 3.096E+00  6.48E-01
1.259E+00 6.403E-01 3.106E+00  6.56E-01
1.189E+00 5.781E-01 2.624E+00  6.44E-01
1.122E+00 6.708E-01 2.155E+00  5.79E-01
1.059E+00 7.034E-01 2.043E+00  5.72E-01
1.000E+00 6.460E-01 1.646E+00  5.27E-01
9.441E-01 7.985E-01 1.419E+00  4.87E-01
8.913E-01 7.194E-01 1.398E+00  5.26E-01
8.414E-01 8.065E-01 1.254E+00  5.27E-01
7.943E-01 7.750E-01 1.482E+00  6.40E-01
7.499E-01 8.334E-01 1.543E+00  7.06E-01
7.079E-01 8.060E-01 1.863E+00  7.67E-01
6.683E-01 8.036E-01 1.931E+00  8.21E-01
6.310E-01 8.070E-01 2.030E+00  8.34E-01
5.957E-01 8.358E-01 2.007E+00  8.34E-01
5.623E-01 8.123E-01 1.775E+00  8.34E-01
5.309E-01 8.314E-01 1.526E+00  8.06E-01
5.012E-01 8.303E-01 1.360E+00  7.89E-01
4.732E-01 8.388E-01 1.349E+00  7.84E-01
4.467E-01 8.604E-01 1.470E+00  8.13E-01
4.217E-01 8.796E-01 1.625E+00  8.42E-01
3.981E-01 8.907E-01 1.660E+00  8.53E-01
3.758E-01 8.964E-01 1.515E+00  8.50E-01
3.548E-01 9.016E-01 1.319E+00  8.42E-01
3.350E-01 9.182E-01 1.291E+00  8.52E-01
3.162E-01 9.285E-01 1.444E+00  8.73E-01
2.985E-01 9.220E-01 1.453E+00  8.76E-01
2.818E-01 9.398E-01 1.286E+00  8.67E-01
2.661E-01 9.414E-01 1.304E+00  8.75E-01
2.512E-01 9.383E-01 1.383E+00  8.86E-01
2.371E-01 9.306E-01 1.253E+00  8.74E-01
2.239E-01 9.492E-01 1.348E+00  8.89E-01
2.113E-01 9.926E-01 1.221E+00  8.96E-01
1.995E-01 1.001E+00 1.218E+00  9.00E-01
1.884E-01 9.912E-01 1.224E+00  8.97E-01
1.778E-01 9.759E-01 1.230E+00  8.91E-01
1.679E-01 9.594E-01 1.239E+00  8.84E-01
1.585E-01 9.376E-01 1.254E+00  8.72E-01
1.496E-01 9.069E-01 1.283E+00  8.53E-01
1.413E-01 9.193E-01 1.267E+00  8.69E-01
1.334E-01 9.225E-01 1.255E+00  8.75E-01
1.259E-01 9.169E-01 1.254E+00  8.75E-01
1.189E-01 9.025E-01 1.265E+00  8.69E-01
1.122E-01 8.962E-01 1.265E+00  8.69E-01
1.059E-01 8.754E-01 1.283E+00  8.59E-01
1.000E-01 8.617E-01 1.291E+00  8.56E-01
9.441E-02 8.522E-01 1.294E+00  8.56E-01
8.913E-02 8.524E-01 1.284E+00  8.64E-01
8.414E-02 8.458E-01 1.286E+00  8.62E-01
7.943E-02 8.246E-01 1.302E+00  8.54E-01
7.499E-02 7.991E-01 1.320E+00  8.46E-01
7.079E-02 7.781E-01 1.333E+00  8.42E-01
6.683E-02 7.529E-01 1.349E+00  8.37E-01
6.310E-02 7.273E-01 1.364E+00  8.35E-01
5.957E-02 7.460E-01 1.331E+00  8.64E-01
5.623E-02 8.231E-01 1.244E+00  9.12E-01
5.309E-02 8.531E-01 1.208E+00  9.30E-01
5.012E-02 8.720E-01 1.184E+00  9.42E-01
4.732E-02 8.846E-01 1.168E+00  9.49E-01
4.467E-02 8.937E-01 1.155E+00  9.55E-01
4.217E-02 9.005E-01 1.145E+00  9.60E-01
3.981E-02 9.060E-01 1.137E+00  9.64E-01
3.758E-02 9.105E-01 1.129E+00  9.68E-01
3.548E-02 9.144E-01 1.122E+00  9.71E-01
3.350E-02 9.180E-01 1.116E+00  9.73E-01
3.162E-02 9.214E-01 1.110E+00  9.76E-01
2.985E-02 9.246E-01 1.104E+00  9.79E-01
2.818E-02 9.278E-01 1.098E+00  9.81E-01
2.661E-02 9.311E-01 1.092E+00  9.83E-01
2.512E-02 9.346E-01 1.086E+00  9.85E-01
2.371E-02 9.387E-01 1.080E+00  9.87E-01
2.239E-02 9.437E-01 1.073E+00  9.89E-01
2.113E-02 9.470E-01 1.067E+00  9.90E-01
1.995E-02 9.516E-01 1.061E+00  9.92E-01
1.884E-02 9.572E-01 1.054E+00  9.93E-01
1.778E-02 9.566E-01 1.053E+00  9.93E-01
1.679E-02 9.582E-01 1.050E+00  9.94E-01
1.585E-02 9.602E-01 1.047E+00  9.95E-01
1.496E-02 9.623E-01 1.043E+00  9.96E-01
1.413E-02 9.645E-01 1.039E+00  9.96E-01
1.334E-02 9.687E-01 1.034E+00  9.97E-01
1.259E-02 9.699E-01 1.032E+00  9.97E-01
1.189E-02 9.702E-01 1.030E+00  9.97E-01
1.122E-02 9.728E-01 1.026E+00  9.98E-01
1.059E-02 9.816E-01 1.017E+00  9.98E-01
1.000E-02 9.767E-01 1.022E+00  9.98E-01
9.441E-03 9.758E-01 1.023E+00  9.98E-01
8.913E-03 9.757E-01 1.022E+00  9.99E-01
8.414E-03 9.759E-01 1.021E+00  9.99E-01
7.943E-03 9.762E-01 1.019E+00  9.99E-01
7.499E-03 9.770E-01 1.018E+00  9.99E-01
7.079E-03 9.780E-01 1.017E+00  9.99E-01
6.683E-03 9.777E-01 1.016E+00  9.99E-01
6.310E-03 9.775E-01 1.016E+00  9.99E-01
5.957E-03 9.772E-01 1.016E+00  9.99E-01
5.623E-03 9.766E-01 1.017E+00  1.00E+00
5.309E-03 9.758E-01 1.018E+00  1.00E+00
5.012E-03 9.745E-01 1.021E+00  1.00E+00
4.732E-03 9.743E-01 1.025E+00  9.99E-01
4.467E-03 9.713E-01 1.028E+00  9.99E-01
4.217E-03 9.673E-01 1.032E+00  9.99E-01
3.981E-03 9.620E-01 1.038E+00  9.99E-01
3.758E-03 9.551E-01 1.044E+00  9.99E-01
3.548E-03 9.461E-01 1.053E+00  9.99E-01
3.350E-03 9.346E-01 1.065E+00  9.99E-01
3.162E-03 9.202E-01 1.079E+00  9.99E-01
2.985E-03 9.026E-01 1.096E+00  9.99E-01
2.818E-03 8.803E-01 1.118E+00  9.99E-01
2.661E-03 8.526E-01 1.145E+00  1.00E+00
2.512E-03 8.215E-01 1.175E+00  1.00E+00
2.371E-03 7.863E-01 1.204E+00  1.00E+00
2.239E-03 9.476E-01 1.048E+00  1.00E+00
2.113E-03 9.356E-01 1.060E+00  1.00E+00
1.995E-03 9.201E-01 1.075E+00  1.00E+00
1.884E-03 9.006E-01 1.093E+00  1.00E+00
1.778E-03 8.765E-01 1.115E+00  1.00E+00
1.679E-03 8.476E-01 1.133E+00  1.00E+00
1.585E-03 9.312E-01 1.061E+00  1.00E+00
1.496E-03 9.125E-01 1.078E+00  1.00E+00
1.413E-03 9.079E-01 1.083E+00  1.00E+00
1.334E-03 8.847E-01 1.105E+00  1.00E+00
1.259E-03 8.567E-01 1.131E+00  1.00E+00
1.189E-03 8.239E-01 1.161E+00  1.00E+00
1.122E-03 7.849E-01 1.196E+00  1.00E+00
1.059E-03 7.413E-01 1.235E+00  1.00E+00
1.000E-03 6.933E-01 1.276E+00  1.00E+00
