1.000E+03 1.936E-07 1.007E-20  0.00E+00
9.441E+02 2.172E-07 1.268E-20  0.00E+00
8.913E+02 2.438E-07 1.596E-20  0.00E+00
8.414E+02 2.735E-07 2.010E-20  0.00E+00
7.943E+02 3.069E-07 2.530E-20  0.00E+00
7.499E+02 3.444E-07 3.185E-20  0.00E+00
7.079E+02 3.865E-07 4.010E-20  0.00E+00
6.683E+02 4.337E-07 5.048E-20  0.00E+00
6.310E+02 4.867E-07 6.355E-20  0.00E+00
5.957E+02 5.461E-07 8.001E-20  0.00E+00
5.623E+02 6.128E-07 1.007E-19  0.00E+00
5.309E+02 6.877E-07 1.268E-19  0.00E+00
5.012E+02 7.717E-07 1.597E-19  0.00E+00
4.732E+02 8.662E-07 2.010E-19  0.00E+00
4.467E+02 9.722E-07 2.531E-19  0.00E+00
4.217E+02 1.091E-06 3.186E-19  0.00E+00
3.981E+02 1.225E-06 4.011E-19  0.00E+00
3.758E+02 1.375E-06 5.050E-19  0.00E+00
3.548E+02 1.543E-06 6.359E-19  0.00E+00
3.350E+02 1.732E-06 8.005E-19  0.00E+00
3.162E+02 1.945E-06 1.008E-18  0.00E+00
2.985E+02 2.184E-06 1.269E-18  0.00E+00
2.818E+02 2.452E-06 1.598E-18  0.00E+00
2.661E+02 2.754E-06 2.012E-18  0.00E+00
2.512E+02 3.092E-06 2.533E-18  0.00E+00
2.371E+02 3.474E-06 3.190E-18  0.00E+00
2.239E+02 3.903E-06 4.016E-18  0.00E+00
2.113E+02 4.385E-06 5.056E-18  0.00E+00
1.995E+02 4.928E-06 6.367E-18  0.00E+00
1.884E+02 5.537E-06 8.017E-18  0.00E+00
1.778E+02 6.222E-06 1.010E-17  0.00E+00
1.679E+02 6.995E-06 1.271E-17  0.00E+00
1.585E+02 7.866E-06 1.601E-17  0.00E+00
1.496E+02 8.848E-06 2.016E-17  0.00E+00
1.413E+02 9.956E-06 2.539E-17  0.00E+00
1.334E+02 1.120E-05 3.198E-17  0.00E+00
1.259E+02 1.261E-05 4.028E-17  0.00E+00
1.189E+02 1.420E-05 5.074E-17  0.00E+00
1.122E+02 1.599E-05 6.392E-17  0.00E+00
1.059E+02 1.803E-05 8.050E-17  0.00E+00
1.000E+02 2.033E-05 1.014E-16  0.00E+00
9.441E+01 2.294E-05 1.277E-16  0.00E+00
8.913E+01 2.589E-05 1.609E-16  0.00E+00
8.414E+01 2.924E-05 2.026E-16  0.00E+00
7.943E+01 3.304E-05 2.552E-16  0.00E+00
7.499E+01 3.732E-05 3.215E-16  0.00E+00
7.079E+01 4.220E-05 4.048E-16  0.00E+00
6.683E+01 4.775E-05 5.096E-16  0.00E+00
6.310E+01 5.402E-05 6.414E-16  0.00E+00
5.957E+01 6.110E-05 8.072E-16  0.00E+00
5.623E+01 6.913E-05 1.015E-15  0.00E+00
5.309E+01 7.816E-05 1.276E-15  0.00E+00
5.012E+01 8.829E-05 1.603E-15  0.00E+00
4.732E+01 9.970E-05 2.013E-15  0.00E+00
4.467E+01 1.125E-04 2.527E-15  0.00E+00
4.217E+01 1.269E-04 3.169E-15  0.00E+00
3.981E+01 1.429E-04 3.964E-15  0.00E+00
3.758E+01 1.604E-04 4.957E-15  0.00E+00
3.548E+01 1.792E-04 6.214E-15  0.00E+00
3.350E+01 2.007E-04 7.790E-15  0.00E+00
3.162E+01 2.260E-04 9.758E-15  0.00E+00
2.985E+01 2.552E-04 1.221E-14  0.00E+00
2.818E+01 2.878E-04 1.521E-14  0.00E+00
2.661E+01 3.253E-04 1.896E-14  0.00E+00
2.512E+01 3.687E-04 2.365E-14  0.00E+00
2.371E+01 4.168E-04 2.923E-14  0.00E+00
2.239E+01 4.732E-04 3.613E-14  0.00E+00
2.113E+01 5.385E-04 4.404E-14  0.00E+00
1.995E+01 6.162E-04 5.308E-14  0.00E+00
1.884E+01 6.852E-04 5.933E-14  0.00E+00
1.778E+01 6.880E-04 6.095E-14  0.00E+00
1.679E+01 6.261E-04 6.164E-14  0.00E+00
1.585E+01 5.354E-04 6.712E-14  0.00E+00
1.496E+01 4.541E-04 8.332E-14  0.00E+00
1.413E+01 4.089E-04 1.196E-13  0.00E+00
1.334E+01 4.886E-04 1.843E-13  0.00E+00
1.259E+01 6.452E-04 2.656E-13  0.00E+00
1.189E+01 8.573E-04 3.664E-13  0.00E+00
1.122E+01 1.114E-03 4.854E-13  0.00E+00
1.059E+01 1.472E-03 6.407E-13  0.00E+00
1.000E+01 1.787E-03 7.148E-13  0.00E+00
9.441E+00 1.995E-03 7.197E-13  0.00E+00
8.913E+00 1.484E-03 3.841E-13  0.00E+00
8.414E+00 8.839E-04 1.905E-13  3.34E-07
7.943E+00 4.227E-04 1.012E-13  3.75E-07
7.499E+00 1.866E-04 2.336E-13  4.20E-07
7.079E+00 1.464E-04 4.935E-13  4.71E-07
6.683E+00 1.450E-04 8.064E-13  5.29E-07
6.310E+00 1.443E-04 1.189E-12  5.94E-07
5.957E+00 1.412E-04 1.675E-12  6.66E-07
5.623E+00 1.390E-04 2.299E-12  7.47E-07
5.309E+00 1.391E-04 3.100E-12  8.38E-07
5.012E+00 1.486E-04 3.032E-12  6.50E-07
4.732E+00 1.522E-04 3.956E-12  7.35E-07
4.467E+00 1.571E-04 5.127E-12  8.29E-07
4.217E+00 1.629E-04 6.606E-12  9.34E-07
3.981E+00 1.688E-04 8.472E-12  1.05E-06
3.758E+00 1.747E-04 1.083E-11  1.18E-06
3.548E+00 1.811E-04 1.381E-11  1.33E-06
3.350E+00 1.875E-04 1.756E-11  1.50E-06
3.162E+00 1.933E-04 2.230E-11  1.68E-06
2.985E+00 1.998E-04 2.830E-11  1.89E-06
2.818E+00 2.071E-04 3.587E-11  2.13E-06
2.661E+00 2.149E-04 4.542E-11  2.39E-06
2.512E+00 2.233E-04 5.745E-11  2.68E-06
2.371E+00 2.325E-04 7.262E-11  3.01E-06
2.239E+00 2.422E-04 9.173E-11  3.38E-06
2.113E+00 2.526E-04 1.158E-10  3.80E-06
1.995E+00 2.638E-04 1.461E-10  4.26E-06
1.884E+00 2.756E-04 1.843E-10  4.78E-06
1.778E+00 2.883E-04 2.324E-10  5.37E-06
1.679E+00 3.023E-04 2.929E-10  6.03E-06
1.585E+00 3.177E-04 3.689E-10  6.76E-06
1.496E+00 3.337E-04 4.647E-10  7.59E-06
1.413E+00 3.506E-04 5.852E-10  8.52E-06
1.334E+00 3.683E-04 7.370E-10  9.56E-06
1.259E+00 3.871E-04 9.279E-10  1.07E-05
1.189E+00 4.081E-04 1.169E-09  1.20E-05
1.122E+00 4.305E-04 1.472E-09  1.35E-05
1.059E+00 4.543E-04 1.853E-09  1.52E-05
1.000E+00 4.795E-04 2.333E-09  1.70E-05
9.441E-01 5.064E-04 2.936E-09  1.91E-05
8.913E-01 5.348E-04 3.697E-09  2.14E-05
8.414E-01 5.647E-04 4.655E-09  2.40E-05
7.943E-01 5.961E-04 5.864E-09  2.69E-05
7.499E-01 6.291E-04 7.389E-09  3.02E-05
7.079E-01 6.638E-04 9.312E-09  3.39E-05
6.683E-01 7.006E-04 1.174E-08  3.81E-05
6.310E-01 7.398E-04 1.480E-08  4.27E-05
5.957E-01 7.812E-04 1.867E-08  4.80E-05
5.623E-01 8.249E-04 2.357E-08  5.39E-05
5.309E-01 8.709E-04 2.977E-08  6.05E-05
5.012E-01 9.195E-04 3.762E-08  6.79E-05
4.732E-01 9.706E-04 4.758E-08  7.63E-05
4.467E-01 1.024E-03 6.022E-08  8.57E-05
4.217E-01 1.080E-03 7.634E-08  9.63E-05
3.981E-01 1.139E-03 9.684E-08  1.08E-04
3.758E-01 1.198E-03 1.230E-07  1.22E-04
3.548E-01 1.259E-03 1.566E-07  1.37E-04
3.350E-01 1.322E-03 1.998E-07  1.54E-04
3.162E-01 1.386E-03 2.553E-07  1.73E-04
2.985E-01 1.450E-03 3.274E-07  1.95E-04
2.818E-01 1.514E-03 4.212E-07  2.20E-04
2.661E-01 1.575E-03 5.443E-07  2.49E-04
2.512E-01 1.631E-03 7.070E-07  2.81E-04
2.371E-01 1.604E-03 9.265E-07  3.19E-04
2.239E-01 1.757E-03 1.234E-06  3.64E-04
2.113E-01 2.527E-03 1.655E-06  4.15E-04
1.995E-01 3.584E-03 2.226E-06  4.75E-04
1.884E-01 5.295E-03 3.036E-06  5.47E-04
1.778E-01 8.187E-03 4.165E-06  6.30E-04
1.679E-01 1.192E-02 5.761E-06  7.29E-04
1.585E-01 1.720E-02 8.286E-06  8.56E-04
1.496E-01 3.470E-02 1.275E-05  9.70E-04
1.413E-01 6.257E-02 1.440E-05  8.73E-04
1.334E-01 5.941E-02 1.685E-05  1.00E-03
1.259E-01 6.585E-02 2.134E-05  1.11E-03
1.189E-01 8.261E-02 2.917E-05  1.18E-03
1.122E-01 9.622E-02 3.715E-05  1.27E-03
1.059E-01 1.183E-01 5.343E-05  1.34E-03
1.000E-01 1.524E-01 7.145E-05  1.34E-03
9.441E-02 1.824E-01 9.170E-05  1.39E-03
8.913E-02 2.063E-01 1.062E-04  1.49E-03
8.414E-02 2.231E-01 1.367E-04  1.66E-03
7.943E-02 2.668E-01 1.905E-04  1.74E-03
7.499E-02 3.184E-01 2.606E-04  1.83E-03
7.079E-02 3.515E-01 3.265E-04  2.00E-03
6.683E-02 3.582E-01 3.829E-04  2.23E-03
6.310E-02 3.012E-01 3.677E-04  2.58E-03
5.957E-02 1.875E-01 2.242E-04  3.06E-03
5.623E-02 1.499E-01 1.428E-04  3.60E-03
5.309E-02 1.403E-01 1.309E-04  4.11E-03
5.012E-02 1.340E-01 1.286E-04  4.67E-03
4.732E-02 1.291E-01 1.314E-04  5.29E-03
4.467E-02 1.249E-01 1.372E-04  5.98E-03
4.217E-02 1.209E-01 1.448E-04  6.75E-03
3.981E-02 1.169E-01 1.537E-04  7.61E-03
3.758E-02 1.126E-01 1.632E-04  8.57E-03
3.548E-02 1.082E-01 1.732E-04  9.65E-03
3.350E-02 1.036E-01 1.832E-04  1.09E-02
3.162E-02 9.864E-02 1.927E-04  1.22E-02
2.985E-02 9.360E-02 2.019E-04  1.38E-02
2.818E-02 8.833E-02 2.099E-04  1.55E-02
2.661E-02 8.311E-02 2.168E-04  1.75E-02
2.512E-02 7.776E-02 2.214E-04  1.96E-02
2.371E-02 7.244E-02 2.222E-04  2.21E-02
2.239E-02 6.995E-02 2.294E-04  2.49E-02
2.113E-02 6.619E-02 2.359E-04  2.80E-02
1.995E-02 6.256E-02 2.353E-04  3.16E-02
1.884E-02 6.477E-02 2.567E-04  3.55E-02
1.778E-02 6.101E-02 2.779E-04  4.00E-02
1.679E-02 5.753E-02 2.889E-04  4.50E-02
1.585E-02 5.425E-02 2.967E-04  5.06E-02
1.496E-02 5.106E-02 3.024E-04  5.69E-02
1.413E-02 4.789E-02 3.033E-04  6.41E-02
1.334E-02 4.707E-02 3.037E-04  7.22E-02
1.259E-02 4.588E-02 3.258E-04  8.13E-02
1.189E-02 4.264E-02 3.361E-04  9.15E-02
1.122E-02 3.939E-02 3.162E-04  1.03E-01
1.059E-02 4.758E-02 3.350E-04  1.16E-01
1.000E-02 4.424E-02 4.138E-04  1.31E-01
9.441E-03 4.079E-02 4.361E-04  1.47E-01
8.913E-03 3.744E-02 4.421E-04  1.66E-01
8.414E-03 3.423E-02 4.394E-04  1.86E-01
7.943E-03 3.119E-02 4.293E-04  2.10E-01
7.499E-03 2.836E-02 4.039E-04  2.36E-01
7.079E-03 2.814E-02 4.224E-04  2.65E-01
6.683E-03 2.554E-02 4.146E-04  2.97E-01
6.310E-03 2.312E-02 3.993E-04  3.33E-01
5.957E-03 2.091E-02 3.804E-04  3.72E-01
5.623E-03 1.883E-02 3.583E-04  4.14E-01
5.309E-03 1.695E-02 3.345E-04  4.59E-01
5.012E-03 1.524E-02 3.101E-04  5.06E-01
4.732E-03 1.367E-02 2.858E-04  5.54E-01
4.467E-03 1.224E-02 2.620E-04  6.01E-01
4.217E-03 1.094E-02 2.393E-04  6.46E-01
3.981E-03 9.753E-03 2.179E-04  6.86E-01
3.758E-03 8.679E-03 1.980E-04  7.20E-01
3.548E-03 7.704E-03 1.795E-04  7.47E-01
3.350E-03 6.823E-03 1.624E-04  7.67E-01
3.162E-03 6.035E-03 1.464E-04  7.82E-01
2.985E-03 5.338E-03 1.316E-04  7.94E-01
2.818E-03 4.686E-03 1.162E-04  8.07E-01
2.661E-03 4.088E-03 1.007E-04  8.21E-01
2.512E-03 3.578E-03 8.296E-05  8.38E-01
2.371E-03 3.129E-03 4.940E-05  8.55E-01
2.239E-03 7.411E-03 7.193E-05  8.72E-01
2.113E-03 6.615E-03 7.424E-05  8.85E-01
1.995E-03 5.860E-03 7.164E-05  8.94E-01
1.884E-03 5.164E-03 6.483E-05  9.01E-01
1.778E-03 4.529E-03 5.580E-05  9.08E-01
1.679E-03 3.954E-03 3.476E-05  9.17E-01
1.585E-03 6.329E-03 5.485E-05  9.27E-01
1.496E-03 5.535E-03 5.140E-05  9.34E-01
1.413E-03 5.375E-03 5.281E-05  9.38E-01
1.334E-03 4.709E-03 5.005E-05  9.43E-01
1.259E-03 4.113E-03 4.618E-05  9.49E-01
1.189E-03 3.585E-03 4.228E-05  9.54E-01
1.122E-03 3.100E-03 3.832E-05  9.58E-01
1.059E-03 2.676E-03 3.436E-05  9.62E-01
1.000E-03 2.300E-03 3.014E-05  9.66E-01
