1.000E+03 2.735E-07 4.010E-20  0.00E+00
9.441E+02 3.068E-07 5.048E-20  0.00E+00
8.913E+02 3.443E-07 6.355E-20  0.00E+00
8.414E+02 3.864E-07 8.000E-20  0.00E+00
7.943E+02 4.336E-07 1.007E-19  0.00E+00
7.499E+02 4.865E-07 1.268E-19  0.00E+00
7.079E+02 5.460E-07 1.596E-19  0.00E+00
6.683E+02 6.126E-07 2.010E-19  0.00E+00
6.310E+02 6.874E-07 2.530E-19  0.00E+00
5.957E+02 7.714E-07 3.185E-19  0.00E+00
5.623E+02 8.656E-07 4.010E-19  0.00E+00
5.309E+02 9.714E-07 5.049E-19  0.00E+00
5.012E+02 1.090E-06 6.357E-19  0.00E+00
4.732E+02 1.224E-06 8.003E-19  0.00E+00
4.467E+02 1.373E-06 1.007E-18  0.00E+00
4.217E+02 1.542E-06 1.268E-18  0.00E+00
3.981E+02 1.730E-06 1.597E-18  0.00E+00
3.758E+02 1.942E-06 2.011E-18  0.00E+00
3.548E+02 2.179E-06 2.532E-18  0.00E+00
3.350E+02 2.447E-06 3.187E-18  0.00E+00
3.162E+02 2.748E-06 4.012E-18  0.00E+00
2.985E+02 3.085E-06 5.052E-18  0.00E+00
2.818E+02 3.464E-06 6.361E-18  0.00E+00
2.661E+02 3.890E-06 8.009E-18  0.00E+00
2.512E+02 4.368E-06 1.009E-17  0.00E+00
2.371E+02 4.907E-06 1.270E-17  0.00E+00
2.239E+02 5.513E-06 1.599E-17  0.00E+00
2.113E+02 6.194E-06 2.013E-17  0.00E+00
1.995E+02 6.961E-06 2.535E-17  0.00E+00
1.884E+02 7.821E-06 3.192E-17  0.00E+00
1.778E+02 8.789E-06 4.019E-17  0.00E+00
1.679E+02 9.880E-06 5.061E-17  0.00E+00
1.585E+02 1.111E-05 6.374E-17  0.00E+00
1.496E+02 1.250E-05 8.027E-17  0.00E+00
1.413E+02 1.406E-05 1.011E-16  0.00E+00
1.334E+02 1.583E-05 1.273E-16  0.00E+00
1.259E+02 1.782E-05 1.604E-16  0.00E+00
1.189E+02 2.006E-05 2.020E-16  0.00E+00
1.122E+02 2.259E-05 2.545E-16  0.00E+00
1.059E+02 2.547E-05 3.205E-16  0.00E+00
1.000E+02 2.872E-05 4.037E-16  0.00E+00
9.441E+01 3.241E-05 5.085E-16  0.00E+00
8.913E+01 3.657E-05 6.405E-16  0.00E+00
8.414E+01 4.130E-05 8.067E-16  0.00E+00
7.943E+01 4.667E-05 1.016E-15  0.00E+00
7.499E+01 5.271E-05 1.280E-15  0.00E+00
7.079E+01 5.962E-05 1.612E-15  0.00E+00
6.683E+01 6.745E-05 2.029E-15  0.00E+00
6.310E+01 7.631E-05 2.554E-15  0.00E+00
5.957E+01 8.631E-05 3.213E-15  0.00E+00
5.623E+01 9.764E-05 4.041E-15  0.00E+00
5.309E+01 1.104E-04 5.080E-15  0.00E+00
5.012E+01 1.247E-04 6.383E-15  0.00E+00
4.732E+01 1.408E-04 8.015E-15  0.00E+00
4.467E+01 1.590E-04 1.006E-14  0.00E+00
4.217E+01 1.793E-04 1.262E-14  0.00E+00
3.981E+01 2.018E-04 1.578E-14  0.00E+00
3.758E+01 2.266E-04 1.973E-14  0.00E+00
3.548E+01 2.532E-04 2.474E-14  0.00E+00
3.350E+01 2.834E-04 3.101E-14  0.00E+00
3.162E+01 3.193E-04 3.885E-14  0.00E+00
2.985E+01 3.605E-04 4.859E-14  0.00E+00
2.818E+01 4.065E-04 6.055E-14  0.00E+00
2.661E+01 4.595E-04 7.547E-14  0.00E+00
2.512E+01 5.208E-04 9.417E-14  0.00E+00
2.371E+01 5.888E-04 1.164E-13  0.00E+00
2.239E+01 6.684E-04 1.438E-13  0.00E+00
2.113E+01 7.606E-04 1.753E-13  0.00E+00
1.995E+01 8.705E-04 2.113E-13  0.00E+00
1.884E+01 9.679E-04 2.362E-13  0.00E+00
1.778E+01 9.719E-04 2.426E-13  0.00E+00
1.679E+01 8.844E-04 2.454E-13  0.00E+00
1.585E+01 7.563E-04 2.672E-13  0.00E+00
1.496E+01 6.414E-04 3.317E-13  0.00E+00
1.413E+01 5.776E-04 4.761E-13  0.00E+00
1.334E+01 6.901E-04 7.339E-13  0.00E+00
1.259E+01 9.113E-04 1.057E-12  0.00E+00
1.189E+01 1.211E-03 1.459E-12  2.43E-07
1.122E+01 1.574E-03 1.932E-12  2.42E-07
1.059E+01 2.079E-03 2.551E-12  2.35E-07
1.000E+01 2.524E-03 2.845E-12  2.41E-07
9.441E+00 2.818E-03 2.865E-12  2.57E-07
8.913E+00 1.797E-03 1.392E-12  5.94E-07
8.414E+00 1.249E-03 7.585E-13  6.66E-07
7.943E+00 5.971E-04 4.029E-13  7.47E-07
7.499E+00 2.635E-04 9.302E-13  8.38E-07
7.079E+00 2.068E-04 1.965E-12  9.41E-07
6.683E+00 2.048E-04 3.210E-12  1.06E-06
6.310E+00 2.159E-04 3.679E-12  7.84E-07
5.957E+00 2.109E-04 5.089E-12  8.92E-07
5.623E+00 2.074E-04 6.881E-12  1.01E-06
5.309E+00 2.072E-04 9.164E-12  1.15E-06
5.012E+00 2.099E-04 1.207E-11  1.30E-06
4.732E+00 2.150E-04 1.575E-11  1.47E-06
4.467E+00 2.218E-04 2.041E-11  1.65E-06
4.217E+00 2.301E-04 2.630E-11  1.86E-06
3.981E+00 2.385E-04 3.373E-11  2.10E-06
3.758E+00 2.468E-04 4.312E-11  2.36E-06
3.548E+00 2.558E-04 5.498E-11  2.66E-06
3.350E+00 2.649E-04 6.991E-11  2.99E-06
3.162E+00 2.731E-04 8.879E-11  3.36E-06
2.985E+00 2.823E-04 1.126E-10  3.77E-06
2.818E+00 2.925E-04 1.428E-10  4.24E-06
2.661E+00 3.035E-04 1.808E-10  4.76E-06
2.512E+00 3.154E-04 2.287E-10  5.35E-06
2.371E+00 3.284E-04 2.891E-10  6.01E-06
2.239E+00 3.421E-04 3.652E-10  6.75E-06
2.113E+00 3.569E-04 4.608E-10  7.58E-06
1.995E+00 3.726E-04 5.815E-10  8.50E-06
1.884E+00 3.893E-04 7.335E-10  9.55E-06
1.778E+00 4.072E-04 9.250E-10  1.07E-05
1.679E+00 4.271E-04 1.166E-09  1.20E-05
1.585E+00 4.487E-04 1.469E-09  1.35E-05
1.496E+00 4.714E-04 1.850E-09  1.51E-05
1.413E+00 4.952E-04 2.330E-09  1.70E-05
1.334E+00 5.202E-04 2.934E-09  1.91E-05
1.259E+00 5.468E-04 3.694E-09  2.14E-05
1.189E+00 5.765E-04 4.653E-09  2.40E-05
1.122E+00 6.081E-04 5.860E-09  2.69E-05
1.059E+00 6.417E-04 7.378E-09  3.02E-05
1.000E+00 6.773E-04 9.287E-09  3.39E-05
9.441E-01 7.154E-04 1.169E-08  3.81E-05
8.913E-01 7.555E-04 1.472E-08  4.27E-05
8.414E-01 7.977E-04 1.853E-08  4.79E-05
7.943E-01 8.420E-04 2.335E-08  5.38E-05
7.499E-01 8.887E-04 2.942E-08  6.03E-05
7.079E-01 9.378E-04 3.707E-08  6.77E-05
6.683E-01 9.898E-04 4.672E-08  7.60E-05
6.310E-01 1.045E-03 5.892E-08  8.53E-05
5.957E-01 1.104E-03 7.435E-08  9.57E-05
5.623E-01 1.165E-03 9.386E-08  1.07E-04
5.309E-01 1.230E-03 1.185E-07  1.21E-04
5.012E-01 1.299E-03 1.498E-07  1.36E-04
4.732E-01 1.371E-03 1.894E-07  1.52E-04
4.467E-01 1.447E-03 2.398E-07  1.71E-04
4.217E-01 1.527E-03 3.039E-07  1.92E-04
3.981E-01 1.609E-03 3.856E-07  2.16E-04
3.758E-01 1.692E-03 4.899E-07  2.43E-04
3.548E-01 1.779E-03 6.237E-07  2.73E-04
3.350E-01 1.869E-03 7.955E-07  3.07E-04
3.162E-01 1.959E-03 1.017E-06  3.46E-04
2.985E-01 2.050E-03 1.304E-06  3.90E-04
2.818E-01 2.140E-03 1.677E-06  4.40E-04
2.661E-01 2.226E-03 2.167E-06  4.97E-04
2.512E-01 2.306E-03 2.816E-06  5.62E-04
2.371E-01 2.268E-03 3.690E-06  6.37E-04
2.239E-01 2.485E-03 4.915E-06  7.25E-04
2.113E-01 3.576E-03 6.593E-06  8.29E-04
1.995E-01 5.072E-03 8.867E-06  9.48E-04
1.884E-01 7.497E-03 1.210E-05  1.09E-03
1.778E-01 1.160E-02 1.660E-05  1.26E-03
1.679E-01 1.690E-02 2.296E-05  1.45E-03
1.585E-01 2.440E-02 3.304E-05  1.71E-03
1.496E-01 4.926E-02 5.087E-05  1.93E-03
1.413E-01 8.875E-02 5.742E-05  1.74E-03
1.334E-01 8.430E-02 6.720E-05  2.00E-03
1.259E-01 9.348E-02 8.512E-05  2.21E-03
1.189E-01 1.173E-01 1.164E-04  2.35E-03
1.122E-01 1.367E-01 1.482E-04  2.52E-03
1.059E-01 1.682E-01 2.133E-04  2.66E-03
1.000E-01 2.166E-01 2.851E-04  2.66E-03
9.441E-02 2.592E-01 3.657E-04  2.77E-03
8.913E-02 2.928E-01 4.230E-04  2.97E-03
8.414E-02 3.168E-01 5.444E-04  3.30E-03
7.943E-02 3.785E-01 7.577E-04  3.47E-03
7.499E-02 4.505E-01 1.034E-03  3.65E-03
7.079E-02 4.956E-01 1.290E-03  4.00E-03
6.683E-02 5.024E-01 1.504E-03  4.48E-03
6.310E-02 4.203E-01 1.436E-03  5.18E-03
5.957E-02 2.616E-01 8.742E-04  6.15E-03
5.623E-02 2.098E-01 5.578E-04  7.21E-03
5.309E-02 1.965E-01 5.112E-04  8.25E-03
5.012E-02 1.877E-01 5.015E-04  9.37E-03
4.732E-02 1.808E-01 5.116E-04  1.06E-02
4.467E-02 1.749E-01 5.332E-04  1.20E-02
4.217E-02 1.692E-01 5.615E-04  1.35E-02
3.981E-02 1.635E-01 5.943E-04  1.53E-02
3.758E-02 1.575E-01 6.293E-04  1.72E-02
3.548E-02 1.512E-01 6.656E-04  1.94E-02
3.350E-02 1.446E-01 7.014E-04  2.19E-02
3.162E-02 1.376E-01 7.349E-04  2.46E-02
2.985E-02 1.305E-01 7.666E-04  2.77E-02
2.818E-02 1.231E-01 7.933E-04  3.13E-02
2.661E-02 1.158E-01 8.150E-04  3.52E-02
2.512E-02 1.083E-01 8.277E-04  3.97E-02
2.371E-02 1.009E-01 8.256E-04  4.47E-02
2.239E-02 9.737E-02 8.463E-04  5.04E-02
2.113E-02 9.212E-02 8.636E-04  5.67E-02
1.995E-02 8.706E-02 8.544E-04  6.39E-02
1.884E-02 9.009E-02 9.231E-04  7.21E-02
1.778E-02 8.481E-02 9.885E-04  8.11E-02
1.679E-02 7.995E-02 1.016E-03  9.14E-02
1.585E-02 7.539E-02 1.030E-03  1.03E-01
1.496E-02 7.097E-02 1.035E-03  1.16E-01
1.413E-02 6.658E-02 1.023E-03  1.31E-01
1.334E-02 6.546E-02 1.007E-03  1.47E-01
1.259E-02 6.380E-02 1.060E-03  1.66E-01
1.189E-02 5.932E-02 1.072E-03  1.87E-01
1.122E-02 5.486E-02 9.871E-04  2.10E-01
1.059E-02 6.622E-02 1.020E-03  2.37E-01
1.000E-02 6.154E-02 1.227E-03  2.66E-01
9.441E-03 5.679E-02 1.258E-03  2.98E-01
8.913E-03 5.218E-02 1.241E-03  3.33E-01
8.414E-03 4.776E-02 1.198E-03  3.72E-01
7.943E-03 4.358E-02 1.136E-03  4.14E-01
7.499E-03 3.967E-02 1.037E-03  4.59E-01
7.079E-03 3.938E-02 1.053E-03  5.06E-01
6.683E-03 3.577E-02 1.005E-03  5.54E-01
6.310E-03 3.241E-02 9.443E-04  6.01E-01
5.957E-03 2.934E-02 8.811E-04  6.45E-01
5.623E-03 2.643E-02 8.171E-04  6.85E-01
5.309E-03 2.379E-02 7.552E-04  7.20E-01
5.012E-03 2.140E-02 6.973E-04  7.47E-01
4.732E-03 1.920E-02 6.435E-04  7.67E-01
4.467E-03 1.720E-02 5.924E-04  7.82E-01
4.217E-03 1.538E-02 5.439E-04  7.95E-01
3.981E-03 1.372E-02 4.970E-04  8.07E-01
3.758E-03 1.221E-02 4.513E-04  8.21E-01
3.548E-03 1.085E-02 4.064E-04  8.38E-01
3.350E-03 9.613E-03 3.637E-04  8.55E-01
3.162E-03 8.505E-03 3.237E-04  8.72E-01
2.985E-03 7.526E-03 2.874E-04  8.85E-01
2.818E-03 6.608E-03 2.511E-04  8.94E-01
2.661E-03 5.766E-03 2.161E-04  9.01E-01
2.512E-03 5.048E-03 1.772E-04  9.08E-01
2.371E-03 4.415E-03 1.051E-04  9.17E-01
2.239E-03 1.045E-02 1.521E-04  9.27E-01
2.113E-03 9.327E-03 1.564E-04  9.34E-01
1.995E-03 8.264E-03 1.502E-04  9.38E-01
1.884E-03 7.284E-03 1.353E-04  9.43E-01
1.778E-03 6.389E-03 1.158E-04  9.49E-01
1.679E-03 5.580E-03 7.192E-05  9.54E-01
1.585E-03 8.925E-03 1.132E-04  9.58E-01
1.496E-03 7.808E-03 1.058E-04  9.62E-01
1.413E-03 7.582E-03 1.083E-04  9.66E-01
1.334E-03 6.643E-03 1.024E-04  9.69E-01
1.259E-03 5.804E-03 9.431E-05  9.71E-01
1.189E-03 5.059E-03 8.618E-05  9.74E-01
1.122E-03 4.375E-03 7.794E-05  9.76E-01
1.059E-03 3.778E-03 6.976E-05  9.79E-01
1.000E-03 3.247E-03 6.112E-05  9.81E-01
