1.000E+03 8.647E-06 4.010E-14  0.00E+00
9.441E+02 9.703E-06 5.048E-14  0.00E+00
8.913E+02 1.089E-05 6.355E-14  0.00E+00
8.414E+02 1.222E-05 8.000E-14  0.00E+00
7.943E+02 1.371E-05 1.007E-13  0.00E+00
7.499E+02 1.539E-05 1.268E-13  0.00E+00
7.079E+02 1.726E-05 1.596E-13  0.00E+00
6.683E+02 1.937E-05 2.010E-13  0.00E+00
6.310E+02 2.174E-05 2.530E-13  0.00E+00
5.957E+02 2.439E-05 3.185E-13  0.00E+00
5.623E+02 2.737E-05 4.010E-13  0.00E+00
5.309E+02 3.072E-05 5.049E-13  0.00E+00
5.012E+02 3.447E-05 6.357E-13  0.00E+00
4.732E+02 3.869E-05 8.003E-13  0.00E+00
4.467E+02 4.343E-05 1.007E-12  0.00E+00
4.217E+02 4.875E-05 1.268E-12  0.00E+00
3.981E+02 5.471E-05 1.597E-12  0.00E+00
3.758E+02 6.141E-05 2.011E-12  5.62E-07
3.548E+02 6.892E-05 2.532E-12  6.31E-07
3.350E+02 7.739E-05 3.187E-12  7.07E-07
3.162E+02 8.689E-05 4.012E-12  7.93E-07
2.985E+02 9.757E-05 5.052E-12  8.88E-07
2.818E+02 1.095E-04 6.361E-12  9.96E-07
2.661E+02 1.230E-04 8.010E-12  1.12E-06
2.512E+02 1.381E-04 1.009E-11  1.25E-06
2.371E+02 1.552E-04 1.270E-11  1.40E-06
2.239E+02 1.743E-04 1.599E-11  1.57E-06
2.113E+02 1.959E-04 2.013E-11  1.76E-06
1.995E+02 2.201E-04 2.535E-11  1.97E-06
1.884E+02 2.473E-04 3.192E-11  2.21E-06
1.778E+02 2.779E-04 4.019E-11  2.48E-06
1.679E+02 3.125E-04 5.061E-11  2.77E-06
1.585E+02 3.514E-04 6.374E-11  3.11E-06
1.496E+02 3.952E-04 8.027E-11  3.47E-06
1.413E+02 4.447E-04 1.011E-10  3.89E-06
1.334E+02 5.005E-04 1.273E-10  4.35E-06
1.259E+02 5.634E-04 1.604E-10  4.86E-06
1.189E+02 6.345E-04 2.020E-10  5.42E-06
1.122E+02 7.145E-04 2.545E-10  6.06E-06
1.059E+02 8.055E-04 3.205E-10  6.75E-06
1.000E+02 9.083E-04 4.037E-10  7.53E-06
9.441E+01 1.025E-03 5.085E-10  8.38E-06
8.913E+01 1.157E-03 6.405E-10  9.32E-06
8.414E+01 1.306E-03 8.068E-10  1.03E-05
7.943E+01 1.476E-03 1.016E-09  1.15E-05
7.499E+01 1.667E-03 1.280E-09  1.27E-05
7.079E+01 1.885E-03 1.612E-09  1.40E-05
6.683E+01 2.133E-03 2.029E-09  1.55E-05
6.310E+01 2.413E-03 2.554E-09  1.70E-05
5.957E+01 2.730E-03 3.213E-09  1.87E-05
5.623E+01 3.088E-03 4.041E-09  2.05E-05
5.309E+01 3.492E-03 5.080E-09  2.24E-05
5.012E+01 3.944E-03 6.384E-09  2.44E-05
4.732E+01 4.454E-03 8.015E-09  2.65E-05
4.467E+01 5.027E-03 1.006E-08  2.88E-05
4.217E+01 5.671E-03 1.262E-08  3.12E-05
3.981E+01 6.383E-03 1.578E-08  3.37E-05
3.758E+01 7.169E-03 1.974E-08  3.64E-05
3.548E+01 8.009E-03 2.474E-08  3.95E-05
3.350E+01 8.965E-03 3.102E-08  4.28E-05
3.162E+01 1.010E-02 3.885E-08  4.60E-05
2.985E+01 1.141E-02 4.860E-08  4.94E-05
2.818E+01 1.286E-02 6.056E-08  5.30E-05
2.661E+01 1.453E-02 7.549E-08  5.67E-05
2.512E+01 1.647E-02 9.419E-08  6.05E-05
2.371E+01 1.863E-02 1.164E-07  6.46E-05
2.239E+01 2.115E-02 1.439E-07  6.89E-05
2.113E+01 2.406E-02 1.754E-07  7.33E-05
1.995E+01 2.754E-02 2.114E-07  7.78E-05
1.884E+01 3.062E-02 2.363E-07  8.37E-05
1.778E+01 3.075E-02 2.427E-07  9.44E-05
1.679E+01 2.798E-02 2.455E-07  1.10E-04
1.585E+01 2.393E-02 2.673E-07  1.30E-04
1.496E+01 2.030E-02 3.318E-07  1.55E-04
1.413E+01 1.828E-02 4.762E-07  1.88E-04
1.334E+01 2.185E-02 7.342E-07  2.20E-04
1.259E+01 2.885E-02 1.058E-06  2.38E-04
1.189E+01 3.835E-02 1.460E-06  2.43E-04
1.122E+01 4.985E-02 1.934E-06  2.41E-04
1.059E+01 6.583E-02 2.552E-06  2.35E-04
1.000E+01 7.989E-02 2.847E-06  2.41E-04
9.441E+00 8.916E-02 2.865E-06  2.57E-04
8.913E+00 6.630E-02 1.528E-06  3.02E-04
8.414E+00 4.284E-02 7.652E-07  3.59E-04
7.943E+00 1.989E-02 3.790E-07  4.24E-04
7.499E+00 8.835E-03 8.102E-07  5.07E-04
7.079E+00 6.953E-03 1.619E-06  5.95E-04
6.683E+00 6.884E-03 2.556E-06  6.86E-04
6.310E+00 6.843E-03 3.680E-06  7.84E-04
5.957E+00 6.687E-03 5.091E-06  8.92E-04
5.623E+00 6.580E-03 6.885E-06  1.01E-03
5.309E+00 6.576E-03 9.170E-06  1.15E-03
5.012E+00 6.664E-03 1.208E-05  1.30E-03
4.732E+00 6.832E-03 1.577E-05  1.46E-03
4.467E+00 7.053E-03 2.044E-05  1.65E-03
4.217E+00 7.322E-03 2.634E-05  1.86E-03
3.981E+00 7.594E-03 3.379E-05  2.10E-03
3.758E+00 7.867E-03 4.321E-05  2.36E-03
3.548E+00 8.160E-03 5.510E-05  2.65E-03
3.350E+00 8.460E-03 7.009E-05  2.98E-03
3.162E+00 8.732E-03 8.905E-05  3.35E-03
2.985E+00 9.039E-03 1.130E-04  3.77E-03
2.818E+00 9.382E-03 1.433E-04  4.23E-03
2.661E+00 9.753E-03 1.816E-04  4.75E-03
2.512E+00 1.016E-02 2.298E-04  5.34E-03
2.371E+00 1.060E-02 2.906E-04  5.99E-03
2.239E+00 1.107E-02 3.674E-04  6.73E-03
2.113E+00 1.158E-02 4.639E-04  7.55E-03
1.995E+00 1.213E-02 5.858E-04  8.47E-03
1.884E+00 1.271E-02 7.397E-04  9.51E-03
1.778E+00 1.335E-02 9.337E-04  1.07E-02
1.679E+00 1.406E-02 1.178E-03  1.20E-02
1.585E+00 1.484E-02 1.486E-03  1.34E-02
1.496E+00 1.568E-02 1.874E-03  1.50E-02
1.413E+00 1.657E-02 2.364E-03  1.69E-02
1.334E+00 1.752E-02 2.982E-03  1.89E-02
1.259E+00 1.855E-02 3.761E-03  2.12E-02
1.189E+00 1.972E-02 4.747E-03  2.38E-02
1.122E+00 2.100E-02 5.992E-03  2.67E-02
1.059E+00 2.238E-02 7.561E-03  2.99E-02
1.000E+00 2.389E-02 9.543E-03  3.35E-02
9.441E-01 2.554E-02 1.204E-02  3.75E-02
8.913E-01 2.735E-02 1.521E-02  4.21E-02
8.414E-01 2.932E-02 1.921E-02  4.72E-02
7.943E-01 3.147E-02 2.428E-02  5.29E-02
7.499E-01 3.382E-02 3.069E-02  5.93E-02
7.079E-01 3.641E-02 3.881E-02  6.65E-02
6.683E-01 3.928E-02 4.907E-02  7.46E-02
6.310E-01 4.247E-02 6.206E-02  8.37E-02
5.957E-01 4.602E-02 7.851E-02  9.40E-02
5.623E-01 4.997E-02 9.926E-02  1.06E-01
5.309E-01 5.436E-02 1.254E-01  1.19E-01
5.012E-01 5.926E-02 1.582E-01  1.34E-01
4.732E-01 6.473E-02 1.992E-01  1.51E-01
4.467E-01 7.084E-02 2.501E-01  1.71E-01
4.217E-01 7.769E-02 3.131E-01  1.94E-01
3.981E-01 8.538E-02 3.897E-01  2.22E-01
3.758E-01 9.402E-02 4.822E-01  2.54E-01
3.548E-01 1.042E-01 5.931E-01  2.93E-01
3.350E-01 1.164E-01 7.251E-01  3.39E-01
3.162E-01 1.320E-01 8.842E-01  3.95E-01
2.985E-01 1.528E-01 1.086E+00  4.58E-01
2.818E-01 1.814E-01 1.359E+00  5.22E-01
2.661E-01 2.181E-01 1.753E+00  5.70E-01
2.512E-01 2.532E-01 2.280E+00  5.83E-01
2.371E-01 2.533E-01 2.806E+00  5.58E-01
2.239E-01 2.510E-01 3.058E+00  5.22E-01
2.113E-01 3.335E-01 3.043E+00  5.18E-01
1.995E-01 5.417E-01 3.173E+00  5.60E-01
1.884E-01 9.682E-01 3.501E+00  6.34E-01
1.778E-01 1.166E+00 3.034E+00  6.40E-01
1.679E-01 1.310E+00 2.263E+00  6.04E-01
1.585E-01 1.575E+00 1.573E+00  6.42E-01
1.496E-01 1.568E+00 1.334E+00  7.08E-01
1.413E-01 1.522E+00 1.328E+00  7.40E-01
1.334E-01 1.510E+00 1.326E+00  7.55E-01
1.259E-01 1.481E+00 1.308E+00  7.63E-01
1.189E-01 1.445E+00 1.299E+00  7.69E-01
1.122E-01 1.422E+00 1.292E+00  7.79E-01
1.059E-01 1.382E+00 1.315E+00  7.77E-01
1.000E-01 1.349E+00 1.313E+00  7.82E-01
9.441E-02 1.321E+00 1.305E+00  7.89E-01
8.913E-02 1.295E+00 1.273E+00  8.02E-01
8.414E-02 1.272E+00 1.284E+00  8.06E-01
7.943E-02 1.232E+00 1.306E+00  8.04E-01
7.499E-02 1.177E+00 1.326E+00  8.01E-01
7.079E-02 1.116E+00 1.334E+00  8.00E-01
6.683E-02 1.040E+00 1.345E+00  7.98E-01
6.310E-02 9.408E-01 1.346E+00  8.00E-01
5.957E-02 8.714E-01 1.267E+00  8.29E-01
5.623E-02 9.197E-01 1.112E+00  8.78E-01
5.309E-02 9.376E-01 1.049E+00  8.97E-01
5.012E-02 9.456E-01 1.009E+00  9.11E-01
4.732E-02 9.476E-01 9.832E-01  9.21E-01
4.467E-02 9.461E-01 9.656E-01  9.29E-01
4.217E-02 9.423E-01 9.531E-01  9.36E-01
3.981E-02 9.370E-01 9.442E-01  9.42E-01
3.758E-02 9.306E-01 9.376E-01  9.47E-01
3.548E-02 9.234E-01 9.330E-01  9.52E-01
3.350E-02 9.159E-01 9.293E-01  9.57E-01
3.162E-02 9.078E-01 9.266E-01  9.61E-01
2.985E-02 8.996E-01 9.246E-01  9.65E-01
2.818E-02 8.909E-01 9.229E-01  9.69E-01
2.661E-02 8.822E-01 9.202E-01  9.72E-01
2.512E-02 8.731E-01 9.159E-01  9.75E-01
2.371E-02 8.641E-01 9.055E-01  9.78E-01
2.239E-02 8.625E-01 8.884E-01  9.81E-01
2.113E-02 8.550E-01 8.804E-01  9.83E-01
1.995E-02 8.489E-01 8.570E-01  9.85E-01
1.884E-02 8.614E-01 8.296E-01  9.87E-01
1.778E-02 8.484E-01 8.509E-01  9.88E-01
1.679E-02 8.380E-01 8.509E-01  9.89E-01
1.585E-02 8.278E-01 8.440E-01  9.90E-01
1.496E-02 8.167E-01 8.337E-01  9.92E-01
1.413E-02 8.045E-01 8.159E-01  9.93E-01
1.334E-02 8.050E-01 7.725E-01  9.93E-01
1.259E-02 8.001E-01 7.733E-01  9.94E-01
1.189E-02 7.825E-01 7.766E-01  9.95E-01
1.122E-02 7.646E-01 7.300E-01  9.95E-01
1.059E-02 8.220E-01 6.321E-01  9.96E-01
1.000E-02 7.991E-01 7.335E-01  9.96E-01
9.441E-03 7.777E-01 7.584E-01  9.96E-01
8.913E-03 7.548E-01 7.641E-01  9.97E-01
8.414E-03 7.298E-01 7.603E-01  9.97E-01
7.943E-03 7.029E-01 7.474E-01  9.98E-01
7.499E-03 6.744E-01 7.132E-01  9.98E-01
7.079E-03 6.730E-01 7.098E-01  9.98E-01
6.683E-03 6.422E-01 7.045E-01  9.98E-01
6.310E-03 6.100E-01 6.891E-01  9.99E-01
5.957E-03 5.773E-01 6.684E-01  9.99E-01
5.623E-03 5.430E-01 6.434E-01  9.99E-01
5.309E-03 5.087E-01 6.143E-01  9.99E-01
5.012E-03 4.748E-01 5.828E-01  9.99E-01
4.732E-03 4.410E-01 5.498E-01  9.99E-01
4.467E-03 4.078E-01 5.154E-01  9.99E-01
4.217E-03 3.754E-01 4.803E-01  9.99E-01
3.981E-03 3.441E-01 4.449E-01  9.99E-01
3.758E-03 3.140E-01 4.096E-01  9.99E-01
3.548E-03 2.853E-01 3.744E-01  1.00E+00
3.350E-03 2.580E-01 3.401E-01  1.00E+00
3.162E-03 2.326E-01 3.069E-01  1.00E+00
2.985E-03 2.092E-01 2.754E-01  1.00E+00
2.818E-03 1.866E-01 2.429E-01  1.00E+00
2.661E-03 1.651E-01 2.107E-01  1.00E+00
2.512E-03 1.464E-01 1.741E-01  1.00E+00
2.371E-03 1.294E-01 1.045E-01  1.00E+00
2.239E-03 2.773E-01 1.345E-01  1.00E+00
2.113E-03 2.521E-01 1.399E-01  1.00E+00
1.995E-03 2.273E-01 1.360E-01  1.00E+00
1.884E-03 2.036E-01 1.240E-01  1.00E+00
1.778E-03 1.813E-01 1.076E-01  1.00E+00
1.679E-03 1.605E-01 6.780E-02  1.00E+00
1.585E-03 2.430E-01 9.967E-02  1.00E+00
1.496E-03 2.165E-01 9.466E-02  1.00E+00
1.413E-03 2.110E-01 9.692E-02  1.00E+00
1.334E-03 1.878E-01 9.286E-02  1.00E+00
1.259E-03 1.663E-01 8.664E-02  1.00E+00
1.189E-03 1.468E-01 8.009E-02  1.00E+00
1.122E-03 1.284E-01 7.319E-02  1.00E+00
1.059E-03 1.120E-01 6.612E-02  1.00E+00
1.000E-03 9.714E-02 5.842E-02  1.00E+00
