1.000E+03 6.869E-07 1.596E-18  0.00E+00
9.441E+02 7.708E-07 2.010E-18  0.00E+00
8.913E+02 8.649E-07 2.530E-18  0.00E+00
8.414E+02 9.705E-07 3.185E-18  0.00E+00
7.943E+02 1.089E-06 4.010E-18  0.00E+00
7.499E+02 1.222E-06 5.048E-18  0.00E+00
7.079E+02 1.371E-06 6.355E-18  0.00E+00
6.683E+02 1.539E-06 8.001E-18  0.00E+00
6.310E+02 1.727E-06 1.007E-17  0.00E+00
5.957E+02 1.938E-06 1.268E-17  0.00E+00
5.623E+02 2.174E-06 1.597E-17  0.00E+00
5.309E+02 2.440E-06 2.010E-17  0.00E+00
5.012E+02 2.738E-06 2.531E-17  0.00E+00
4.732E+02 3.073E-06 3.186E-17  0.00E+00
4.467E+02 3.450E-06 4.011E-17  0.00E+00
4.217E+02 3.872E-06 5.049E-17  0.00E+00
3.981E+02 4.346E-06 6.357E-17  0.00E+00
3.758E+02 4.878E-06 8.004E-17  0.00E+00
3.548E+02 5.475E-06 1.008E-16  0.00E+00
3.350E+02 6.147E-06 1.269E-16  0.00E+00
3.162E+02 6.902E-06 1.597E-16  0.00E+00
2.985E+02 7.750E-06 2.011E-16  0.00E+00
2.818E+02 8.701E-06 2.532E-16  0.00E+00
2.661E+02 9.770E-06 3.189E-16  0.00E+00
2.512E+02 1.097E-05 4.015E-16  0.00E+00
2.371E+02 1.232E-05 5.055E-16  0.00E+00
2.239E+02 1.385E-05 6.365E-16  0.00E+00
2.113E+02 1.556E-05 8.014E-16  0.00E+00
1.995E+02 1.748E-05 1.009E-15  0.00E+00
1.884E+02 1.965E-05 1.271E-15  0.00E+00
1.778E+02 2.208E-05 1.600E-15  0.00E+00
1.679E+02 2.482E-05 2.015E-15  0.00E+00
1.585E+02 2.791E-05 2.538E-15  0.00E+00
1.496E+02 3.139E-05 3.196E-15  0.00E+00
1.413E+02 3.532E-05 4.025E-15  0.00E+00
1.334E+02 3.976E-05 5.069E-15  0.00E+00
1.259E+02 4.475E-05 6.384E-15  0.00E+00
1.189E+02 5.039E-05 8.042E-15  0.00E+00
1.122E+02 5.675E-05 1.013E-14  0.00E+00
1.059E+02 6.398E-05 1.276E-14  0.00E+00
1.000E+02 7.214E-05 1.607E-14  0.00E+00
9.441E+01 8.140E-05 2.024E-14  0.00E+00
8.913E+01 9.187E-05 2.550E-14  0.00E+00
8.414E+01 1.037E-04 3.212E-14  0.00E+00
7.943E+01 1.172E-04 4.045E-14  0.00E+00
7.499E+01 1.324E-04 5.095E-14  0.00E+00
7.079E+01 1.497E-04 6.416E-14  0.00E+00
6.683E+01 1.694E-04 8.077E-14  0.00E+00
6.310E+01 1.917E-04 1.017E-13  0.00E+00
5.957E+01 2.168E-04 1.279E-13  0.00E+00
5.623E+01 2.453E-04 1.609E-13  0.00E+00
5.309E+01 2.773E-04 2.022E-13  0.00E+00
5.012E+01 3.133E-04 2.541E-13  0.00E+00
4.732E+01 3.538E-04 3.191E-13  0.00E+00
4.467E+01 3.993E-04 4.004E-13  0.00E+00
4.217E+01 4.503E-04 5.022E-13  0.00E+00
3.981E+01 5.069E-04 6.283E-13  0.00E+00
3.758E+01 5.693E-04 7.856E-13  0.00E+00
3.548E+01 6.360E-04 9.849E-13  0.00E+00
3.350E+01 7.119E-04 1.235E-12  0.00E+00
3.162E+01 8.020E-04 1.547E-12  0.00E+00
2.985E+01 9.057E-04 1.935E-12  3.11E-07
2.818E+01 1.021E-03 2.411E-12  3.34E-07
2.661E+01 1.154E-03 3.005E-12  3.58E-07
2.512E+01 1.308E-03 3.749E-12  3.82E-07
2.371E+01 1.479E-03 4.633E-12  4.08E-07
2.239E+01 1.679E-03 5.727E-12  4.35E-07
2.113E+01 1.911E-03 6.980E-12  4.63E-07
1.995E+01 2.187E-03 8.413E-12  4.91E-07
1.884E+01 2.431E-03 9.403E-12  5.28E-07
1.778E+01 2.441E-03 9.659E-12  5.95E-07
1.679E+01 2.222E-03 9.770E-12  6.92E-07
1.585E+01 1.900E-03 1.064E-11  8.18E-07
1.496E+01 1.611E-03 1.320E-11  9.76E-07
1.413E+01 1.451E-03 1.895E-11  1.19E-06
1.334E+01 1.733E-03 2.922E-11  1.39E-06
1.259E+01 2.289E-03 4.210E-11  1.50E-06
1.189E+01 3.042E-03 5.808E-11  1.53E-06
1.122E+01 3.954E-03 7.693E-11  1.52E-06
1.059E+01 5.222E-03 1.015E-10  1.48E-06
1.000E+01 6.339E-03 1.133E-10  1.52E-06
9.441E+00 7.078E-03 1.141E-10  1.62E-06
8.913E+00 5.265E-03 6.088E-11  1.91E-06
8.414E+00 3.402E-03 3.048E-11  2.26E-06
7.943E+00 1.500E-03 1.604E-11  4.71E-06
7.499E+00 7.011E-04 3.226E-11  3.20E-06
7.079E+00 5.515E-04 6.444E-11  3.75E-06
6.683E+00 5.458E-04 1.017E-10  4.33E-06
6.310E+00 5.423E-04 1.464E-10  4.95E-06
5.957E+00 5.298E-04 2.026E-10  5.63E-06
5.623E+00 5.211E-04 2.739E-10  6.39E-06
5.309E+00 5.205E-04 3.648E-10  7.24E-06
5.012E+00 5.272E-04 4.806E-10  8.19E-06
4.732E+00 5.402E-04 6.270E-10  9.25E-06
4.467E+00 5.573E-04 8.126E-10  1.04E-05
4.217E+00 5.781E-04 1.047E-09  1.18E-05
3.981E+00 5.991E-04 1.343E-09  1.32E-05
3.758E+00 6.201E-04 1.717E-09  1.49E-05
3.548E+00 6.425E-04 2.189E-09  1.68E-05
3.350E+00 6.654E-04 2.783E-09  1.89E-05
3.162E+00 6.859E-04 3.535E-09  2.12E-05
2.985E+00 7.090E-04 4.485E-09  2.38E-05
2.818E+00 7.348E-04 5.685E-09  2.68E-05
2.661E+00 7.624E-04 7.199E-09  3.01E-05
2.512E+00 7.924E-04 9.106E-09  3.38E-05
2.371E+00 8.251E-04 1.151E-08  3.79E-05
2.239E+00 8.595E-04 1.454E-08  4.26E-05
2.113E+00 8.965E-04 1.835E-08  4.78E-05
1.995E+00 9.362E-04 2.315E-08  5.37E-05
1.884E+00 9.781E-04 2.920E-08  6.02E-05
1.778E+00 1.023E-03 3.683E-08  6.76E-05
1.679E+00 1.073E-03 4.642E-08  7.59E-05
1.585E+00 1.127E-03 5.847E-08  8.51E-05
1.496E+00 1.184E-03 7.365E-08  9.55E-05
1.413E+00 1.244E-03 9.276E-08  1.07E-04
1.334E+00 1.307E-03 1.168E-07  1.20E-04
1.259E+00 1.374E-03 1.471E-07  1.35E-04
1.189E+00 1.449E-03 1.853E-07  1.51E-04
1.122E+00 1.528E-03 2.333E-07  1.70E-04
1.059E+00 1.613E-03 2.938E-07  1.91E-04
1.000E+00 1.702E-03 3.698E-07  2.14E-04
9.441E-01 1.798E-03 4.655E-07  2.40E-04
8.913E-01 1.899E-03 5.860E-07  2.69E-04
8.414E-01 2.005E-03 7.380E-07  3.02E-04
7.943E-01 2.117E-03 9.297E-07  3.39E-04
7.499E-01 2.235E-03 1.171E-06  3.81E-04
7.079E-01 2.359E-03 1.476E-06  4.27E-04
6.683E-01 2.490E-03 1.861E-06  4.79E-04
6.310E-01 2.629E-03 2.347E-06  5.38E-04
5.957E-01 2.777E-03 2.961E-06  6.04E-04
5.623E-01 2.933E-03 3.738E-06  6.78E-04
5.309E-01 3.098E-03 4.722E-06  7.61E-04
5.012E-01 3.271E-03 5.967E-06  8.55E-04
4.732E-01 3.454E-03 7.547E-06  9.60E-04
4.467E-01 3.647E-03 9.554E-06  1.08E-03
4.217E-01 3.848E-03 1.211E-05  1.21E-03
3.981E-01 4.058E-03 1.537E-05  1.36E-03
3.758E-01 4.270E-03 1.953E-05  1.53E-03
3.548E-01 4.492E-03 2.486E-05  1.72E-03
3.350E-01 4.721E-03 3.172E-05  1.94E-03
3.162E-01 4.954E-03 4.055E-05  2.18E-03
2.985E-01 5.187E-03 5.201E-05  2.46E-03
2.818E-01 5.421E-03 6.693E-05  2.77E-03
2.661E-01 5.646E-03 8.654E-05  3.13E-03
2.512E-01 5.856E-03 1.125E-04  3.54E-03
2.371E-01 5.769E-03 1.475E-04  4.01E-03
2.239E-01 6.335E-03 1.966E-04  4.57E-03
2.113E-01 9.137E-03 2.640E-04  5.22E-03
1.995E-01 1.300E-02 3.555E-04  5.97E-03
1.884E-01 1.928E-02 4.857E-04  6.87E-03
1.778E-01 2.995E-02 6.676E-04  7.92E-03
1.679E-01 4.388E-02 9.255E-04  9.15E-03
1.585E-01 6.383E-02 1.336E-03  1.07E-02
1.496E-01 1.301E-01 2.064E-03  1.22E-02
1.413E-01 2.323E-01 2.320E-03  1.09E-02
1.334E-01 2.216E-01 2.719E-03  1.25E-02
1.259E-01 2.468E-01 3.448E-03  1.38E-02
1.189E-01 3.110E-01 4.720E-03  1.47E-02
1.122E-01 3.631E-01 6.007E-03  1.58E-02
1.059E-01 4.490E-01 8.657E-03  1.66E-02
1.000E-01 5.743E-01 1.150E-02  1.67E-02
9.441E-02 6.818E-01 1.461E-02  1.74E-02
8.913E-02 7.586E-01 1.661E-02  1.89E-02
8.414E-02 8.204E-01 2.125E-02  2.10E-02
7.943E-02 9.629E-01 2.896E-02  2.23E-02
7.499E-02 1.106E+00 3.799E-02  2.38E-02
7.079E-02 1.164E+00 4.508E-02  2.66E-02
6.683E-02 1.123E+00 4.959E-02  3.03E-02
6.310E-02 9.044E-01 4.512E-02  3.53E-02
5.957E-02 5.717E-01 2.761E-02  4.15E-02
5.623E-02 4.721E-01 1.794E-02  4.82E-02
5.309E-02 4.450E-01 1.632E-02  5.50E-02
5.012E-02 4.258E-01 1.581E-02  6.26E-02
4.732E-02 4.099E-01 1.585E-02  7.11E-02
4.467E-02 3.956E-01 1.618E-02  8.05E-02
4.217E-02 3.816E-01 1.664E-02  9.12E-02
3.981E-02 3.674E-01 1.716E-02  1.03E-01
3.758E-02 3.527E-01 1.766E-02  1.17E-01
3.548E-02 3.376E-01 1.810E-02  1.32E-01
3.350E-02 3.222E-01 1.845E-02  1.49E-01
3.162E-02 3.062E-01 1.866E-02  1.68E-01
2.985E-02 2.903E-01 1.874E-02  1.89E-01
2.818E-02 2.740E-01 1.862E-02  2.13E-01
2.661E-02 2.581E-01 1.834E-02  2.40E-01
2.512E-02 2.422E-01 1.781E-02  2.69E-01
2.371E-02 2.267E-01 1.695E-02  3.02E-01
2.239E-02 2.195E-01 1.648E-02  3.38E-01
2.113E-02 2.086E-01 1.592E-02  3.77E-01
1.995E-02 1.982E-01 1.488E-02  4.18E-01
1.884E-02 2.051E-01 1.504E-02  4.64E-01
1.778E-02 1.938E-01 1.513E-02  5.09E-01
1.679E-02 1.836E-01 1.462E-02  5.55E-01
1.585E-02 1.740E-01 1.393E-02  6.01E-01
1.496E-02 1.646E-01 1.319E-02  6.44E-01
1.413E-02 1.552E-01 1.230E-02  6.84E-01
1.334E-02 1.530E-01 1.145E-02  7.19E-01
1.259E-02 1.494E-01 1.144E-02  7.47E-01
1.189E-02 1.394E-01 1.107E-02  7.69E-01
1.122E-02 1.296E-01 9.822E-03  7.85E-01
1.059E-02 1.554E-01 9.673E-03  7.99E-01
1.000E-02 1.446E-01 1.127E-02  8.11E-01
9.441E-03 1.340E-01 1.125E-02  8.24E-01
8.913E-03 1.236E-01 1.082E-02  8.40E-01
8.414E-03 1.137E-01 1.022E-02  8.56E-01
7.943E-03 1.042E-01 9.513E-03  8.72E-01
7.499E-03 9.528E-02 8.560E-03  8.85E-01
7.079E-03 9.463E-02 8.565E-03  8.95E-01
6.683E-03 8.626E-02 8.121E-03  9.02E-01
6.310E-03 7.844E-02 7.583E-03  9.09E-01
5.957E-03 7.126E-02 7.026E-03  9.18E-01
5.623E-03 6.442E-02 6.460E-03  9.27E-01
5.309E-03 5.818E-02 5.911E-03  9.34E-01
5.012E-03 5.248E-02 5.394E-03  9.39E-01
4.732E-03 4.723E-02 4.907E-03  9.44E-01
4.467E-03 4.240E-02 4.442E-03  9.49E-01
4.217E-03 3.799E-02 4.009E-03  9.55E-01
3.981E-03 3.396E-02 3.607E-03  9.58E-01
3.758E-03 3.029E-02 3.233E-03  9.62E-01
3.548E-03 2.694E-02 2.881E-03  9.66E-01
3.350E-03 2.391E-02 2.558E-03  9.69E-01
3.162E-03 2.118E-02 2.261E-03  9.71E-01
2.985E-03 1.876E-02 1.992E-03  9.74E-01
2.818E-03 1.649E-02 1.727E-03  9.76E-01
2.661E-03 1.440E-02 1.473E-03  9.79E-01
2.512E-03 1.262E-02 1.199E-03  9.81E-01
2.371E-03 1.104E-02 7.070E-04  9.82E-01
2.239E-03 2.599E-02 1.013E-03  9.84E-01
2.113E-03 2.323E-02 1.037E-03  9.86E-01
1.995E-03 2.060E-02 9.910E-04  9.87E-01
1.884E-03 1.818E-02 8.886E-04  9.88E-01
1.778E-03 1.596E-02 7.587E-04  9.89E-01
1.679E-03 1.395E-02 4.698E-04  9.90E-01
1.585E-03 2.224E-02 7.342E-04  9.91E-01
1.496E-03 1.948E-02 6.846E-04  9.92E-01
1.413E-03 1.892E-02 6.990E-04  9.93E-01
1.334E-03 1.659E-02 6.594E-04  9.93E-01
1.259E-03 1.451E-02 6.065E-04  9.94E-01
1.189E-03 1.265E-02 5.534E-04  9.95E-01
1.122E-03 1.095E-02 4.997E-04  9.95E-01
1.059E-03 9.458E-03 4.467E-04  9.96E-01
1.000E-03 8.133E-03 3.909E-04  9.96E-01
