1.000E+03 4.334E-06 2.530E-15  0.00E+00
9.441E+02 4.863E-06 3.185E-15  0.00E+00
8.913E+02 5.457E-06 4.010E-15  0.00E+00
8.414E+02 6.124E-06 5.048E-15  0.00E+00
7.943E+02 6.872E-06 6.355E-15  0.00E+00
7.499E+02 7.711E-06 8.000E-15  0.00E+00
7.079E+02 8.653E-06 1.007E-14  0.00E+00
6.683E+02 9.709E-06 1.268E-14  0.00E+00
6.310E+02 1.090E-05 1.596E-14  0.00E+00
5.957E+02 1.223E-05 2.010E-14  0.00E+00
5.623E+02 1.372E-05 2.530E-14  0.00E+00
5.309E+02 1.540E-05 3.186E-14  0.00E+00
5.012E+02 1.728E-05 4.011E-14  0.00E+00
4.732E+02 1.939E-05 5.049E-14  0.00E+00
4.467E+02 2.177E-05 6.357E-14  0.00E+00
4.217E+02 2.443E-05 8.003E-14  0.00E+00
3.981E+02 2.742E-05 1.008E-13  0.00E+00
3.758E+02 3.078E-05 1.269E-13  0.00E+00
3.548E+02 3.454E-05 1.597E-13  0.00E+00
3.350E+02 3.878E-05 2.011E-13  0.00E+00
3.162E+02 4.355E-05 2.532E-13  0.00E+00
2.985E+02 4.890E-05 3.187E-13  0.00E+00
2.818E+02 5.490E-05 4.013E-13  0.00E+00
2.661E+02 6.164E-05 5.054E-13  0.00E+00
2.512E+02 6.923E-05 6.363E-13  0.00E+00
2.371E+02 7.776E-05 8.012E-13  0.00E+00
2.239E+02 8.737E-05 1.009E-12  0.00E+00
2.113E+02 9.817E-05 1.270E-12  0.00E+00
1.995E+02 1.103E-04 1.599E-12  0.00E+00
1.884E+02 1.240E-04 2.014E-12  5.55E-07
1.778E+02 1.393E-04 2.536E-12  6.22E-07
1.679E+02 1.566E-04 3.194E-12  6.97E-07
1.585E+02 1.761E-04 4.022E-12  7.80E-07
1.496E+02 1.981E-04 5.065E-12  8.73E-07
1.413E+02 2.229E-04 6.379E-12  9.76E-07
1.334E+02 2.508E-04 8.034E-12  1.09E-06
1.259E+02 2.824E-04 1.012E-11  1.22E-06
1.189E+02 3.180E-04 1.275E-11  1.36E-06
1.122E+02 3.581E-04 1.606E-11  1.52E-06
1.059E+02 4.037E-04 2.022E-11  1.70E-06
1.000E+02 4.552E-04 2.547E-11  1.89E-06
9.441E+01 5.136E-04 3.208E-11  2.10E-06
8.913E+01 5.797E-04 4.041E-11  2.34E-06
8.414E+01 6.546E-04 5.090E-11  2.60E-06
7.943E+01 7.397E-04 6.411E-11  2.88E-06
7.499E+01 8.354E-04 8.076E-11  3.19E-06
7.079E+01 9.449E-04 1.017E-10  3.53E-06
6.683E+01 1.069E-03 1.280E-10  3.89E-06
6.310E+01 1.209E-03 1.611E-10  4.28E-06
5.957E+01 1.368E-03 2.027E-10  4.70E-06
5.623E+01 1.548E-03 2.550E-10  5.14E-06
5.309E+01 1.750E-03 3.205E-10  5.62E-06
5.012E+01 1.977E-03 4.028E-10  6.12E-06
4.732E+01 2.232E-03 5.057E-10  6.66E-06
4.467E+01 2.519E-03 6.347E-10  7.23E-06
4.217E+01 2.842E-03 7.960E-10  7.83E-06
3.981E+01 3.198E-03 9.958E-10  8.47E-06
3.758E+01 3.592E-03 1.245E-09  9.15E-06
3.548E+01 4.013E-03 1.561E-09  9.93E-06
3.350E+01 4.492E-03 1.957E-09  1.07E-05
3.162E+01 5.061E-03 2.451E-09  1.16E-05
2.985E+01 5.715E-03 3.066E-09  1.24E-05
2.818E+01 6.444E-03 3.821E-09  1.33E-05
2.661E+01 7.283E-03 4.762E-09  1.42E-05
2.512E+01 8.254E-03 5.942E-09  1.52E-05
2.371E+01 9.333E-03 7.342E-09  1.62E-05
2.239E+01 1.059E-02 9.077E-09  1.73E-05
2.113E+01 1.206E-02 1.106E-08  1.84E-05
1.995E+01 1.380E-02 1.333E-08  1.95E-05
1.884E+01 1.534E-02 1.490E-08  2.10E-05
1.778E+01 1.541E-02 1.531E-08  2.37E-05
1.679E+01 1.402E-02 1.549E-08  2.76E-05
1.585E+01 1.199E-02 1.686E-08  3.26E-05
1.496E+01 1.017E-02 2.093E-08  3.89E-05
1.413E+01 9.157E-03 3.004E-08  4.72E-05
1.334E+01 1.094E-02 4.631E-08  5.52E-05
1.259E+01 1.445E-02 6.673E-08  5.98E-05
1.189E+01 1.920E-02 9.206E-08  6.10E-05
1.122E+01 2.496E-02 1.219E-07  6.07E-05
1.059E+01 3.296E-02 1.610E-07  5.89E-05
1.000E+01 4.001E-02 1.796E-07  6.05E-05
9.441E+00 4.466E-02 1.808E-07  6.45E-05
8.913E+00 3.322E-02 9.647E-08  7.58E-05
8.414E+00 2.146E-02 4.830E-08  9.01E-05
7.943E+00 9.965E-03 2.392E-08  1.06E-04
7.499E+00 4.425E-03 5.113E-08  1.27E-04
7.079E+00 3.481E-03 1.021E-07  1.49E-04
6.683E+00 3.445E-03 1.612E-07  1.72E-04
6.310E+00 3.424E-03 2.321E-07  1.97E-04
5.957E+00 3.345E-03 3.211E-07  2.24E-04
5.623E+00 3.290E-03 4.342E-07  2.54E-04
5.309E+00 3.287E-03 5.783E-07  2.88E-04
5.012E+00 3.329E-03 7.618E-07  3.26E-04
4.732E+00 3.412E-03 9.940E-07  3.68E-04
4.467E+00 3.521E-03 1.288E-06  4.15E-04
4.217E+00 3.653E-03 1.660E-06  4.68E-04
3.981E+00 3.787E-03 2.129E-06  5.27E-04
3.758E+00 3.920E-03 2.722E-06  5.93E-04
3.548E+00 4.063E-03 3.471E-06  6.67E-04
3.350E+00 4.209E-03 4.414E-06  7.50E-04
3.162E+00 4.340E-03 5.606E-06  8.43E-04
2.985E+00 4.488E-03 7.114E-06  9.48E-04
2.818E+00 4.652E-03 9.018E-06  1.06E-03
2.661E+00 4.830E-03 1.142E-05  1.20E-03
2.512E+00 5.022E-03 1.445E-05  1.34E-03
2.371E+00 5.232E-03 1.827E-05  1.51E-03
2.239E+00 5.454E-03 2.308E-05  1.69E-03
2.113E+00 5.693E-03 2.913E-05  1.90E-03
1.995E+00 5.949E-03 3.676E-05  2.13E-03
1.884E+00 6.221E-03 4.638E-05  2.40E-03
1.778E+00 6.513E-03 5.851E-05  2.69E-03
1.679E+00 6.838E-03 7.377E-05  3.02E-03
1.585E+00 7.194E-03 9.295E-05  3.38E-03
1.496E+00 7.568E-03 1.171E-04  3.80E-03
1.413E+00 7.963E-03 1.476E-04  4.26E-03
1.334E+00 8.380E-03 1.859E-04  4.78E-03
1.259E+00 8.825E-03 2.342E-04  5.36E-03
1.189E+00 9.325E-03 2.952E-04  6.01E-03
1.122E+00 9.861E-03 3.720E-04  6.75E-03
1.059E+00 1.043E-02 4.687E-04  7.57E-03
1.000E+00 1.105E-02 5.904E-04  8.49E-03
9.441E-01 1.171E-02 7.438E-04  9.52E-03
8.913E-01 1.241E-02 9.373E-04  1.07E-02
8.414E-01 1.316E-02 1.182E-03  1.20E-02
7.943E-01 1.396E-02 1.490E-03  1.34E-02
7.499E-01 1.481E-02 1.881E-03  1.51E-02
7.079E-01 1.572E-02 2.374E-03  1.69E-02
6.683E-01 1.671E-02 2.996E-03  1.89E-02
6.310E-01 1.777E-02 3.786E-03  2.12E-02
5.957E-01 1.893E-02 4.787E-03  2.38E-02
5.623E-01 2.017E-02 6.057E-03  2.67E-02
5.309E-01 2.152E-02 7.669E-03  3.00E-02
5.012E-01 2.299E-02 9.718E-03  3.36E-02
4.732E-01 2.458E-02 1.233E-02  3.77E-02
4.467E-01 2.631E-02 1.566E-02  4.23E-02
4.217E-01 2.820E-02 1.992E-02  4.75E-02
3.981E-01 3.026E-02 2.537E-02  5.33E-02
3.758E-01 3.246E-02 3.238E-02  5.99E-02
3.548E-01 3.489E-02 4.142E-02  6.73E-02
3.350E-01 3.754E-02 5.310E-02  7.57E-02
3.162E-01 4.046E-02 6.824E-02  8.53E-02
2.985E-01 4.365E-02 8.800E-02  9.61E-02
2.818E-01 4.716E-02 1.139E-01  1.09E-01
2.661E-01 5.100E-02 1.480E-01  1.23E-01
2.512E-01 5.522E-02 1.934E-01  1.40E-01
2.371E-01 5.725E-02 2.550E-01  1.60E-01
2.239E-01 6.696E-02 3.418E-01  1.84E-01
2.113E-01 1.039E-01 4.584E-01  2.15E-01
1.995E-01 1.613E-01 6.117E-01  2.55E-01
1.884E-01 2.692E-01 8.212E-01  3.10E-01
1.778E-01 4.840E-01 1.091E+00  3.81E-01
1.679E-01 8.355E-01 1.447E+00  4.58E-01
1.585E-01 1.321E+00 1.888E+00  4.88E-01
1.496E-01 1.609E+00 1.676E+00  4.24E-01
1.413E-01 1.587E+00 1.164E+00  4.53E-01
1.334E-01 1.561E+00 1.233E+00  4.97E-01
1.259E-01 1.569E+00 1.240E+00  5.32E-01
1.189E-01 1.605E+00 1.208E+00  5.64E-01
1.122E-01 1.615E+00 1.190E+00  5.98E-01
1.059E-01 1.622E+00 1.217E+00  6.17E-01
1.000E-01 1.596E+00 1.179E+00  6.33E-01
9.441E-02 1.563E+00 1.152E+00  6.49E-01
8.913E-02 1.523E+00 1.089E+00  6.70E-01
8.414E-02 1.505E+00 1.116E+00  6.86E-01
7.943E-02 1.471E+00 1.139E+00  6.96E-01
7.499E-02 1.412E+00 1.152E+00  7.03E-01
7.079E-02 1.333E+00 1.151E+00  7.11E-01
6.683E-02 1.225E+00 1.150E+00  7.15E-01
6.310E-02 1.071E+00 1.128E+00  7.21E-01
5.957E-02 9.167E-01 9.901E-01  7.53E-01
5.623E-02 9.244E-01 7.825E-01  8.01E-01
5.309E-02 9.269E-01 7.115E-01  8.25E-01
5.012E-02 9.235E-01 6.690E-01  8.44E-01
4.732E-02 9.160E-01 6.426E-01  8.59E-01
4.467E-02 9.060E-01 6.251E-01  8.72E-01
4.217E-02 8.942E-01 6.125E-01  8.84E-01
3.981E-02 8.809E-01 6.029E-01  8.94E-01
3.758E-02 8.663E-01 5.949E-01  9.04E-01
3.548E-02 8.509E-01 5.877E-01  9.12E-01
3.350E-02 8.348E-01 5.804E-01  9.20E-01
3.162E-02 8.178E-01 5.725E-01  9.28E-01
2.985E-02 8.003E-01 5.641E-01  9.34E-01
2.818E-02 7.817E-01 5.542E-01  9.40E-01
2.661E-02 7.630E-01 5.422E-01  9.46E-01
2.512E-02 7.433E-01 5.270E-01  9.52E-01
2.371E-02 7.232E-01 5.057E-01  9.56E-01
2.239E-02 7.155E-01 4.866E-01  9.61E-01
2.113E-02 6.998E-01 4.714E-01  9.65E-01
1.995E-02 6.851E-01 4.450E-01  9.68E-01
1.884E-02 7.009E-01 4.323E-01  9.71E-01
1.778E-02 6.802E-01 4.385E-01  9.74E-01
1.679E-02 6.622E-01 4.293E-01  9.76E-01
1.585E-02 6.447E-01 4.157E-01  9.79E-01
1.496E-02 6.266E-01 4.002E-01  9.81E-01
1.413E-02 6.075E-01 3.802E-01  9.83E-01
1.334E-02 6.052E-01 3.531E-01  9.84E-01
1.259E-02 5.977E-01 3.508E-01  9.86E-01
1.189E-02 5.741E-01 3.438E-01  9.87E-01
1.122E-02 5.502E-01 3.105E-01  9.88E-01
1.059E-02 6.196E-01 2.794E-01  9.89E-01
1.000E-02 5.918E-01 3.260E-01  9.90E-01
9.441E-03 5.646E-01 3.302E-01  9.91E-01
8.913E-03 5.368E-01 3.237E-01  9.92E-01
8.414E-03 5.081E-01 3.123E-01  9.93E-01
7.943E-03 4.790E-01 2.973E-01  9.94E-01
7.499E-03 4.499E-01 2.736E-01  9.94E-01
7.079E-03 4.482E-01 2.716E-01  9.95E-01
6.683E-03 4.189E-01 2.621E-01  9.95E-01
6.310E-03 3.900E-01 2.490E-01  9.96E-01
5.957E-03 3.621E-01 2.347E-01  9.96E-01
5.623E-03 3.342E-01 2.197E-01  9.97E-01
5.309E-03 3.076E-01 2.043E-01  9.97E-01
5.012E-03 2.823E-01 1.890E-01  9.97E-01
4.732E-03 2.582E-01 1.741E-01  9.98E-01
4.467E-03 2.352E-01 1.596E-01  9.98E-01
4.217E-03 2.136E-01 1.457E-01  9.98E-01
3.981E-03 1.933E-01 1.325E-01  9.98E-01
3.758E-03 1.743E-01 1.198E-01  9.98E-01
3.548E-03 1.567E-01 1.077E-01  9.99E-01
3.350E-03 1.403E-01 9.642E-02  9.99E-01
3.162E-03 1.253E-01 8.580E-02  9.99E-01
2.985E-03 1.118E-01 7.608E-02  9.99E-01
2.818E-03 9.898E-02 6.632E-02  9.99E-01
2.661E-03 8.700E-02 5.690E-02  9.99E-01
2.512E-03 7.664E-02 4.654E-02  9.99E-01
2.371E-03 6.740E-02 2.759E-02  9.99E-01
2.239E-03 1.518E-01 3.759E-02  9.99E-01
2.113E-03 1.368E-01 3.874E-02  9.99E-01
1.995E-03 1.222E-01 3.730E-02  9.99E-01
1.884E-03 1.086E-01 3.367E-02  1.00E+00
1.778E-03 9.599E-02 2.894E-02  1.00E+00
1.679E-03 8.441E-02 1.804E-02  1.00E+00
1.585E-03 1.314E-01 2.740E-02  1.00E+00
1.496E-03 1.160E-01 2.576E-02  1.00E+00
1.413E-03 1.128E-01 2.632E-02  1.00E+00
1.334E-03 9.962E-02 2.500E-02  1.00E+00
1.259E-03 8.765E-02 2.314E-02  1.00E+00
1.189E-03 7.687E-02 2.123E-02  1.00E+00
1.122E-03 6.686E-02 1.927E-02  1.00E+00
1.059E-03 5.801E-02 1.730E-02  1.00E+00
1.000E-03 5.009E-02 1.520E-02  1.00E+00
