1.000E+03 6.137E-04 1.008E-06  3.99E-04
9.441E+02 6.889E-04 1.269E-06  4.48E-04
8.913E+02 7.733E-04 1.598E-06  5.02E-04
8.414E+02 8.681E-04 2.011E-06  5.64E-04
7.943E+02 9.745E-04 2.533E-06  6.32E-04
7.499E+02 1.094E-03 3.189E-06  7.10E-04
7.079E+02 1.228E-03 4.015E-06  7.96E-04
6.683E+02 1.379E-03 5.056E-06  8.93E-04
6.310E+02 1.549E-03 6.366E-06  1.00E-03
5.957E+02 1.739E-03 8.017E-06  1.12E-03
5.623E+02 1.953E-03 1.010E-05  1.26E-03
5.309E+02 2.194E-03 1.271E-05  1.42E-03
5.012E+02 2.465E-03 1.601E-05  1.59E-03
4.732E+02 2.770E-03 2.016E-05  1.78E-03
4.467E+02 3.113E-03 2.539E-05  2.00E-03
4.217E+02 3.500E-03 3.198E-05  2.24E-03
3.981E+02 3.935E-03 4.028E-05  2.52E-03
3.758E+02 4.425E-03 5.074E-05  2.82E-03
3.548E+02 4.977E-03 6.393E-05  3.17E-03
3.350E+02 5.602E-03 8.053E-05  3.55E-03
3.162E+02 6.308E-03 1.015E-04  3.98E-03
2.985E+02 7.104E-03 1.278E-04  4.47E-03
2.818E+02 8.003E-03 1.611E-04  5.01E-03
2.661E+02 9.021E-03 2.031E-04  5.62E-03
2.512E+02 1.017E-02 2.560E-04  6.30E-03
2.371E+02 1.148E-02 3.228E-04  7.07E-03
2.239E+02 1.297E-02 4.070E-04  7.93E-03
2.113E+02 1.466E-02 5.133E-04  8.89E-03
1.995E+02 1.659E-02 6.474E-04  9.96E-03
1.884E+02 1.878E-02 8.169E-04  1.12E-02
1.778E+02 2.128E-02 1.031E-03  1.25E-02
1.679E+02 2.415E-02 1.302E-03  1.40E-02
1.585E+02 2.744E-02 1.644E-03  1.57E-02
1.496E+02 3.124E-02 2.077E-03  1.76E-02
1.413E+02 3.561E-02 2.626E-03  1.97E-02
1.334E+02 4.067E-02 3.320E-03  2.21E-02
1.259E+02 4.653E-02 4.201E-03  2.47E-02
1.189E+02 5.335E-02 5.319E-03  2.77E-02
1.122E+02 6.131E-02 6.739E-03  3.09E-02
1.059E+02 7.067E-02 8.541E-03  3.46E-02
1.000E+02 8.168E-02 1.084E-02  3.86E-02
9.441E+01 9.470E-02 1.376E-02  4.30E-02
8.913E+01 1.101E-01 1.748E-02  4.79E-02
8.414E+01 1.285E-01 2.223E-02  5.33E-02
7.943E+01 1.505E-01 2.831E-02  5.92E-02
7.499E+01 1.767E-01 3.609E-02  6.56E-02
7.079E+01 2.084E-01 4.603E-02  7.24E-02
6.683E+01 2.464E-01 5.877E-02  7.97E-02
6.310E+01 2.922E-01 7.510E-02  8.74E-02
5.957E+01 3.470E-01 9.602E-02  9.54E-02
5.623E+01 4.125E-01 1.228E-01  1.04E-01
5.309E+01 4.902E-01 1.569E-01  1.12E-01
5.012E+01 5.814E-01 2.002E-01  1.20E-01
4.732E+01 6.871E-01 2.548E-01  1.28E-01
4.467E+01 8.075E-01 3.229E-01  1.36E-01
4.217E+01 9.413E-01 4.065E-01  1.43E-01
3.981E+01 1.083E+00 5.057E-01  1.51E-01
3.758E+01 1.229E+00 6.214E-01  1.59E-01
3.548E+01 1.374E+00 7.544E-01  1.67E-01
3.350E+01 1.508E+00 8.964E-01  1.77E-01
3.162E+01 1.619E+00 1.035E+00  1.87E-01
2.985E+01 1.697E+00 1.157E+00  1.99E-01
2.818E+01 1.738E+00 1.251E+00  2.15E-01
2.661E+01 1.748E+00 1.315E+00  2.35E-01
2.512E+01 1.734E+00 1.346E+00  2.59E-01
2.371E+01 1.707E+00 1.343E+00  2.89E-01
2.239E+01 1.679E+00 1.321E+00  3.24E-01
2.113E+01 1.657E+00 1.277E+00  3.65E-01
1.995E+01 1.646E+00 1.223E+00  4.13E-01
1.884E+01 1.636E+00 1.137E+00  4.67E-01
1.778E+01 1.608E+00 1.062E+00  5.21E-01
1.679E+01 1.567E+00 1.046E+00  5.71E-01
1.585E+01 1.532E+00 1.135E+00  6.11E-01
1.496E+01 1.533E+00 1.339E+00  6.38E-01
1.413E+01 1.612E+00 1.567E+00  6.62E-01
1.334E+01 1.629E+00 1.502E+00  6.61E-01
1.259E+01 1.577E+00 1.402E+00  6.61E-01
1.189E+01 1.539E+00 1.361E+00  6.72E-01
1.122E+01 1.518E+00 1.336E+00  6.90E-01
1.059E+01 1.494E+00 1.309E+00  7.06E-01
1.000E+01 1.462E+00 1.221E+00  7.30E-01
9.441E+00 1.398E+00 1.101E+00  7.51E-01
8.913E+00 1.286E+00 8.304E-01  7.93E-01
8.414E+00 1.191E+00 6.254E-01  8.31E-01
7.943E+00 9.691E-01 5.541E-01  8.58E-01
7.499E+00 7.400E-01 1.533E+00  8.50E-01
7.079E+00 7.216E-01 2.488E+00  8.35E-01
6.683E+00 8.035E-01 2.791E+00  8.21E-01
6.310E+00 8.209E-01 2.832E+00  8.00E-01
5.957E+00 8.450E-01 2.548E+00  7.71E-01
5.623E+00 8.919E-01 2.319E+00  7.45E-01
5.309E+00 8.476E-01 1.839E+00  6.82E-01
5.012E+00 9.435E-01 1.550E+00  6.52E-01
4.732E+00 8.819E-01 1.271E+00  6.11E-01
4.467E+00 9.572E-01 1.203E+00  6.31E-01
4.217E+00 9.258E-01 1.242E+00  6.95E-01
3.981E+00 9.525E-01 1.451E+00  7.53E-01
3.758E+00 9.658E-01 1.604E+00  8.21E-01
3.548E+00 9.459E-01 1.814E+00  8.41E-01
3.350E+00 9.406E-01 1.831E+00  8.64E-01
3.162E+00 9.346E-01 1.729E+00  8.60E-01
2.985E+00 9.277E-01 1.554E+00  8.47E-01
2.818E+00 9.291E-01 1.380E+00  8.27E-01
2.661E+00 9.347E-01 1.289E+00  8.15E-01
2.512E+00 9.452E-01 1.325E+00  8.30E-01
2.371E+00 9.536E-01 1.452E+00  8.49E-01
2.239E+00 9.598E-01 1.551E+00  8.64E-01
2.113E+00 9.647E-01 1.520E+00  8.70E-01
1.995E+00 9.662E-01 1.379E+00  8.68E-01
1.884E+00 9.629E-01 1.259E+00  8.66E-01
1.778E+00 9.623E-01 1.267E+00  8.76E-01
1.679E+00 9.724E-01 1.366E+00  8.92E-01
1.585E+00 9.735E-01 1.398E+00  8.97E-01
1.496E+00 9.741E-01 1.290E+00  8.92E-01
1.413E+00 9.773E-01 1.223E+00  8.91E-01
1.334E+00 9.855E-01 1.274E+00  9.01E-01
1.259E+00 9.834E-01 1.310E+00  9.09E-01
1.189E+00 9.840E-01 1.234E+00  9.07E-01
1.122E+00 9.860E-01 1.210E+00  9.09E-01
1.059E+00 9.865E-01 1.261E+00  9.16E-01
1.000E+00 9.885E-01 1.218E+00  9.16E-01
9.441E-01 9.899E-01 1.195E+00  9.18E-01
8.913E-01 9.875E-01 1.228E+00  9.22E-01
8.414E-01 9.873E-01 1.186E+00  9.21E-01
7.943E-01 9.854E-01 1.202E+00  9.24E-01
7.499E-01 9.833E-01 1.188E+00  9.25E-01
7.079E-01 9.810E-01 1.187E+00  9.26E-01
6.683E-01 9.782E-01 1.182E+00  9.27E-01
6.310E-01 9.752E-01 1.183E+00  9.28E-01
5.957E-01 9.721E-01 1.172E+00  9.28E-01
5.623E-01 9.688E-01 1.179E+00  9.29E-01
5.309E-01 9.654E-01 1.171E+00  9.29E-01
5.012E-01 9.620E-01 1.169E+00  9.29E-01
4.732E-01 9.584E-01 1.171E+00  9.29E-01
4.467E-01 9.548E-01 1.170E+00  9.29E-01
4.217E-01 9.511E-01 1.168E+00  9.29E-01
3.981E-01 9.475E-01 1.167E+00  9.29E-01
3.758E-01 9.439E-01 1.166E+00  9.29E-01
3.548E-01 9.402E-01 1.166E+00  9.28E-01
3.350E-01 9.364E-01 1.166E+00  9.28E-01
3.162E-01 9.327E-01 1.165E+00  9.27E-01
2.985E-01 9.288E-01 1.166E+00  9.26E-01
2.818E-01 9.248E-01 1.166E+00  9.25E-01
2.661E-01 9.206E-01 1.167E+00  9.23E-01
2.512E-01 9.161E-01 1.168E+00  9.22E-01
2.371E-01 9.110E-01 1.170E+00  9.19E-01
2.239E-01 9.046E-01 1.173E+00  9.16E-01
2.113E-01 8.976E-01 1.178E+00  9.12E-01
1.995E-01 8.903E-01 1.182E+00  9.07E-01
1.884E-01 8.815E-01 1.188E+00  9.01E-01
1.778E-01 8.717E-01 1.196E+00  8.95E-01
1.679E-01 8.606E-01 1.204E+00  8.87E-01
1.585E-01 8.441E-01 1.219E+00  8.75E-01
1.496E-01 8.170E-01 1.245E+00  8.54E-01
1.413E-01 8.310E-01 1.229E+00  8.70E-01
1.334E-01 8.382E-01 1.219E+00  8.76E-01
1.259E-01 8.362E-01 1.219E+00  8.76E-01
1.189E-01 8.252E-01 1.229E+00  8.69E-01
1.122E-01 8.225E-01 1.229E+00  8.69E-01
1.059E-01 8.049E-01 1.246E+00  8.58E-01
1.000E-01 7.954E-01 1.253E+00  8.55E-01
9.441E-02 7.906E-01 1.256E+00  8.55E-01
8.913E-02 7.961E-01 1.248E+00  8.63E-01
8.414E-02 7.924E-01 1.250E+00  8.61E-01
7.943E-02 7.758E-01 1.265E+00  8.53E-01
7.499E-02 7.562E-01 1.282E+00  8.44E-01
7.079E-02 7.412E-01 1.295E+00  8.40E-01
6.683E-02 7.226E-01 1.311E+00  8.34E-01
6.310E-02 7.046E-01 1.327E+00  8.32E-01
5.957E-02 7.303E-01 1.298E+00  8.62E-01
5.623E-02 8.077E-01 1.218E+00  9.12E-01
5.309E-02 8.380E-01 1.186E+00  9.30E-01
5.012E-02 8.574E-01 1.166E+00  9.42E-01
4.732E-02 8.707E-01 1.151E+00  9.50E-01
4.467E-02 8.806E-01 1.140E+00  9.56E-01
4.217E-02 8.884E-01 1.131E+00  9.61E-01
3.981E-02 8.948E-01 1.124E+00  9.65E-01
3.758E-02 9.004E-01 1.117E+00  9.68E-01
3.548E-02 9.054E-01 1.112E+00  9.71E-01
3.350E-02 9.100E-01 1.106E+00  9.74E-01
3.162E-02 9.144E-01 1.101E+00  9.77E-01
2.985E-02 9.187E-01 1.096E+00  9.79E-01
2.818E-02 9.229E-01 1.091E+00  9.81E-01
2.661E-02 9.256E-01 1.074E+00  9.83E-01
2.512E-02 9.302E-01 1.070E+00  9.85E-01
2.371E-02 9.354E-01 1.065E+00  9.87E-01
2.239E-02 9.408E-01 1.059E+00  9.89E-01
2.113E-02 9.448E-01 1.055E+00  9.91E-01
1.995E-02 9.499E-01 1.050E+00  9.92E-01
1.884E-02 9.548E-01 1.045E+00  9.93E-01
1.778E-02 9.556E-01 1.044E+00  9.94E-01
1.679E-02 9.580E-01 1.042E+00  9.94E-01
1.585E-02 9.607E-01 1.039E+00  9.95E-01
1.496E-02 9.635E-01 1.037E+00  9.96E-01
1.413E-02 9.664E-01 1.034E+00  9.96E-01
1.334E-02 9.703E-01 1.030E+00  9.97E-01
1.259E-02 9.718E-01 1.028E+00  9.97E-01
1.189E-02 9.731E-01 1.027E+00  9.98E-01
1.122E-02 9.762E-01 1.024E+00  9.98E-01
1.059E-02 9.816E-01 1.018E+00  9.99E-01
1.000E-02 9.788E-01 1.021E+00  9.98E-01
9.441E-03 9.790E-01 1.021E+00  9.99E-01
8.913E-03 9.798E-01 1.020E+00  9.99E-01
8.414E-03 9.809E-01 1.019E+00  9.99E-01
7.943E-03 9.821E-01 1.018E+00  9.99E-01
7.499E-03 9.837E-01 1.016E+00  9.99E-01
7.079E-03 9.847E-01 1.015E+00  9.99E-01
6.683E-03 9.855E-01 1.014E+00  9.99E-01
6.310E-03 9.865E-01 1.014E+00  9.99E-01
5.957E-03 9.875E-01 1.013E+00  1.00E+00
5.623E-03 9.883E-01 1.012E+00  1.00E+00
5.309E-03 9.890E-01 1.011E+00  1.00E+00
5.012E-03 9.895E-01 1.010E+00  1.00E+00
4.732E-03 9.899E-01 1.010E+00  1.00E+00
4.467E-03 9.901E-01 1.010E+00  1.00E+00
4.217E-03 9.902E-01 1.010E+00  1.00E+00
3.981E-03 9.902E-01 1.010E+00  1.00E+00
3.758E-03 9.902E-01 1.010E+00  1.00E+00
3.548E-03 9.901E-01 1.010E+00  1.00E+00
3.350E-03 9.899E-01 1.010E+00  1.00E+00
3.162E-03 9.898E-01 1.010E+00  1.00E+00
2.985E-03 9.898E-01 1.010E+00  1.00E+00
2.818E-03 9.898E-01 1.010E+00  1.00E+00
2.661E-03 9.899E-01 1.010E+00  1.00E+00
2.512E-03 9.895E-01 1.010E+00  1.00E+00
2.371E-03 9.889E-01 1.011E+00  1.00E+00
2.239E-03 9.971E-01 1.003E+00  1.00E+00
2.113E-03 9.966E-01 1.003E+00  1.00E+00
1.995E-03 9.961E-01 1.004E+00  1.00E+00
1.884E-03 9.955E-01 1.004E+00  1.00E+00
1.778E-03 9.947E-01 1.005E+00  1.00E+00
1.679E-03 9.937E-01 1.006E+00  1.00E+00
1.585E-03 9.974E-01 1.003E+00  1.00E+00
1.496E-03 9.967E-01 1.003E+00  1.00E+00
1.413E-03 9.965E-01 1.003E+00  1.00E+00
1.334E-03 9.956E-01 1.004E+00  1.00E+00
1.259E-03 9.943E-01 1.006E+00  1.00E+00
1.189E-03 9.927E-01 1.007E+00  1.00E+00
1.122E-03 9.903E-01 1.010E+00  1.00E+00
1.059E-03 9.872E-01 1.013E+00  1.00E+00
1.000E-03 9.829E-01 1.017E+00  1.00E+00
