1.000E+03 1.371E-05 2.530E-13  0.00E+00
9.441E+02 1.538E-05 3.185E-13  0.00E+00
8.913E+02 1.726E-05 4.010E-13  0.00E+00
8.414E+02 1.936E-05 5.048E-13  0.00E+00
7.943E+02 2.173E-05 6.355E-13  0.00E+00
7.499E+02 2.438E-05 8.000E-13  0.00E+00
7.079E+02 2.736E-05 1.007E-12  0.00E+00
6.683E+02 3.070E-05 1.268E-12  0.00E+00
6.310E+02 3.445E-05 1.596E-12  0.00E+00
5.957E+02 3.866E-05 2.010E-12  5.63E-07
5.623E+02 4.338E-05 2.530E-12  6.31E-07
5.309E+02 4.869E-05 3.186E-12  7.09E-07
5.012E+02 5.464E-05 4.011E-12  7.95E-07
4.732E+02 6.132E-05 5.049E-12  8.92E-07
4.467E+02 6.883E-05 6.357E-12  1.00E-06
4.217E+02 7.726E-05 8.003E-12  1.12E-06
3.981E+02 8.671E-05 1.008E-11  1.26E-06
3.758E+02 9.732E-05 1.269E-11  1.41E-06
3.548E+02 1.092E-04 1.597E-11  1.58E-06
3.350E+02 1.226E-04 2.011E-11  1.78E-06
3.162E+02 1.377E-04 2.532E-11  1.99E-06
2.985E+02 1.546E-04 3.187E-11  2.23E-06
2.818E+02 1.736E-04 4.013E-11  2.50E-06
2.661E+02 1.949E-04 5.054E-11  2.81E-06
2.512E+02 2.189E-04 6.363E-11  3.15E-06
2.371E+02 2.459E-04 8.012E-11  3.53E-06
2.239E+02 2.763E-04 1.009E-10  3.95E-06
2.113E+02 3.104E-04 1.270E-10  4.43E-06
1.995E+02 3.489E-04 1.599E-10  4.96E-06
1.884E+02 3.920E-04 2.014E-10  5.56E-06
1.778E+02 4.405E-04 2.536E-10  6.22E-06
1.679E+02 4.952E-04 3.194E-10  6.97E-06
1.585E+02 5.569E-04 4.022E-10  7.80E-06
1.496E+02 6.264E-04 5.065E-10  8.73E-06
1.413E+02 7.049E-04 6.379E-10  9.76E-06
1.334E+02 7.933E-04 8.034E-10  1.09E-05
1.259E+02 8.930E-04 1.012E-09  1.22E-05
1.189E+02 1.006E-03 1.275E-09  1.36E-05
1.122E+02 1.132E-03 1.606E-09  1.52E-05
1.059E+02 1.277E-03 2.022E-09  1.70E-05
1.000E+02 1.440E-03 2.547E-09  1.89E-05
9.441E+01 1.624E-03 3.208E-09  2.10E-05
8.913E+01 1.833E-03 4.041E-09  2.34E-05
8.414E+01 2.070E-03 5.090E-09  2.60E-05
7.943E+01 2.340E-03 6.411E-09  2.88E-05
7.499E+01 2.642E-03 8.076E-09  3.19E-05
7.079E+01 2.989E-03 1.017E-08  3.53E-05
6.683E+01 3.381E-03 1.280E-08  3.89E-05
6.310E+01 3.826E-03 1.611E-08  4.28E-05
5.957E+01 4.327E-03 2.028E-08  4.70E-05
5.623E+01 4.895E-03 2.550E-08  5.14E-05
5.309E+01 5.536E-03 3.206E-08  5.62E-05
5.012E+01 6.253E-03 4.028E-08  6.12E-05
4.732E+01 7.061E-03 5.058E-08  6.66E-05
4.467E+01 7.970E-03 6.348E-08  7.23E-05
4.217E+01 8.990E-03 7.961E-08  7.83E-05
3.981E+01 1.012E-02 9.960E-08  8.46E-05
3.758E+01 1.137E-02 1.245E-07  9.15E-05
3.548E+01 1.270E-02 1.561E-07  9.93E-05
3.350E+01 1.422E-02 1.957E-07  1.07E-04
3.162E+01 1.601E-02 2.452E-07  1.16E-04
2.985E+01 1.809E-02 3.067E-07  1.24E-04
2.818E+01 2.039E-02 3.822E-07  1.33E-04
2.661E+01 2.305E-02 4.764E-07  1.42E-04
2.512E+01 2.613E-02 5.944E-07  1.52E-04
2.371E+01 2.954E-02 7.346E-07  1.62E-04
2.239E+01 3.354E-02 9.081E-07  1.73E-04
2.113E+01 3.817E-02 1.107E-06  1.84E-04
1.995E+01 4.368E-02 1.334E-06  1.95E-04
1.884E+01 4.857E-02 1.491E-06  2.10E-04
1.778E+01 4.877E-02 1.532E-06  2.37E-04
1.679E+01 4.438E-02 1.549E-06  2.75E-04
1.585E+01 3.796E-02 1.687E-06  3.25E-04
1.496E+01 3.220E-02 2.094E-06  3.89E-04
1.413E+01 2.901E-02 3.006E-06  4.72E-04
1.334E+01 3.468E-02 4.635E-06  5.52E-04
1.259E+01 4.582E-02 6.681E-06  5.98E-04
1.189E+01 6.090E-02 9.218E-06  6.10E-04
1.122E+01 7.918E-02 1.221E-05  6.06E-04
1.059E+01 1.045E-01 1.612E-05  5.89E-04
1.000E+01 1.268E-01 1.797E-05  6.05E-04
9.441E+00 1.414E-01 1.807E-05  6.45E-04
8.913E+00 1.051E-01 9.634E-06  7.59E-04
8.414E+00 6.791E-02 4.823E-06  9.01E-04
7.943E+00 3.155E-02 2.389E-06  1.06E-03
7.499E+00 1.402E-02 5.110E-06  1.27E-03
7.079E+00 1.104E-02 1.021E-05  1.49E-03
6.683E+00 1.094E-02 1.613E-05  1.72E-03
6.310E+00 1.088E-02 2.323E-05  1.97E-03
5.957E+00 1.064E-02 3.214E-05  2.24E-03
5.623E+00 1.048E-02 4.348E-05  2.54E-03
5.309E+00 1.048E-02 5.792E-05  2.88E-03
5.012E+00 1.063E-02 7.633E-05  3.26E-03
4.732E+00 1.090E-02 9.963E-05  3.68E-03
4.467E+00 1.127E-02 1.292E-04  4.15E-03
4.217E+00 1.171E-02 1.665E-04  4.67E-03
3.981E+00 1.216E-02 2.137E-04  5.26E-03
3.758E+00 1.261E-02 2.734E-04  5.92E-03
3.548E+00 1.310E-02 3.488E-04  6.66E-03
3.350E+00 1.361E-02 4.439E-04  7.48E-03
3.162E+00 1.407E-02 5.642E-04  8.41E-03
2.985E+00 1.460E-02 7.164E-04  9.44E-03
2.818E+00 1.519E-02 9.091E-04  1.06E-02
2.661E+00 1.583E-02 1.153E-03  1.19E-02
2.512E+00 1.653E-02 1.460E-03  1.34E-02
2.371E+00 1.730E-02 1.848E-03  1.50E-02
2.239E+00 1.813E-02 2.337E-03  1.68E-02
2.113E+00 1.904E-02 2.954E-03  1.89E-02
1.995E+00 2.003E-02 3.735E-03  2.12E-02
1.884E+00 2.110E-02 4.721E-03  2.38E-02
1.778E+00 2.228E-02 5.967E-03  2.66E-02
1.679E+00 2.360E-02 7.538E-03  2.99E-02
1.585E+00 2.508E-02 9.520E-03  3.35E-02
1.496E+00 2.668E-02 1.202E-02  3.75E-02
1.413E+00 2.841E-02 1.519E-02  4.21E-02
1.334E+00 3.030E-02 1.919E-02  4.72E-02
1.259E+00 3.238E-02 2.424E-02  5.29E-02
1.189E+00 3.477E-02 3.063E-02  5.93E-02
1.122E+00 3.741E-02 3.870E-02  6.64E-02
1.059E+00 4.034E-02 4.887E-02  7.45E-02
1.000E+00 4.359E-02 6.168E-02  8.36E-02
9.441E-01 4.721E-02 7.780E-02  9.38E-02
8.913E-01 5.123E-02 9.805E-02  1.05E-01
8.414E-01 5.568E-02 1.234E-01  1.18E-01
7.943E-01 6.062E-02 1.551E-01  1.33E-01
7.499E-01 6.611E-02 1.944E-01  1.50E-01
7.079E-01 7.220E-02 2.428E-01  1.70E-01
6.683E-01 7.899E-02 3.017E-01  1.93E-01
6.310E-01 8.665E-02 3.726E-01  2.20E-01
5.957E-01 9.531E-02 4.570E-01  2.51E-01
5.623E-01 1.053E-01 5.559E-01  2.88E-01
5.309E-01 1.170E-01 6.705E-01  3.32E-01
5.012E-01 1.314E-01 8.039E-01  3.85E-01
4.732E-01 1.498E-01 9.633E-01  4.44E-01
4.467E-01 1.736E-01 1.164E+00  5.06E-01
4.217E-01 2.035E-01 1.430E+00  5.59E-01
3.981E-01 2.355E-01 1.776E+00  5.91E-01
3.758E-01 2.584E-01 2.163E+00  5.92E-01
3.548E-01 2.626E-01 2.475E+00  5.76E-01
3.350E-01 2.548E-01 2.644E+00  5.61E-01
3.162E-01 2.556E-01 2.744E+00  5.63E-01
2.985E-01 2.849E-01 2.924E+00  5.90E-01
2.818E-01 3.542E-01 3.349E+00  6.36E-01
2.661E-01 4.159E-01 3.939E+00  6.73E-01
2.512E-01 3.906E-01 4.032E+00  6.67E-01
2.371E-01 3.485E-01 3.741E+00  6.20E-01
2.239E-01 4.602E-01 3.641E+00  5.71E-01
2.113E-01 7.173E-01 3.588E+00  6.19E-01
1.995E-01 7.966E-01 2.572E+00  5.92E-01
1.884E-01 1.151E+00 1.701E+00  5.06E-01
1.778E-01 1.332E+00 1.219E+00  6.03E-01
1.679E-01 1.420E+00 1.095E+00  7.26E-01
1.585E-01 1.405E+00 1.269E+00  8.01E-01
1.496E-01 1.343E+00 1.336E+00  7.88E-01
1.413E-01 1.345E+00 1.296E+00  8.07E-01
1.334E-01 1.336E+00 1.284E+00  8.18E-01
1.259E-01 1.314E+00 1.285E+00  8.23E-01
1.189E-01 1.282E+00 1.298E+00  8.21E-01
1.122E-01 1.261E+00 1.298E+00  8.26E-01
1.059E-01 1.226E+00 1.325E+00  8.19E-01
1.000E-01 1.200E+00 1.331E+00  8.21E-01
9.441E-02 1.176E+00 1.331E+00  8.24E-01
8.913E-02 1.156E+00 1.309E+00  8.34E-01
8.414E-02 1.138E+00 1.315E+00  8.35E-01
7.943E-02 1.101E+00 1.337E+00  8.31E-01
7.499E-02 1.053E+00 1.358E+00  8.25E-01
7.079E-02 1.004E+00 1.369E+00  8.23E-01
6.683E-02 9.431E-01 1.383E+00  8.19E-01
6.310E-02 8.698E-01 1.390E+00  8.19E-01
5.957E-02 8.344E-01 1.328E+00  8.47E-01
5.623E-02 8.966E-01 1.196E+00  8.95E-01
5.309E-02 9.201E-01 1.144E+00  9.13E-01
5.012E-02 9.328E-01 1.110E+00  9.26E-01
4.732E-02 9.390E-01 1.088E+00  9.35E-01
4.467E-02 9.414E-01 1.071E+00  9.42E-01
4.217E-02 9.415E-01 1.059E+00  9.47E-01
3.981E-02 9.400E-01 1.050E+00  9.52E-01
3.758E-02 9.375E-01 1.043E+00  9.57E-01
3.548E-02 9.344E-01 1.038E+00  9.61E-01
3.350E-02 9.309E-01 1.033E+00  9.65E-01
3.162E-02 9.271E-01 1.030E+00  9.68E-01
2.985E-02 9.233E-01 1.027E+00  9.71E-01
2.818E-02 9.192E-01 1.026E+00  9.74E-01
2.661E-02 9.155E-01 1.026E+00  9.77E-01
2.512E-02 9.117E-01 1.026E+00  9.80E-01
2.371E-02 9.085E-01 1.025E+00  9.83E-01
2.239E-02 9.099E-01 1.018E+00  9.85E-01
2.113E-02 9.073E-01 1.019E+00  9.87E-01
1.995E-02 9.062E-01 1.012E+00  9.89E-01
1.884E-02 9.160E-01 9.885E-01  9.90E-01
1.778E-02 9.082E-01 1.010E+00  9.91E-01
1.679E-02 9.032E-01 1.019E+00  9.92E-01
1.585E-02 8.985E-01 1.024E+00  9.93E-01
1.496E-02 8.933E-01 1.029E+00  9.94E-01
1.413E-02 8.876E-01 1.029E+00  9.95E-01
1.334E-02 8.900E-01 9.989E-01  9.95E-01
1.259E-02 8.877E-01 1.005E+00  9.96E-01
1.189E-02 8.774E-01 1.023E+00  9.96E-01
1.122E-02 8.675E-01 1.000E+00  9.97E-01
1.059E-02 9.067E-01 8.683E-01  9.97E-01
1.000E-02 8.905E-01 9.770E-01  9.97E-01
9.441E-03 8.772E-01 1.017E+00  9.98E-01
8.913E-03 8.627E-01 1.043E+00  9.98E-01
8.414E-03 8.462E-01 1.062E+00  9.98E-01
7.943E-03 8.275E-01 1.074E+00  9.98E-01
7.499E-03 8.067E-01 1.064E+00  9.99E-01
7.079E-03 8.060E-01 1.062E+00  9.99E-01
6.683E-03 7.817E-01 1.081E+00  9.99E-01
6.310E-03 7.550E-01 1.089E+00  9.99E-01
5.957E-03 7.263E-01 1.089E+00  9.99E-01
5.623E-03 6.947E-01 1.081E+00  9.99E-01
5.309E-03 6.615E-01 1.065E+00  9.99E-01
5.012E-03 6.270E-01 1.041E+00  1.00E+00
4.732E-03 5.913E-01 1.011E+00  1.00E+00
4.467E-03 5.547E-01 9.745E-01  1.00E+00
4.217E-03 5.178E-01 9.323E-01  1.00E+00
3.981E-03 4.808E-01 8.854E-01  1.00E+00
3.758E-03 4.441E-01 8.344E-01  1.00E+00
3.548E-03 4.081E-01 7.795E-01  1.00E+00
3.350E-03 3.730E-01 7.226E-01  1.00E+00
3.162E-03 3.395E-01 6.641E-01  1.00E+00
2.985E-03 3.081E-01 6.062E-01  1.00E+00
2.818E-03 2.771E-01 5.434E-01  1.00E+00
2.661E-03 2.472E-01 4.786E-01  1.00E+00
2.512E-03 2.206E-01 4.012E-01  1.00E+00
2.371E-03 1.962E-01 2.457E-01  1.00E+00
2.239E-03 3.982E-01 2.960E-01  1.00E+00
2.113E-03 3.655E-01 3.108E-01  1.00E+00
1.995E-03 3.326E-01 3.056E-01  1.00E+00
1.884E-03 3.006E-01 2.820E-01  1.00E+00
1.778E-03 2.698E-01 2.477E-01  1.00E+00
1.679E-03 2.407E-01 1.586E-01  1.00E+00
1.585E-03 3.535E-01 2.241E-01  1.00E+00
1.496E-03 3.181E-01 2.154E-01  1.00E+00
1.413E-03 3.107E-01 2.209E-01  1.00E+00
1.334E-03 2.788E-01 2.138E-01  1.00E+00
1.259E-03 2.490E-01 2.015E-01  1.00E+00
1.189E-03 2.213E-01 1.879E-01  1.00E+00
1.122E-03 1.948E-01 1.731E-01  1.00E+00
1.059E-03 1.709E-01 1.576E-01  1.00E+00
1.000E-03 1.490E-01 1.402E-01  1.00E+00
