1.000E+03 1.221E-06 1.596E-17  0.00E+00
9.441E+02 1.371E-06 2.010E-17  0.00E+00
8.913E+02 1.538E-06 2.530E-17  0.00E+00
8.414E+02 1.726E-06 3.185E-17  0.00E+00
7.943E+02 1.937E-06 4.010E-17  0.00E+00
7.499E+02 2.173E-06 5.048E-17  0.00E+00
7.079E+02 2.439E-06 6.355E-17  0.00E+00
6.683E+02 2.736E-06 8.001E-17  0.00E+00
6.310E+02 3.071E-06 1.007E-16  0.00E+00
5.957E+02 3.446E-06 1.268E-16  0.00E+00
5.623E+02 3.867E-06 1.597E-16  0.00E+00
5.309E+02 4.339E-06 2.010E-16  0.00E+00
5.012E+02 4.869E-06 2.531E-16  0.00E+00
4.732E+02 5.465E-06 3.186E-16  0.00E+00
4.467E+02 6.134E-06 4.011E-16  0.00E+00
4.217E+02 6.886E-06 5.049E-16  0.00E+00
3.981E+02 7.728E-06 6.357E-16  0.00E+00
3.758E+02 8.674E-06 8.004E-16  0.00E+00
3.548E+02 9.735E-06 1.008E-15  0.00E+00
3.350E+02 1.093E-05 1.269E-15  0.00E+00
3.162E+02 1.227E-05 1.597E-15  0.00E+00
2.985E+02 1.378E-05 2.011E-15  0.00E+00
2.818E+02 1.547E-05 2.532E-15  0.00E+00
2.661E+02 1.737E-05 3.189E-15  0.00E+00
2.512E+02 1.951E-05 4.015E-15  0.00E+00
2.371E+02 2.192E-05 5.055E-15  0.00E+00
2.239E+02 2.462E-05 6.365E-15  0.00E+00
2.113E+02 2.767E-05 8.014E-15  0.00E+00
1.995E+02 3.109E-05 1.009E-14  0.00E+00
1.884E+02 3.494E-05 1.271E-14  0.00E+00
1.778E+02 3.926E-05 1.600E-14  0.00E+00
1.679E+02 4.413E-05 2.015E-14  0.00E+00
1.585E+02 4.963E-05 2.538E-14  0.00E+00
1.496E+02 5.583E-05 3.196E-14  0.00E+00
1.413E+02 6.282E-05 4.025E-14  0.00E+00
1.334E+02 7.070E-05 5.069E-14  0.00E+00
1.259E+02 7.959E-05 6.384E-14  0.00E+00
1.189E+02 8.962E-05 8.042E-14  0.00E+00
1.122E+02 1.009E-04 1.013E-13  0.00E+00
1.059E+02 1.138E-04 1.276E-13  0.00E+00
1.000E+02 1.283E-04 1.607E-13  0.00E+00
9.441E+01 1.447E-04 2.024E-13  0.00E+00
8.913E+01 1.634E-04 2.550E-13  0.00E+00
8.414E+01 1.845E-04 3.212E-13  0.00E+00
7.943E+01 2.085E-04 4.045E-13  0.00E+00
7.499E+01 2.355E-04 5.095E-13  0.00E+00
7.079E+01 2.663E-04 6.416E-13  0.00E+00
6.683E+01 3.013E-04 8.077E-13  0.00E+00
6.310E+01 3.409E-04 1.017E-12  0.00E+00
5.957E+01 3.855E-04 1.279E-12  0.00E+00
5.623E+01 4.362E-04 1.609E-12  0.00E+00
5.309E+01 4.932E-04 2.022E-12  4.46E-07
5.012E+01 5.571E-04 2.541E-12  4.86E-07
4.732E+01 6.291E-04 3.191E-12  5.29E-07
4.467E+01 7.100E-04 4.004E-12  5.74E-07
4.217E+01 8.008E-04 5.022E-12  6.22E-07
3.981E+01 9.014E-04 6.283E-12  6.72E-07
3.758E+01 1.012E-03 7.856E-12  7.27E-07
3.548E+01 1.131E-03 9.849E-12  7.88E-07
3.350E+01 1.266E-03 1.235E-11  8.53E-07
3.162E+01 1.426E-03 1.547E-11  9.18E-07
2.985E+01 1.611E-03 1.935E-11  9.85E-07
2.818E+01 1.816E-03 2.411E-11  1.06E-06
2.661E+01 2.052E-03 3.005E-11  1.13E-06
2.512E+01 2.326E-03 3.749E-11  1.21E-06
2.371E+01 2.630E-03 4.633E-11  1.29E-06
2.239E+01 2.986E-03 5.727E-11  1.38E-06
2.113E+01 3.397E-03 6.980E-11  1.46E-06
1.995E+01 3.888E-03 8.413E-11  1.55E-06
1.884E+01 4.323E-03 9.404E-11  1.67E-06
1.778E+01 4.341E-03 9.660E-11  1.88E-06
1.679E+01 3.951E-03 9.770E-11  2.19E-06
1.585E+01 3.378E-03 1.064E-10  2.59E-06
1.496E+01 2.865E-03 1.320E-10  3.09E-06
1.413E+01 2.580E-03 1.895E-10  3.75E-06
1.334E+01 3.083E-03 2.922E-10  4.39E-06
1.259E+01 4.071E-03 4.210E-10  4.75E-06
1.189E+01 5.409E-03 5.808E-10  4.85E-06
1.122E+01 7.032E-03 7.693E-10  4.82E-06
1.059E+01 9.286E-03 1.015E-09  4.68E-06
1.000E+01 1.127E-02 1.133E-09  4.81E-06
9.441E+00 1.259E-02 1.141E-09  5.12E-06
8.913E+00 9.363E-03 6.088E-10  6.02E-06
8.414E+00 6.049E-03 3.048E-10  7.15E-06
7.943E+00 2.808E-03 1.510E-10  8.45E-06
7.499E+00 1.247E-03 3.226E-10  1.01E-05
7.079E+00 9.807E-04 6.444E-10  1.19E-05
6.683E+00 9.706E-04 1.017E-09  1.37E-05
6.310E+00 9.645E-04 1.464E-09  1.56E-05
5.957E+00 9.422E-04 2.026E-09  1.78E-05
5.623E+00 9.267E-04 2.739E-09  2.02E-05
5.309E+00 9.256E-04 3.648E-09  2.29E-05
5.012E+00 9.375E-04 4.806E-09  2.59E-05
4.732E+00 9.606E-04 6.270E-09  2.92E-05
4.467E+00 9.910E-04 8.127E-09  3.30E-05
4.217E+00 1.028E-03 1.047E-08  3.72E-05
3.981E+00 1.065E-03 1.343E-08  4.19E-05
3.758E+00 1.103E-03 1.717E-08  4.71E-05
3.548E+00 1.143E-03 2.189E-08  5.30E-05
3.350E+00 1.183E-03 2.783E-08  5.96E-05
3.162E+00 1.220E-03 3.535E-08  6.70E-05
2.985E+00 1.261E-03 4.485E-08  7.53E-05
2.818E+00 1.307E-03 5.685E-08  8.46E-05
2.661E+00 1.356E-03 7.200E-08  9.51E-05
2.512E+00 1.409E-03 9.107E-08  1.07E-04
2.371E+00 1.468E-03 1.151E-07  1.20E-04
2.239E+00 1.529E-03 1.454E-07  1.35E-04
2.113E+00 1.595E-03 1.835E-07  1.51E-04
1.995E+00 1.665E-03 2.315E-07  1.70E-04
1.884E+00 1.740E-03 2.921E-07  1.90E-04
1.778E+00 1.820E-03 3.683E-07  2.14E-04
1.679E+00 1.909E-03 4.643E-07  2.40E-04
1.585E+00 2.006E-03 5.848E-07  2.69E-04
1.496E+00 2.108E-03 7.366E-07  3.02E-04
1.413E+00 2.214E-03 9.278E-07  3.39E-04
1.334E+00 2.327E-03 1.168E-06  3.80E-04
1.259E+00 2.446E-03 1.471E-06  4.27E-04
1.189E+00 2.579E-03 1.853E-06  4.79E-04
1.122E+00 2.721E-03 2.334E-06  5.37E-04
1.059E+00 2.872E-03 2.939E-06  6.03E-04
1.000E+00 3.032E-03 3.700E-06  6.77E-04
9.441E-01 3.203E-03 4.657E-06  7.59E-04
8.913E-01 3.384E-03 5.863E-06  8.52E-04
8.414E-01 3.574E-03 7.385E-06  9.56E-04
7.943E-01 3.774E-03 9.303E-06  1.07E-03
7.499E-01 3.985E-03 1.172E-05  1.20E-03
7.079E-01 4.207E-03 1.478E-05  1.35E-03
6.683E-01 4.443E-03 1.862E-05  1.52E-03
6.310E-01 4.694E-03 2.349E-05  1.70E-03
5.957E-01 4.960E-03 2.965E-05  1.91E-03
5.623E-01 5.242E-03 3.744E-05  2.14E-03
5.309E-01 5.540E-03 4.729E-05  2.41E-03
5.012E-01 5.855E-03 5.977E-05  2.70E-03
4.732E-01 6.187E-03 7.561E-05  3.03E-03
4.467E-01 6.537E-03 9.575E-05  3.41E-03
4.217E-01 6.905E-03 1.214E-04  3.83E-03
3.981E-01 7.290E-03 1.541E-04  4.30E-03
3.758E-01 7.681E-03 1.959E-04  4.83E-03
3.548E-01 8.093E-03 2.496E-04  5.44E-03
3.350E-01 8.518E-03 3.185E-04  6.12E-03
3.162E-01 8.956E-03 4.074E-04  6.88E-03
2.985E-01 9.399E-03 5.230E-04  7.75E-03
2.818E-01 9.847E-03 6.735E-04  8.74E-03
2.661E-01 1.029E-02 8.716E-04  9.87E-03
2.512E-01 1.070E-02 1.134E-03  1.12E-02
2.371E-01 1.059E-02 1.489E-03  1.26E-02
2.239E-01 1.169E-02 1.989E-03  1.44E-02
2.113E-01 1.696E-02 2.678E-03  1.64E-02
1.995E-01 2.429E-02 3.616E-03  1.88E-02
1.884E-01 3.635E-02 4.958E-03  2.16E-02
1.778E-01 5.706E-02 6.842E-03  2.49E-02
1.679E-01 8.466E-02 9.531E-03  2.88E-02
1.585E-01 1.254E-01 1.385E-02  3.39E-02
1.496E-01 2.605E-01 2.154E-02  3.83E-02
1.413E-01 4.521E-01 2.381E-02  3.43E-02
1.334E-01 4.354E-01 2.793E-02  3.94E-02
1.259E-01 4.880E-01 3.539E-02  4.35E-02
1.189E-01 6.156E-01 4.819E-02  4.63E-02
1.122E-01 7.160E-01 6.073E-02  4.98E-02
1.059E-01 8.829E-01 8.655E-02  5.27E-02
1.000E-01 1.090E+00 1.107E-01  5.36E-02
9.441E-02 1.243E+00 1.343E-01  5.70E-02
8.913E-02 1.316E+00 1.440E-01  6.29E-02
8.414E-02 1.391E+00 1.774E-01  7.09E-02
7.943E-02 1.526E+00 2.225E-01  7.75E-02
7.499E-02 1.597E+00 2.609E-01  8.62E-02
7.079E-02 1.549E+00 2.782E-01  9.89E-02
6.683E-02 1.405E+00 2.794E-01  1.15E-01
6.310E-02 1.121E+00 2.448E-01  1.32E-01
5.957E-02 7.602E-01 1.584E-01  1.49E-01
5.623E-02 6.633E-01 1.063E-01  1.70E-01
5.309E-02 6.343E-01 9.513E-02  1.93E-01
5.012E-02 6.120E-01 8.972E-02  2.19E-01
4.732E-02 5.923E-01 8.706E-02  2.47E-01
4.467E-02 5.740E-01 8.570E-02  2.79E-01
4.217E-02 5.560E-01 8.480E-02  3.13E-01
3.981E-02 5.379E-01 8.402E-02  3.49E-01
3.758E-02 5.193E-01 8.306E-02  3.88E-01
3.548E-02 5.004E-01 8.186E-02  4.29E-01
3.350E-02 4.811E-01 8.030E-02  4.72E-01
3.162E-02 4.611E-01 7.830E-02  5.16E-01
2.985E-02 4.409E-01 7.598E-02  5.59E-01
2.818E-02 4.200E-01 7.319E-02  6.02E-01
2.661E-02 3.992E-01 7.005E-02  6.43E-01
2.512E-02 3.779E-01 6.639E-02  6.81E-01
2.371E-02 3.566E-01 6.193E-02  7.15E-01
2.239E-02 3.468E-01 5.903E-02  7.45E-01
2.113E-02 3.312E-01 5.630E-02  7.68E-01
1.995E-02 3.163E-01 5.225E-02  7.87E-01
1.884E-02 3.264E-01 5.217E-02  8.02E-01
1.778E-02 3.093E-01 5.243E-02  8.15E-01
1.679E-02 2.943E-01 5.071E-02  8.28E-01
1.585E-02 2.802E-01 4.842E-02  8.42E-01
1.496E-02 2.665E-01 4.588E-02  8.57E-01
1.413E-02 2.527E-01 4.279E-02  8.72E-01
1.334E-02 2.499E-01 3.961E-02  8.86E-01
1.259E-02 2.446E-01 3.932E-02  8.96E-01
1.189E-02 2.296E-01 3.790E-02  9.03E-01
1.122E-02 2.148E-01 3.345E-02  9.10E-01
1.059E-02 2.552E-01 3.209E-02  9.19E-01
1.000E-02 2.386E-01 3.706E-02  9.27E-01
9.441E-03 2.222E-01 3.679E-02  9.35E-01
8.913E-03 2.062E-01 3.529E-02  9.40E-01
8.414E-03 1.906E-01 3.330E-02  9.44E-01
7.943E-03 1.756E-01 3.098E-02  9.50E-01
7.499E-03 1.614E-01 2.785E-02  9.55E-01
7.079E-03 1.605E-01 2.770E-02  9.58E-01
6.683E-03 1.469E-01 2.620E-02  9.62E-01
6.310E-03 1.342E-01 2.440E-02  9.66E-01
5.957E-03 1.223E-01 2.259E-02  9.69E-01
5.623E-03 1.110E-01 2.077E-02  9.71E-01
5.309E-03 1.006E-01 1.899E-02  9.74E-01
5.012E-03 9.098E-02 1.730E-02  9.77E-01
4.732E-03 8.210E-02 1.572E-02  9.79E-01
4.467E-03 7.389E-02 1.422E-02  9.81E-01
4.217E-03 6.635E-02 1.283E-02  9.82E-01
3.981E-03 5.944E-02 1.153E-02  9.84E-01
3.758E-03 5.310E-02 1.033E-02  9.86E-01
3.548E-03 4.731E-02 9.202E-03  9.87E-01
3.350E-03 4.204E-02 8.165E-03  9.88E-01
3.162E-03 3.729E-02 7.212E-03  9.89E-01
2.985E-03 3.307E-02 6.352E-03  9.90E-01
2.818E-03 2.910E-02 5.502E-03  9.91E-01
2.661E-03 2.544E-02 4.693E-03  9.92E-01
2.512E-03 2.231E-02 3.818E-03  9.93E-01
2.371E-03 1.954E-02 2.250E-03  9.93E-01
2.239E-03 4.569E-02 3.198E-03  9.94E-01
2.113E-03 4.088E-02 3.274E-03  9.95E-01
1.995E-03 3.630E-02 3.131E-03  9.95E-01
1.884E-03 3.206E-02 2.808E-03  9.96E-01
1.778E-03 2.817E-02 2.398E-03  9.96E-01
1.679E-03 2.465E-02 1.485E-03  9.96E-01
1.585E-03 3.917E-02 2.311E-03  9.97E-01
1.496E-03 3.434E-02 2.156E-03  9.97E-01
1.413E-03 3.336E-02 2.201E-03  9.97E-01
1.334E-03 2.929E-02 2.078E-03  9.98E-01
1.259E-03 2.563E-02 1.912E-03  9.98E-01
1.189E-03 2.237E-02 1.746E-03  9.98E-01
1.122E-03 1.937E-02 1.577E-03  9.98E-01
1.059E-03 1.675E-02 1.411E-03  9.98E-01
1.000E-03 1.441E-02 1.235E-03  9.99E-01
