2.674792311007393009e+62
1.264673295497294411e+60
1.287689276740147623e+60
4.825194201885784378e+60
2.886261467118415756e+60
5.490742346356609689e+59
4.612104657718937009e+59
3.700762235943694630e+59
2.539799907648642533e+59
2.176836679758354399e+59
1.787148529838901721e+59
1.066872135157958286e+59
6.575852563958962221e+58
3.699262776491258936e+58
2.075548441404650488e+58
1.054885899030646394e+58
4.963202096994993303e+57
2.561016127666089626e+57
1.279915835322162429e+57
6.367109449659090684e+56
3.457519183096219301e+56
1.940078310788117453e+56
1.009229841813601949e+56
5.789885429088437506e+55
2.895095289617860697e+55
1.433887622503334738e+55
8.750400625484591803e+54
4.772020275336717135e+54
2.740842298974312566e+54
1.492173643838158519e+54
9.220688177553720523e+53
5.124597015921174687e+53
2.566541907662478897e+53
1.397031685424437639e+53
7.170073231684409713e+52
3.974091279244121323e+52
1.962698503327698663e+52
9.701375908448896760e+51
7.680739297866198505e+51
6.359981122941740774e+51
6.129127208640767775e+51
