1.000E+03 4.863E-06 4.010E-15  0.00E+00
9.441E+02 5.457E-06 5.048E-15  0.00E+00
8.913E+02 6.123E-06 6.355E-15  0.00E+00
8.414E+02 6.871E-06 8.000E-15  0.00E+00
7.943E+02 7.710E-06 1.007E-14  0.00E+00
7.499E+02 8.652E-06 1.268E-14  0.00E+00
7.079E+02 9.709E-06 1.596E-14  0.00E+00
6.683E+02 1.089E-05 2.010E-14  0.00E+00
6.310E+02 1.222E-05 2.530E-14  0.00E+00
5.957E+02 1.372E-05 3.185E-14  0.00E+00
5.623E+02 1.539E-05 4.010E-14  0.00E+00
5.309E+02 1.727E-05 5.049E-14  0.00E+00
5.012E+02 1.939E-05 6.357E-14  0.00E+00
4.732E+02 2.176E-05 8.003E-14  0.00E+00
4.467E+02 2.442E-05 1.007E-13  0.00E+00
4.217E+02 2.741E-05 1.268E-13  0.00E+00
3.981E+02 3.077E-05 1.597E-13  0.00E+00
3.758E+02 3.453E-05 2.011E-13  0.00E+00
3.548E+02 3.876E-05 2.532E-13  0.00E+00
3.350E+02 4.352E-05 3.187E-13  0.00E+00
3.162E+02 4.886E-05 4.012E-13  0.00E+00
2.985E+02 5.487E-05 5.052E-13  0.00E+00
2.818E+02 6.160E-05 6.361E-13  0.00E+00
2.661E+02 6.917E-05 8.009E-13  0.00E+00
2.512E+02 7.767E-05 1.009E-12  0.00E+00
2.371E+02 8.725E-05 1.270E-12  0.00E+00
2.239E+02 9.803E-05 1.599E-12  0.00E+00
2.113E+02 1.101E-04 2.013E-12  5.57E-07
1.995E+02 1.238E-04 2.535E-12  6.24E-07
1.884E+02 1.391E-04 3.192E-12  7.00E-07
1.778E+02 1.563E-04 4.019E-12  7.83E-07
1.679E+02 1.757E-04 5.061E-12  8.77E-07
1.585E+02 1.976E-04 6.374E-12  9.82E-07
1.496E+02 2.223E-04 8.027E-12  1.10E-06
1.413E+02 2.501E-04 1.011E-11  1.23E-06
1.334E+02 2.815E-04 1.273E-11  1.37E-06
1.259E+02 3.168E-04 1.604E-11  1.54E-06
1.189E+02 3.568E-04 2.020E-11  1.72E-06
1.122E+02 4.018E-04 2.545E-11  1.92E-06
1.059E+02 4.529E-04 3.205E-11  2.14E-06
1.000E+02 5.107E-04 4.037E-11  2.38E-06
9.441E+01 5.763E-04 5.085E-11  2.65E-06
8.913E+01 6.504E-04 6.405E-11  2.95E-06
8.414E+01 7.345E-04 8.067E-11  3.27E-06
7.943E+01 8.300E-04 1.016E-10  3.63E-06
7.499E+01 9.374E-04 1.280E-10  4.02E-06
7.079E+01 1.060E-03 1.612E-10  4.44E-06
6.683E+01 1.199E-03 2.029E-10  4.89E-06
6.310E+01 1.357E-03 2.554E-10  5.38E-06
5.957E+01 1.535E-03 3.213E-10  5.91E-06
5.623E+01 1.736E-03 4.041E-10  6.47E-06
5.309E+01 1.963E-03 5.080E-10  7.07E-06
5.012E+01 2.218E-03 6.384E-10  7.71E-06
4.732E+01 2.505E-03 8.015E-10  8.38E-06
4.467E+01 2.827E-03 1.006E-09  9.10E-06
4.217E+01 3.188E-03 1.262E-09  9.86E-06
3.981E+01 3.589E-03 1.578E-09  1.07E-05
3.758E+01 4.030E-03 1.974E-09  1.15E-05
3.548E+01 4.503E-03 2.474E-09  1.25E-05
3.350E+01 5.041E-03 3.101E-09  1.35E-05
3.162E+01 5.678E-03 3.885E-09  1.46E-05
2.985E+01 6.412E-03 4.860E-09  1.56E-05
2.818E+01 7.230E-03 6.056E-09  1.67E-05
2.661E+01 8.171E-03 7.548E-09  1.79E-05
2.512E+01 9.262E-03 9.418E-09  1.91E-05
2.371E+01 1.047E-02 1.164E-08  2.04E-05
2.239E+01 1.189E-02 1.439E-08  2.18E-05
2.113E+01 1.353E-02 1.753E-08  2.32E-05
1.995E+01 1.548E-02 2.113E-08  2.46E-05
1.884E+01 1.721E-02 2.362E-08  2.65E-05
1.778E+01 1.729E-02 2.426E-08  2.98E-05
1.679E+01 1.573E-02 2.454E-08  3.47E-05
1.585E+01 1.345E-02 2.672E-08  4.10E-05
1.496E+01 1.141E-02 3.317E-08  4.89E-05
1.413E+01 1.027E-02 4.761E-08  5.94E-05
1.334E+01 1.228E-02 7.340E-08  6.95E-05
1.259E+01 1.621E-02 1.058E-07  7.53E-05
1.189E+01 2.154E-02 1.459E-07  7.68E-05
1.122E+01 2.801E-02 1.933E-07  7.64E-05
1.059E+01 3.698E-02 2.551E-07  7.42E-05
1.000E+01 4.489E-02 2.846E-07  7.62E-05
9.441E+00 5.012E-02 2.865E-07  8.12E-05
8.913E+00 3.728E-02 1.529E-07  9.55E-05
8.414E+00 2.408E-02 7.655E-08  1.13E-04
7.943E+00 1.118E-02 3.792E-08  1.34E-04
7.499E+00 4.965E-03 8.103E-08  1.60E-04
7.079E+00 3.906E-03 1.619E-07  1.88E-04
6.683E+00 3.866E-03 2.556E-07  2.17E-04
6.310E+00 3.842E-03 3.679E-07  2.48E-04
5.957E+00 3.754E-03 5.090E-07  2.82E-04
5.623E+00 3.693E-03 6.882E-07  3.20E-04
5.309E+00 3.689E-03 9.166E-07  3.63E-04
5.012E+00 3.737E-03 1.207E-06  4.10E-04
4.732E+00 3.830E-03 1.575E-06  4.63E-04
4.467E+00 3.952E-03 2.042E-06  5.23E-04
4.217E+00 4.100E-03 2.631E-06  5.89E-04
3.981E+00 4.250E-03 3.375E-06  6.64E-04
3.758E+00 4.400E-03 4.315E-06  7.47E-04
3.548E+00 4.561E-03 5.502E-06  8.40E-04
3.350E+00 4.725E-03 6.997E-06  9.44E-04
3.162E+00 4.873E-03 8.887E-06  1.06E-03
2.985E+00 5.039E-03 1.128E-05  1.19E-03
2.818E+00 5.225E-03 1.430E-05  1.34E-03
2.661E+00 5.425E-03 1.811E-05  1.51E-03
2.512E+00 5.641E-03 2.291E-05  1.69E-03
2.371E+00 5.878E-03 2.896E-05  1.90E-03
2.239E+00 6.128E-03 3.659E-05  2.13E-03
2.113E+00 6.398E-03 4.618E-05  2.39E-03
1.995E+00 6.687E-03 5.829E-05  2.69E-03
1.884E+00 6.994E-03 7.355E-05  3.01E-03
1.778E+00 7.325E-03 9.279E-05  3.38E-03
1.679E+00 7.693E-03 1.170E-04  3.80E-03
1.585E+00 8.096E-03 1.474E-04  4.26E-03
1.496E+00 8.520E-03 1.858E-04  4.78E-03
1.413E+00 8.968E-03 2.341E-04  5.36E-03
1.334E+00 9.441E-03 2.950E-04  6.01E-03
1.259E+00 9.948E-03 3.717E-04  6.75E-03
1.189E+00 1.052E-02 4.685E-04  7.57E-03
1.122E+00 1.113E-02 5.905E-04  8.49E-03
1.059E+00 1.178E-02 7.440E-04  9.52E-03
1.000E+00 1.249E-02 9.375E-04  1.07E-02
9.441E-01 1.324E-02 1.181E-03  1.20E-02
8.913E-01 1.405E-02 1.489E-03  1.34E-02
8.414E-01 1.492E-02 1.878E-03  1.51E-02
7.943E-01 1.584E-02 2.369E-03  1.69E-02
7.499E-01 1.683E-02 2.990E-03  1.89E-02
7.079E-01 1.789E-02 3.775E-03  2.12E-02
6.683E-01 1.904E-02 4.767E-03  2.38E-02
6.310E-01 2.029E-02 6.025E-03  2.67E-02
5.957E-01 2.165E-02 7.622E-03  2.99E-02
5.623E-01 2.312E-02 9.648E-03  3.36E-02
5.309E-01 2.473E-02 1.222E-02  3.77E-02
5.012E-01 2.648E-02 1.549E-02  4.22E-02
4.732E-01 2.839E-02 1.966E-02  4.74E-02
4.467E-01 3.049E-02 2.498E-02  5.32E-02
4.217E-01 3.279E-02 3.180E-02  5.97E-02
3.981E-01 3.530E-02 4.051E-02  6.70E-02
3.758E-01 3.802E-02 5.170E-02  7.53E-02
3.548E-01 4.103E-02 6.613E-02  8.47E-02
3.350E-01 4.435E-02 8.473E-02  9.54E-02
3.162E-01 4.802E-02 1.088E-01  1.08E-01
2.985E-01 5.206E-02 1.400E-01  1.21E-01
2.818E-01 5.655E-02 1.806E-01  1.38E-01
2.661E-01 6.153E-02 2.339E-01  1.56E-01
2.512E-01 6.707E-02 3.038E-01  1.79E-01
2.371E-01 7.016E-02 3.975E-01  2.05E-01
2.239E-01 8.314E-02 5.271E-01  2.40E-01
2.113E-01 1.315E-01 6.966E-01  2.84E-01
1.995E-01 2.107E-01 9.156E-01  3.43E-01
1.884E-01 3.696E-01 1.220E+00  4.20E-01
1.778E-01 6.887E-01 1.625E+00  4.99E-01
1.679E-01 1.092E+00 2.077E+00  5.26E-01
1.585E-01 1.333E+00 2.268E+00  4.80E-01
1.496E-01 1.562E+00 1.692E+00  4.69E-01
1.413E-01 1.589E+00 1.237E+00  5.27E-01
1.334E-01 1.578E+00 1.301E+00  5.67E-01
1.259E-01 1.600E+00 1.304E+00  6.02E-01
1.189E-01 1.621E+00 1.272E+00  6.27E-01
1.122E-01 1.608E+00 1.252E+00  6.48E-01
1.059E-01 1.583E+00 1.264E+00  6.54E-01
1.000E-01 1.550E+00 1.222E+00  6.66E-01
9.441E-02 1.524E+00 1.194E+00  6.83E-01
8.913E-02 1.490E+00 1.136E+00  7.04E-01
8.414E-02 1.471E+00 1.161E+00  7.19E-01
7.943E-02 1.430E+00 1.184E+00  7.25E-01
7.499E-02 1.370E+00 1.197E+00  7.28E-01
7.079E-02 1.294E+00 1.198E+00  7.33E-01
6.683E-02 1.193E+00 1.200E+00  7.37E-01
6.310E-02 1.049E+00 1.184E+00  7.42E-01
5.957E-02 9.124E-01 1.060E+00  7.74E-01
5.623E-02 9.287E-01 8.556E-01  8.22E-01
5.309E-02 9.343E-01 7.829E-01  8.44E-01
5.012E-02 9.332E-01 7.388E-01  8.62E-01
4.732E-02 9.275E-01 7.112E-01  8.76E-01
4.467E-02 9.190E-01 6.929E-01  8.87E-01
4.217E-02 9.085E-01 6.799E-01  8.98E-01
3.981E-02 8.966E-01 6.701E-01  9.07E-01
3.758E-02 8.835E-01 6.620E-01  9.15E-01
3.548E-02 8.696E-01 6.549E-01  9.23E-01
3.350E-02 8.550E-01 6.479E-01  9.30E-01
3.162E-02 8.394E-01 6.406E-01  9.36E-01
2.985E-02 8.235E-01 6.328E-01  9.42E-01
2.818E-02 8.066E-01 6.235E-01  9.48E-01
2.661E-02 7.895E-01 6.121E-01  9.53E-01
2.512E-02 7.714E-01 5.974E-01  9.58E-01
2.371E-02 7.530E-01 5.759E-01  9.62E-01
2.239E-02 7.462E-01 5.555E-01  9.66E-01
2.113E-02 7.316E-01 5.400E-01  9.69E-01
1.995E-02 7.181E-01 5.119E-01  9.73E-01
1.884E-02 7.336E-01 4.966E-01  9.75E-01
1.778E-02 7.138E-01 5.048E-01  9.77E-01
1.679E-02 6.967E-01 4.959E-01  9.80E-01
1.585E-02 6.799E-01 4.818E-01  9.82E-01
1.496E-02 6.625E-01 4.655E-01  9.83E-01
1.413E-02 6.440E-01 4.440E-01  9.85E-01
1.334E-02 6.420E-01 4.132E-01  9.87E-01
1.259E-02 6.348E-01 4.108E-01  9.88E-01
1.189E-02 6.115E-01 4.041E-01  9.89E-01
1.122E-02 5.878E-01 3.668E-01  9.90E-01
1.059E-02 6.572E-01 3.277E-01  9.91E-01
1.000E-02 6.294E-01 3.826E-01  9.92E-01
9.441E-03 6.024E-01 3.888E-01  9.93E-01
8.913E-03 5.746E-01 3.826E-01  9.93E-01
8.414E-03 5.456E-01 3.708E-01  9.94E-01
7.943E-03 5.159E-01 3.544E-01  9.95E-01
7.499E-03 4.861E-01 3.277E-01  9.95E-01
7.079E-03 4.844E-01 3.253E-01  9.96E-01
6.683E-03 4.541E-01 3.151E-01  9.96E-01
6.310E-03 4.239E-01 3.005E-01  9.97E-01
5.957E-03 3.946E-01 2.843E-01  9.97E-01
5.623E-03 3.652E-01 2.670E-01  9.97E-01
5.309E-03 3.369E-01 2.490E-01  9.97E-01
5.012E-03 3.099E-01 2.311E-01  9.98E-01
4.732E-03 2.840E-01 2.135E-01  9.98E-01
4.467E-03 2.593E-01 1.962E-01  9.98E-01
4.217E-03 2.359E-01 1.796E-01  9.98E-01
3.981E-03 2.138E-01 1.636E-01  9.99E-01
3.758E-03 1.931E-01 1.483E-01  9.99E-01
3.548E-03 1.738E-01 1.336E-01  9.99E-01
3.350E-03 1.558E-01 1.197E-01  9.99E-01
3.162E-03 1.394E-01 1.067E-01  9.99E-01
2.985E-03 1.245E-01 9.477E-02  9.99E-01
2.818E-03 1.103E-01 8.272E-02  9.99E-01
2.661E-03 9.701E-02 7.105E-02  9.99E-01
2.512E-03 8.552E-02 5.817E-02  9.99E-01
2.371E-03 7.526E-02 3.453E-02  9.99E-01
2.239E-03 1.684E-01 4.672E-02  9.99E-01
2.113E-03 1.519E-01 4.821E-02  1.00E+00
1.995E-03 1.360E-01 4.647E-02  1.00E+00
1.884E-03 1.209E-01 4.201E-02  1.00E+00
1.778E-03 1.070E-01 3.614E-02  1.00E+00
1.679E-03 9.414E-02 2.255E-02  1.00E+00
1.585E-03 1.460E-01 3.412E-02  1.00E+00
1.496E-03 1.290E-01 3.212E-02  1.00E+00
1.413E-03 1.256E-01 3.283E-02  1.00E+00
1.334E-03 1.110E-01 3.122E-02  1.00E+00
1.259E-03 9.774E-02 2.892E-02  1.00E+00
1.189E-03 8.578E-02 2.656E-02  1.00E+00
1.122E-03 7.466E-02 2.412E-02  1.00E+00
1.059E-03 6.483E-02 2.168E-02  1.00E+00
1.000E-03 5.600E-02 1.906E-02  1.00E+00
