1.000E+03 7.738E-04 2.533E-06  6.33E-04
9.441E+02 8.687E-04 3.189E-06  7.10E-04
8.913E+02 9.753E-04 4.015E-06  7.96E-04
8.414E+02 1.095E-03 5.055E-06  8.94E-04
7.943E+02 1.230E-03 6.365E-06  1.00E-03
7.499E+02 1.381E-03 8.015E-06  1.12E-03
7.079E+02 1.551E-03 1.009E-05  1.26E-03
6.683E+02 1.742E-03 1.271E-05  1.42E-03
6.310E+02 1.957E-03 1.601E-05  1.59E-03
5.957E+02 2.199E-03 2.016E-05  1.78E-03
5.623E+02 2.471E-03 2.539E-05  2.00E-03
5.309E+02 2.777E-03 3.198E-05  2.24E-03
5.012E+02 3.121E-03 4.028E-05  2.52E-03
4.732E+02 3.510E-03 5.073E-05  2.83E-03
4.467E+02 3.948E-03 6.391E-05  3.17E-03
4.217E+02 4.443E-03 8.051E-05  3.56E-03
3.981E+02 5.000E-03 1.014E-04  3.99E-03
3.758E+02 5.629E-03 1.278E-04  4.48E-03
3.548E+02 6.339E-03 1.611E-04  5.02E-03
3.350E+02 7.145E-03 2.030E-04  5.64E-03
3.162E+02 8.058E-03 2.559E-04  6.32E-03
2.985E+02 9.092E-03 3.225E-04  7.09E-03
2.818E+02 1.026E-02 4.067E-04  7.96E-03
2.661E+02 1.159E-02 5.130E-04  8.93E-03
2.512E+02 1.311E-02 6.471E-04  1.00E-02
2.371E+02 1.484E-02 8.164E-04  1.12E-02
2.239E+02 1.681E-02 1.030E-03  1.26E-02
2.113E+02 1.907E-02 1.301E-03  1.41E-02
1.995E+02 2.166E-02 1.642E-03  1.59E-02
1.884E+02 2.463E-02 2.075E-03  1.78E-02
1.778E+02 2.805E-02 2.622E-03  2.00E-02
1.679E+02 3.200E-02 3.316E-03  2.24E-02
1.585E+02 3.659E-02 4.195E-03  2.51E-02
1.496E+02 4.193E-02 5.310E-03  2.81E-02
1.413E+02 4.817E-02 6.726E-03  3.16E-02
1.334E+02 5.549E-02 8.527E-03  3.54E-02
1.259E+02 6.410E-02 1.082E-02  3.96E-02
1.189E+02 7.428E-02 1.374E-02  4.44E-02
1.122E+02 8.638E-02 1.746E-02  4.97E-02
1.059E+02 1.009E-01 2.221E-02  5.57E-02
1.000E+02 1.183E-01 2.830E-02  6.22E-02
9.441E+01 1.394E-01 3.609E-02  6.95E-02
8.913E+01 1.650E-01 4.610E-02  7.76E-02
8.414E+01 1.963E-01 5.895E-02  8.64E-02
7.943E+01 2.347E-01 7.550E-02  9.60E-02
7.499E+01 2.819E-01 9.685E-02  1.06E-01
7.079E+01 3.403E-01 1.243E-01  1.17E-01
6.683E+01 4.122E-01 1.598E-01  1.29E-01
6.310E+01 5.003E-01 2.053E-01  1.41E-01
5.957E+01 6.069E-01 2.637E-01  1.52E-01
5.623E+01 7.336E-01 3.377E-01  1.63E-01
5.309E+01 8.800E-01 4.304E-01  1.72E-01
5.012E+01 1.043E+00 5.443E-01  1.80E-01
4.732E+01 1.214E+00 6.796E-01  1.86E-01
4.467E+01 1.381E+00 8.338E-01  1.90E-01
4.217E+01 1.532E+00 9.993E-01  1.94E-01
3.981E+01 1.651E+00 1.162E+00  2.00E-01
3.758E+01 1.731E+00 1.310E+00  2.09E-01
3.548E+01 1.772E+00 1.433E+00  2.19E-01
3.350E+01 1.775E+00 1.514E+00  2.34E-01
3.162E+01 1.748E+00 1.548E+00  2.53E-01
2.985E+01 1.708E+00 1.543E+00  2.79E-01
2.818E+01 1.668E+00 1.513E+00  3.11E-01
2.661E+01 1.637E+00 1.472E+00  3.49E-01
2.512E+01 1.621E+00 1.430E+00  3.93E-01
2.371E+01 1.622E+00 1.393E+00  4.43E-01
2.239E+01 1.631E+00 1.368E+00  4.91E-01
2.113E+01 1.641E+00 1.345E+00  5.37E-01
1.995E+01 1.641E+00 1.318E+00  5.74E-01
1.884E+01 1.627E+00 1.259E+00  6.10E-01
1.778E+01 1.600E+00 1.200E+00  6.44E-01
1.679E+01 1.572E+00 1.193E+00  6.76E-01
1.585E+01 1.554E+00 1.276E+00  7.02E-01
1.496E+01 1.549E+00 1.423E+00  7.16E-01
1.413E+01 1.565E+00 1.472E+00  7.13E-01
1.334E+01 1.564E+00 1.365E+00  7.20E-01
1.259E+01 1.507E+00 1.351E+00  7.24E-01
1.189E+01 1.458E+00 1.356E+00  7.28E-01
1.122E+01 1.427E+00 1.351E+00  7.37E-01
1.059E+01 1.402E+00 1.337E+00  7.48E-01
1.000E+01 1.379E+00 1.269E+00  7.69E-01
9.441E+00 1.327E+00 1.174E+00  7.90E-01
8.913E+00 1.252E+00 9.378E-01  8.34E-01
8.414E+00 1.199E+00 7.487E-01  8.72E-01
7.943E+00 1.048E+00 7.231E-01  8.96E-01
7.499E+00 8.590E-01 1.906E+00  8.85E-01
7.079E+00 8.463E-01 2.580E+00  8.51E-01
6.683E+00 9.171E-01 2.462E+00  8.22E-01
6.310E+00 9.464E-01 2.015E+00  7.69E-01
5.957E+00 9.603E-01 1.653E+00  7.33E-01
5.623E+00 9.871E-01 1.289E+00  6.59E-01
5.309E+00 9.573E-01 1.196E+00  6.80E-01
5.012E+00 1.000E+00 1.229E+00  7.17E-01
4.732E+00 9.694E-01 1.416E+00  7.93E-01
4.467E+00 9.872E-01 1.667E+00  8.31E-01
4.217E+00 9.774E-01 1.745E+00  8.69E-01
3.981E+00 9.707E-01 1.731E+00  8.69E-01
3.758E+00 9.671E-01 1.596E+00  8.63E-01
3.548E+00 9.699E-01 1.410E+00  8.45E-01
3.350E+00 9.685E-01 1.275E+00  8.32E-01
3.162E+00 9.717E-01 1.272E+00  8.38E-01
2.985E+00 9.750E-01 1.385E+00  8.52E-01
2.818E+00 9.802E-01 1.501E+00  8.68E-01
2.661E+00 9.854E-01 1.499E+00  8.76E-01
2.512E+00 9.864E-01 1.376E+00  8.75E-01
2.371E+00 9.821E-01 1.253E+00  8.72E-01
2.239E+00 9.777E-01 1.250E+00  8.80E-01
2.113E+00 9.843E-01 1.342E+00  8.94E-01
1.995E+00 9.851E-01 1.384E+00  9.00E-01
1.884E+00 9.826E-01 1.287E+00  8.95E-01
1.778E+00 9.853E-01 1.218E+00  8.93E-01
1.679E+00 9.915E-01 1.265E+00  9.02E-01
1.585E+00 9.893E-01 1.302E+00  9.10E-01
1.496E+00 9.891E-01 1.231E+00  9.08E-01
1.413E+00 9.899E-01 1.207E+00  9.10E-01
1.334E+00 9.894E-01 1.257E+00  9.16E-01
1.259E+00 9.904E-01 1.217E+00  9.16E-01
1.189E+00 9.914E-01 1.194E+00  9.18E-01
1.122E+00 9.888E-01 1.226E+00  9.22E-01
1.059E+00 9.883E-01 1.185E+00  9.22E-01
1.000E+00 9.863E-01 1.201E+00  9.24E-01
9.441E-01 9.841E-01 1.188E+00  9.25E-01
8.913E-01 9.818E-01 1.185E+00  9.26E-01
8.414E-01 9.790E-01 1.182E+00  9.27E-01
7.943E-01 9.759E-01 1.181E+00  9.28E-01
7.499E-01 9.728E-01 1.173E+00  9.28E-01
7.079E-01 9.696E-01 1.178E+00  9.29E-01
6.683E-01 9.662E-01 1.169E+00  9.29E-01
6.310E-01 9.629E-01 1.169E+00  9.30E-01
5.957E-01 9.594E-01 1.171E+00  9.30E-01
5.623E-01 9.560E-01 1.168E+00  9.30E-01
5.309E-01 9.526E-01 1.165E+00  9.30E-01
5.012E-01 9.492E-01 1.164E+00  9.30E-01
4.732E-01 9.458E-01 1.164E+00  9.30E-01
4.467E-01 9.425E-01 1.163E+00  9.30E-01
4.217E-01 9.392E-01 1.163E+00  9.30E-01
3.981E-01 9.360E-01 1.162E+00  9.29E-01
3.758E-01 9.327E-01 1.162E+00  9.29E-01
3.548E-01 9.295E-01 1.161E+00  9.28E-01
3.350E-01 9.262E-01 1.162E+00  9.28E-01
3.162E-01 9.229E-01 1.161E+00  9.27E-01
2.985E-01 9.195E-01 1.162E+00  9.26E-01
2.818E-01 9.159E-01 1.162E+00  9.25E-01
2.661E-01 9.121E-01 1.163E+00  9.24E-01
2.512E-01 9.080E-01 1.164E+00  9.22E-01
2.371E-01 9.033E-01 1.166E+00  9.19E-01
2.239E-01 8.974E-01 1.170E+00  9.16E-01
2.113E-01 8.908E-01 1.174E+00  9.12E-01
1.995E-01 8.838E-01 1.178E+00  9.07E-01
1.884E-01 8.753E-01 1.185E+00  9.01E-01
1.778E-01 8.658E-01 1.192E+00  8.95E-01
1.679E-01 8.550E-01 1.201E+00  8.87E-01
1.585E-01 8.388E-01 1.215E+00  8.74E-01
1.496E-01 8.118E-01 1.242E+00  8.54E-01
1.413E-01 8.260E-01 1.226E+00  8.70E-01
1.334E-01 8.335E-01 1.216E+00  8.76E-01
1.259E-01 8.317E-01 1.216E+00  8.76E-01
1.189E-01 8.209E-01 1.225E+00  8.69E-01
1.122E-01 8.184E-01 1.226E+00  8.69E-01
1.059E-01 8.010E-01 1.242E+00  8.58E-01
1.000E-01 7.919E-01 1.250E+00  8.55E-01
9.441E-02 7.873E-01 1.252E+00  8.55E-01
8.913E-02 7.932E-01 1.244E+00  8.63E-01
8.414E-02 7.896E-01 1.246E+00  8.61E-01
7.943E-02 7.733E-01 1.261E+00  8.52E-01
7.499E-02 7.540E-01 1.279E+00  8.44E-01
7.079E-02 7.394E-01 1.292E+00  8.39E-01
6.683E-02 7.212E-01 1.308E+00  8.34E-01
6.310E-02 7.034E-01 1.324E+00  8.32E-01
5.957E-02 7.295E-01 1.295E+00  8.61E-01
5.623E-02 8.069E-01 1.216E+00  9.12E-01
5.309E-02 8.372E-01 1.184E+00  9.30E-01
5.012E-02 8.566E-01 1.164E+00  9.42E-01
4.732E-02 8.700E-01 1.149E+00  9.50E-01
4.467E-02 8.799E-01 1.138E+00  9.56E-01
4.217E-02 8.877E-01 1.130E+00  9.61E-01
3.981E-02 8.942E-01 1.122E+00  9.65E-01
3.758E-02 8.998E-01 1.116E+00  9.68E-01
3.548E-02 9.049E-01 1.110E+00  9.71E-01
3.350E-02 9.075E-01 1.092E+00  9.74E-01
3.162E-02 9.122E-01 1.088E+00  9.76E-01
2.985E-02 9.167E-01 1.083E+00  9.79E-01
2.818E-02 9.211E-01 1.079E+00  9.81E-01
2.661E-02 9.256E-01 1.074E+00  9.83E-01
2.512E-02 9.302E-01 1.070E+00  9.85E-01
2.371E-02 9.354E-01 1.065E+00  9.87E-01
2.239E-02 9.408E-01 1.059E+00  9.89E-01
2.113E-02 9.448E-01 1.055E+00  9.91E-01
1.995E-02 9.499E-01 1.050E+00  9.92E-01
1.884E-02 9.548E-01 1.045E+00  9.93E-01
1.778E-02 9.556E-01 1.044E+00  9.94E-01
1.679E-02 9.580E-01 1.042E+00  9.94E-01
1.585E-02 9.607E-01 1.039E+00  9.95E-01
1.496E-02 9.635E-01 1.037E+00  9.96E-01
1.413E-02 9.664E-01 1.034E+00  9.96E-01
1.334E-02 9.703E-01 1.030E+00  9.97E-01
1.259E-02 9.718E-01 1.028E+00  9.97E-01
1.189E-02 9.731E-01 1.027E+00  9.98E-01
1.122E-02 9.762E-01 1.024E+00  9.98E-01
1.059E-02 9.816E-01 1.018E+00  9.99E-01
1.000E-02 9.788E-01 1.021E+00  9.98E-01
9.441E-03 9.790E-01 1.021E+00  9.99E-01
8.913E-03 9.798E-01 1.020E+00  9.99E-01
8.414E-03 9.809E-01 1.019E+00  9.99E-01
7.943E-03 9.821E-01 1.018E+00  9.99E-01
7.499E-03 9.837E-01 1.016E+00  9.99E-01
7.079E-03 9.847E-01 1.015E+00  9.99E-01
6.683E-03 9.855E-01 1.014E+00  9.99E-01
6.310E-03 9.865E-01 1.013E+00  9.99E-01
5.957E-03 9.875E-01 1.013E+00  1.00E+00
5.623E-03 9.884E-01 1.012E+00  1.00E+00
5.309E-03 9.891E-01 1.011E+00  1.00E+00
5.012E-03 9.897E-01 1.010E+00  1.00E+00
4.732E-03 9.901E-01 1.010E+00  1.00E+00
4.467E-03 9.904E-01 1.010E+00  1.00E+00
4.217E-03 9.905E-01 1.009E+00  1.00E+00
3.981E-03 9.906E-01 1.009E+00  1.00E+00
3.758E-03 9.907E-01 1.009E+00  1.00E+00
3.548E-03 9.907E-01 1.009E+00  1.00E+00
3.350E-03 9.907E-01 1.009E+00  1.00E+00
3.162E-03 9.907E-01 1.009E+00  1.00E+00
2.985E-03 9.909E-01 1.009E+00  1.00E+00
2.818E-03 9.914E-01 1.009E+00  1.00E+00
2.661E-03 9.919E-01 1.008E+00  1.00E+00
2.512E-03 9.922E-01 1.008E+00  1.00E+00
2.371E-03 9.924E-01 1.008E+00  1.00E+00
2.239E-03 9.980E-01 1.002E+00  1.00E+00
2.113E-03 9.977E-01 1.002E+00  1.00E+00
1.995E-03 9.974E-01 1.003E+00  1.00E+00
1.884E-03 9.970E-01 1.003E+00  1.00E+00
1.778E-03 9.965E-01 1.004E+00  1.00E+00
1.679E-03 9.960E-01 1.004E+00  1.00E+00
1.585E-03 9.984E-01 1.002E+00  1.00E+00
1.496E-03 9.979E-01 1.002E+00  1.00E+00
1.413E-03 9.978E-01 1.002E+00  1.00E+00
1.334E-03 9.972E-01 1.003E+00  1.00E+00
1.259E-03 9.964E-01 1.004E+00  1.00E+00
1.189E-03 9.954E-01 1.005E+00  1.00E+00
1.122E-03 9.939E-01 1.006E+00  1.00E+00
1.059E-03 9.919E-01 1.008E+00  1.00E+00
1.000E-03 9.891E-01 1.011E+00  1.00E+00
