1.000E+03 1.388E-03 2.538E-05  2.00E-03
9.441E+02 1.560E-03 3.197E-05  2.25E-03
8.913E+02 1.753E-03 4.027E-05  2.52E-03
8.414E+02 1.971E-03 5.072E-05  2.83E-03
7.943E+02 2.217E-03 6.389E-05  3.18E-03
7.499E+02 2.494E-03 8.048E-05  3.56E-03
7.079E+02 2.806E-03 1.014E-04  4.00E-03
6.683E+02 3.158E-03 1.278E-04  4.49E-03
6.310E+02 3.556E-03 1.610E-04  5.04E-03
5.957E+02 4.006E-03 2.029E-04  5.65E-03
5.623E+02 4.514E-03 2.557E-04  6.35E-03
5.309E+02 5.091E-03 3.224E-04  7.12E-03
5.012E+02 5.744E-03 4.065E-04  8.00E-03
4.732E+02 6.486E-03 5.126E-04  8.98E-03
4.467E+02 7.330E-03 6.465E-04  1.01E-02
4.217E+02 8.291E-03 8.155E-04  1.13E-02
3.981E+02 9.386E-03 1.029E-03  1.27E-02
3.758E+02 1.064E-02 1.299E-03  1.43E-02
3.548E+02 1.207E-02 1.641E-03  1.60E-02
3.350E+02 1.371E-02 2.072E-03  1.80E-02
3.162E+02 1.561E-02 2.618E-03  2.02E-02
2.985E+02 1.780E-02 3.310E-03  2.27E-02
2.818E+02 2.033E-02 4.187E-03  2.55E-02
2.661E+02 2.326E-02 5.300E-03  2.87E-02
2.512E+02 2.669E-02 6.713E-03  3.22E-02
2.371E+02 3.072E-02 8.508E-03  3.63E-02
2.239E+02 3.545E-02 1.079E-02  4.08E-02
2.113E+02 4.106E-02 1.370E-02  4.59E-02
1.995E+02 4.774E-02 1.741E-02  5.17E-02
1.884E+02 5.573E-02 2.216E-02  5.82E-02
1.778E+02 6.538E-02 2.823E-02  6.56E-02
1.679E+02 7.714E-02 3.603E-02  7.40E-02
1.585E+02 9.159E-02 4.605E-02  8.35E-02
1.496E+02 1.095E-01 5.898E-02  9.44E-02
1.413E+02 1.321E-01 7.569E-02  1.07E-01
1.334E+02 1.608E-01 9.736E-02  1.21E-01
1.259E+02 1.977E-01 1.256E-01  1.37E-01
1.189E+02 2.460E-01 1.624E-01  1.55E-01
1.122E+02 3.103E-01 2.108E-01  1.76E-01
1.059E+02 3.968E-01 2.744E-01  1.99E-01
1.000E+02 5.147E-01 3.586E-01  2.25E-01
9.441E+01 6.753E-01 4.700E-01  2.50E-01
8.913E+01 8.895E-01 6.172E-01  2.72E-01
8.414E+01 1.157E+00 8.080E-01  2.85E-01
7.943E+01 1.447E+00 1.044E+00  2.83E-01
7.499E+01 1.695E+00 1.313E+00  2.63E-01
7.079E+01 1.839E+00 1.578E+00  2.34E-01
6.683E+01 1.880E+00 1.800E+00  2.11E-01
6.310E+01 1.860E+00 1.942E+00  2.00E-01
5.957E+01 1.816E+00 1.985E+00  2.05E-01
5.623E+01 1.764E+00 1.939E+00  2.21E-01
5.309E+01 1.713E+00 1.836E+00  2.47E-01
5.012E+01 1.667E+00 1.715E+00  2.81E-01
4.732E+01 1.632E+00 1.608E+00  3.23E-01
4.467E+01 1.611E+00 1.529E+00  3.70E-01
4.217E+01 1.604E+00 1.485E+00  4.21E-01
3.981E+01 1.608E+00 1.470E+00  4.71E-01
3.758E+01 1.611E+00 1.475E+00  5.12E-01
3.548E+01 1.601E+00 1.485E+00  5.42E-01
3.350E+01 1.576E+00 1.490E+00  5.63E-01
3.162E+01 1.541E+00 1.485E+00  5.79E-01
2.985E+01 1.508E+00 1.473E+00  5.95E-01
2.818E+01 1.485E+00 1.457E+00  6.14E-01
2.661E+01 1.472E+00 1.444E+00  6.35E-01
2.512E+01 1.464E+00 1.438E+00  6.58E-01
2.371E+01 1.456E+00 1.432E+00  6.78E-01
2.239E+01 1.439E+00 1.424E+00  6.95E-01
2.113E+01 1.423E+00 1.407E+00  7.10E-01
1.995E+01 1.411E+00 1.383E+00  7.27E-01
1.884E+01 1.411E+00 1.338E+00  7.50E-01
1.778E+01 1.413E+00 1.287E+00  7.77E-01
1.679E+01 1.414E+00 1.256E+00  8.01E-01
1.585E+01 1.414E+00 1.253E+00  8.16E-01
1.496E+01 1.411E+00 1.248E+00  8.21E-01
1.413E+01 1.383E+00 1.260E+00  8.20E-01
1.334E+01 1.321E+00 1.309E+00  8.09E-01
1.259E+01 1.277E+00 1.336E+00  8.01E-01
1.189E+01 1.246E+00 1.354E+00  7.99E-01
1.122E+01 1.225E+00 1.361E+00  8.02E-01
1.059E+01 1.203E+00 1.363E+00  8.07E-01
1.000E+01 1.189E+00 1.322E+00  8.23E-01
9.441E+00 1.160E+00 1.266E+00  8.41E-01
8.913E+00 1.146E+00 1.106E+00  8.85E-01
8.414E+00 1.159E+00 9.706E-01  9.23E-01
7.943E+00 1.154E+00 1.049E+00  9.47E-01
7.499E+00 1.098E+00 1.691E+00  9.10E-01
7.079E+00 1.088E+00 1.168E+00  8.28E-01
6.683E+00 1.107E+00 1.205E+00  8.55E-01
6.310E+00 1.104E+00 1.448E+00  8.95E-01
5.957E+00 1.083E+00 1.515E+00  9.04E-01
5.623E+00 1.059E+00 1.367E+00  8.94E-01
5.309E+00 1.041E+00 1.217E+00  8.78E-01
5.012E+00 1.029E+00 1.240E+00  8.78E-01
4.732E+00 1.024E+00 1.368E+00  8.89E-01
4.467E+00 1.028E+00 1.406E+00  8.96E-01
4.217E+00 1.037E+00 1.302E+00  8.95E-01
3.981E+00 1.036E+00 1.203E+00  8.94E-01
3.758E+00 1.027E+00 1.230E+00  9.00E-01
3.548E+00 1.027E+00 1.308E+00  9.10E-01
3.350E+00 1.021E+00 1.293E+00  9.11E-01
3.162E+00 1.021E+00 1.208E+00  9.06E-01
2.985E+00 1.015E+00 1.212E+00  9.08E-01
2.818E+00 1.012E+00 1.268E+00  9.16E-01
2.661E+00 1.011E+00 1.230E+00  9.16E-01
2.512E+00 1.008E+00 1.189E+00  9.16E-01
2.371E+00 1.004E+00 1.232E+00  9.20E-01
2.239E+00 1.002E+00 1.213E+00  9.20E-01
2.113E+00 1.000E+00 1.184E+00  9.21E-01
1.995E+00 9.964E-01 1.215E+00  9.24E-01
1.884E+00 9.939E-01 1.184E+00  9.24E-01
1.778E+00 9.904E-01 1.194E+00  9.25E-01
1.679E+00 9.873E-01 1.186E+00  9.26E-01
1.585E+00 9.842E-01 1.182E+00  9.27E-01
1.496E+00 9.809E-01 1.181E+00  9.28E-01
1.413E+00 9.773E-01 1.178E+00  9.28E-01
1.334E+00 9.739E-01 1.173E+00  9.29E-01
1.259E+00 9.705E-01 1.177E+00  9.30E-01
1.189E+00 9.670E-01 1.168E+00  9.30E-01
1.122E+00 9.636E-01 1.170E+00  9.30E-01
1.059E+00 9.602E-01 1.170E+00  9.31E-01
1.000E+00 9.569E-01 1.166E+00  9.31E-01
9.441E-01 9.536E-01 1.164E+00  9.31E-01
8.913E-01 9.504E-01 1.163E+00  9.31E-01
8.414E-01 9.473E-01 1.163E+00  9.31E-01
7.943E-01 9.443E-01 1.162E+00  9.31E-01
7.499E-01 9.414E-01 1.161E+00  9.31E-01
7.079E-01 9.386E-01 1.160E+00  9.31E-01
6.683E-01 9.359E-01 1.159E+00  9.31E-01
6.310E-01 9.332E-01 1.158E+00  9.31E-01
5.957E-01 9.307E-01 1.157E+00  9.31E-01
5.623E-01 9.282E-01 1.156E+00  9.31E-01
5.309E-01 9.258E-01 1.156E+00  9.31E-01
5.012E-01 9.235E-01 1.155E+00  9.31E-01
4.732E-01 9.212E-01 1.154E+00  9.31E-01
4.467E-01 9.189E-01 1.154E+00  9.31E-01
4.217E-01 9.167E-01 1.153E+00  9.30E-01
3.981E-01 9.145E-01 1.153E+00  9.30E-01
3.758E-01 9.122E-01 1.153E+00  9.29E-01
3.548E-01 9.099E-01 1.152E+00  9.29E-01
3.350E-01 9.076E-01 1.152E+00  9.28E-01
3.162E-01 9.052E-01 1.153E+00  9.27E-01
2.985E-01 9.026E-01 1.153E+00  9.26E-01
2.818E-01 8.999E-01 1.154E+00  9.25E-01
2.661E-01 8.968E-01 1.155E+00  9.24E-01
2.512E-01 8.935E-01 1.156E+00  9.22E-01
2.371E-01 8.895E-01 1.158E+00  9.19E-01
2.239E-01 8.843E-01 1.162E+00  9.16E-01
2.113E-01 8.783E-01 1.166E+00  9.12E-01
1.995E-01 8.720E-01 1.171E+00  9.07E-01
1.884E-01 8.641E-01 1.177E+00  9.01E-01
1.778E-01 8.552E-01 1.184E+00  8.94E-01
1.679E-01 8.449E-01 1.193E+00  8.87E-01
1.585E-01 8.291E-01 1.208E+00  8.74E-01
1.496E-01 8.023E-01 1.234E+00  8.54E-01
1.413E-01 8.170E-01 1.218E+00  8.69E-01
1.334E-01 8.250E-01 1.209E+00  8.76E-01
1.259E-01 8.236E-01 1.209E+00  8.75E-01
1.189E-01 8.020E-01 1.198E+00  8.67E-01
1.122E-01 8.006E-01 1.199E+00  8.67E-01
1.059E-01 7.843E-01 1.216E+00  8.55E-01
1.000E-01 7.766E-01 1.223E+00  8.52E-01
9.441E-02 7.735E-01 1.226E+00  8.52E-01
8.913E-02 7.808E-01 1.219E+00  8.60E-01
8.414E-02 7.780E-01 1.222E+00  8.58E-01
7.943E-02 7.629E-01 1.237E+00  8.50E-01
7.499E-02 7.451E-01 1.255E+00  8.41E-01
7.079E-02 7.319E-01 1.268E+00  8.37E-01
6.683E-02 7.151E-01 1.285E+00  8.31E-01
6.310E-02 7.015E-01 1.317E+00  8.31E-01
5.957E-02 7.263E-01 1.274E+00  8.59E-01
5.623E-02 8.036E-01 1.196E+00  9.11E-01
5.309E-02 8.339E-01 1.166E+00  9.29E-01
5.012E-02 8.534E-01 1.147E+00  9.41E-01
4.732E-02 8.668E-01 1.133E+00  9.49E-01
4.467E-02 8.768E-01 1.123E+00  9.55E-01
4.217E-02 8.849E-01 1.115E+00  9.60E-01
3.981E-02 8.915E-01 1.108E+00  9.64E-01
3.758E-02 8.974E-01 1.103E+00  9.68E-01
3.548E-02 9.026E-01 1.097E+00  9.71E-01
3.350E-02 9.075E-01 1.092E+00  9.74E-01
3.162E-02 9.122E-01 1.088E+00  9.76E-01
2.985E-02 9.167E-01 1.083E+00  9.79E-01
2.818E-02 9.211E-01 1.079E+00  9.81E-01
2.661E-02 9.256E-01 1.074E+00  9.83E-01
2.512E-02 9.302E-01 1.070E+00  9.85E-01
2.371E-02 9.354E-01 1.065E+00  9.87E-01
2.239E-02 9.408E-01 1.059E+00  9.89E-01
2.113E-02 9.448E-01 1.055E+00  9.91E-01
1.995E-02 9.499E-01 1.050E+00  9.92E-01
1.884E-02 9.548E-01 1.045E+00  9.93E-01
1.778E-02 9.556E-01 1.044E+00  9.94E-01
1.679E-02 9.580E-01 1.042E+00  9.94E-01
1.585E-02 9.607E-01 1.039E+00  9.95E-01
1.496E-02 9.635E-01 1.037E+00  9.96E-01
1.413E-02 9.664E-01 1.034E+00  9.96E-01
1.334E-02 9.703E-01 1.030E+00  9.97E-01
1.259E-02 9.718E-01 1.028E+00  9.97E-01
1.189E-02 9.731E-01 1.027E+00  9.98E-01
1.122E-02 9.762E-01 1.024E+00  9.98E-01
1.059E-02 9.816E-01 1.018E+00  9.99E-01
1.000E-02 9.788E-01 1.021E+00  9.98E-01
9.441E-03 9.790E-01 1.021E+00  9.99E-01
8.913E-03 9.798E-01 1.020E+00  9.99E-01
8.414E-03 9.809E-01 1.019E+00  9.99E-01
7.943E-03 9.821E-01 1.018E+00  9.99E-01
7.499E-03 9.837E-01 1.016E+00  9.99E-01
7.079E-03 9.847E-01 1.015E+00  9.99E-01
6.683E-03 9.855E-01 1.014E+00  9.99E-01
6.310E-03 9.865E-01 1.013E+00  9.99E-01
5.957E-03 9.875E-01 1.012E+00  1.00E+00
5.623E-03 9.884E-01 1.012E+00  1.00E+00
5.309E-03 9.892E-01 1.011E+00  1.00E+00
5.012E-03 9.899E-01 1.010E+00  1.00E+00
4.732E-03 9.904E-01 1.010E+00  1.00E+00
4.467E-03 9.908E-01 1.009E+00  1.00E+00
4.217E-03 9.911E-01 1.009E+00  1.00E+00
3.981E-03 9.913E-01 1.009E+00  1.00E+00
3.758E-03 9.915E-01 1.008E+00  1.00E+00
3.548E-03 9.917E-01 1.008E+00  1.00E+00
3.350E-03 9.919E-01 1.008E+00  1.00E+00
3.162E-03 9.922E-01 1.008E+00  1.00E+00
2.985E-03 9.927E-01 1.007E+00  1.00E+00
2.818E-03 9.937E-01 1.006E+00  1.00E+00
2.661E-03 9.949E-01 1.005E+00  1.00E+00
2.512E-03 9.959E-01 1.004E+00  1.00E+00
2.371E-03 9.970E-01 1.003E+00  1.00E+00
2.239E-03 9.991E-01 1.001E+00  1.00E+00
2.113E-03 9.991E-01 1.001E+00  1.00E+00
1.995E-03 9.990E-01 1.001E+00  1.00E+00
1.884E-03 9.990E-01 1.001E+00  1.00E+00
1.778E-03 9.989E-01 1.001E+00  1.00E+00
1.679E-03 9.988E-01 1.001E+00  1.00E+00
1.585E-03 9.996E-01 1.000E+00  1.00E+00
1.496E-03 9.995E-01 1.001E+00  1.00E+00
1.413E-03 9.995E-01 1.001E+00  1.00E+00
1.334E-03 9.993E-01 1.001E+00  1.00E+00
1.259E-03 9.990E-01 1.001E+00  1.00E+00
1.189E-03 9.987E-01 1.001E+00  1.00E+00
1.122E-03 9.982E-01 1.002E+00  1.00E+00
1.059E-03 9.976E-01 1.002E+00  1.00E+00
1.000E-03 9.967E-01 1.003E+00  1.00E+00
