1.000E+03 2.735E-06 4.010E-16  0.00E+00
9.441E+02 3.068E-06 5.048E-16  0.00E+00
8.913E+02 3.443E-06 6.355E-16  0.00E+00
8.414E+02 3.864E-06 8.000E-16  0.00E+00
7.943E+02 4.336E-06 1.007E-15  0.00E+00
7.499E+02 4.865E-06 1.268E-15  0.00E+00
7.079E+02 5.460E-06 1.596E-15  0.00E+00
6.683E+02 6.126E-06 2.010E-15  0.00E+00
6.310E+02 6.874E-06 2.530E-15  0.00E+00
5.957E+02 7.714E-06 3.185E-15  0.00E+00
5.623E+02 8.656E-06 4.010E-15  0.00E+00
5.309E+02 9.714E-06 5.049E-15  0.00E+00
5.012E+02 1.090E-05 6.357E-15  0.00E+00
4.732E+02 1.224E-05 8.003E-15  0.00E+00
4.467E+02 1.373E-05 1.007E-14  0.00E+00
4.217E+02 1.542E-05 1.268E-14  0.00E+00
3.981E+02 1.730E-05 1.597E-14  0.00E+00
3.758E+02 1.942E-05 2.011E-14  0.00E+00
3.548E+02 2.179E-05 2.532E-14  0.00E+00
3.350E+02 2.447E-05 3.187E-14  0.00E+00
3.162E+02 2.748E-05 4.012E-14  0.00E+00
2.985E+02 3.085E-05 5.052E-14  0.00E+00
2.818E+02 3.464E-05 6.361E-14  0.00E+00
2.661E+02 3.890E-05 8.009E-14  0.00E+00
2.512E+02 4.368E-05 1.009E-13  0.00E+00
2.371E+02 4.907E-05 1.270E-13  0.00E+00
2.239E+02 5.513E-05 1.599E-13  0.00E+00
2.113E+02 6.194E-05 2.013E-13  0.00E+00
1.995E+02 6.961E-05 2.535E-13  0.00E+00
1.884E+02 7.821E-05 3.192E-13  0.00E+00
1.778E+02 8.789E-05 4.019E-13  0.00E+00
1.679E+02 9.880E-05 5.061E-13  0.00E+00
1.585E+02 1.111E-04 6.374E-13  0.00E+00
1.496E+02 1.250E-04 8.027E-13  0.00E+00
1.413E+02 1.406E-04 1.011E-12  0.00E+00
1.334E+02 1.583E-04 1.273E-12  0.00E+00
1.259E+02 1.782E-04 1.604E-12  0.00E+00
1.189E+02 2.006E-04 2.020E-12  5.42E-07
1.122E+02 2.259E-04 2.545E-12  6.05E-07
1.059E+02 2.547E-04 3.205E-12  6.75E-07
1.000E+02 2.872E-04 4.037E-12  7.53E-07
9.441E+01 3.241E-04 5.085E-12  8.38E-07
8.913E+01 3.657E-04 6.405E-12  9.32E-07
8.414E+01 4.130E-04 8.067E-12  1.03E-06
7.943E+01 4.667E-04 1.016E-11  1.15E-06
7.499E+01 5.271E-04 1.280E-11  1.27E-06
7.079E+01 5.962E-04 1.612E-11  1.40E-06
6.683E+01 6.745E-04 2.029E-11  1.55E-06
6.310E+01 7.631E-04 2.554E-11  1.70E-06
5.957E+01 8.631E-04 3.213E-11  1.87E-06
5.623E+01 9.764E-04 4.041E-11  2.05E-06
5.309E+01 1.104E-03 5.080E-11  2.24E-06
5.012E+01 1.247E-03 6.383E-11  2.44E-06
4.732E+01 1.408E-03 8.015E-11  2.65E-06
4.467E+01 1.590E-03 1.006E-10  2.88E-06
4.217E+01 1.793E-03 1.262E-10  3.12E-06
3.981E+01 2.018E-03 1.578E-10  3.37E-06
3.758E+01 2.266E-03 1.973E-10  3.64E-06
3.548E+01 2.532E-03 2.474E-10  3.95E-06
3.350E+01 2.834E-03 3.101E-10  4.28E-06
3.162E+01 3.193E-03 3.885E-10  4.60E-06
2.985E+01 3.606E-03 4.859E-10  4.94E-06
2.818E+01 4.065E-03 6.056E-10  5.30E-06
2.661E+01 4.595E-03 7.547E-10  5.67E-06
2.512E+01 5.208E-03 9.417E-10  6.05E-06
2.371E+01 5.888E-03 1.164E-09  6.46E-06
2.239E+01 6.684E-03 1.439E-09  6.89E-06
2.113E+01 7.606E-03 1.753E-09  7.33E-06
1.995E+01 8.705E-03 2.113E-09  7.78E-06
1.884E+01 9.679E-03 2.362E-09  8.37E-06
1.778E+01 9.719E-03 2.426E-09  9.44E-06
1.679E+01 8.845E-03 2.454E-09  1.10E-05
1.585E+01 7.563E-03 2.672E-09  1.30E-05
1.496E+01 6.414E-03 3.317E-09  1.55E-05
1.413E+01 5.777E-03 4.761E-09  1.88E-05
1.334E+01 6.902E-03 7.339E-09  2.20E-05
1.259E+01 9.114E-03 1.058E-08  2.38E-05
1.189E+01 1.211E-02 1.459E-08  2.43E-05
1.122E+01 1.574E-02 1.933E-08  2.42E-05
1.059E+01 2.079E-02 2.551E-08  2.35E-05
1.000E+01 2.524E-02 2.846E-08  2.41E-05
9.441E+00 2.818E-02 2.865E-08  2.57E-05
8.913E+00 2.096E-02 1.529E-08  3.02E-05
8.414E+00 1.354E-02 7.656E-09  3.59E-05
7.943E+00 6.287E-03 3.792E-09  4.24E-05
7.499E+00 2.792E-03 8.104E-09  5.07E-05
7.079E+00 2.196E-03 1.619E-08  5.95E-05
6.683E+00 2.173E-03 2.555E-08  6.86E-05
6.310E+00 2.160E-03 3.679E-08  7.84E-05
5.957E+00 2.110E-03 5.089E-08  8.92E-05
5.623E+00 2.075E-03 6.881E-08  1.01E-04
5.309E+00 2.073E-03 9.164E-08  1.15E-04
5.012E+00 2.099E-03 1.207E-07  1.30E-04
4.732E+00 2.151E-03 1.575E-07  1.47E-04
4.467E+00 2.220E-03 2.041E-07  1.65E-04
4.217E+00 2.303E-03 2.630E-07  1.86E-04
3.981E+00 2.387E-03 3.374E-07  2.10E-04
3.758E+00 2.470E-03 4.313E-07  2.36E-04
3.548E+00 2.560E-03 5.499E-07  2.66E-04
3.350E+00 2.652E-03 6.993E-07  2.99E-04
3.162E+00 2.734E-03 8.882E-07  3.36E-04
2.985E+00 2.826E-03 1.127E-06  3.77E-04
2.818E+00 2.929E-03 1.428E-06  4.24E-04
2.661E+00 3.040E-03 1.809E-06  4.76E-04
2.512E+00 3.160E-03 2.288E-06  5.35E-04
2.371E+00 3.291E-03 2.893E-06  6.01E-04
2.239E+00 3.429E-03 3.654E-06  6.75E-04
2.113E+00 3.578E-03 4.611E-06  7.57E-04
1.995E+00 3.737E-03 5.819E-06  8.50E-04
1.884E+00 3.906E-03 7.342E-06  9.54E-04
1.778E+00 4.087E-03 9.259E-06  1.07E-03
1.679E+00 4.288E-03 1.167E-05  1.20E-03
1.585E+00 4.508E-03 1.470E-05  1.35E-03
1.496E+00 4.738E-03 1.852E-05  1.51E-03
1.413E+00 4.981E-03 2.333E-05  1.70E-03
1.334E+00 5.236E-03 2.939E-05  1.91E-03
1.259E+00 5.508E-03 3.701E-05  2.14E-03
1.189E+00 5.812E-03 4.663E-05  2.40E-03
1.122E+00 6.137E-03 5.874E-05  2.69E-03
1.059E+00 6.483E-03 7.398E-05  3.02E-03
1.000E+00 6.852E-03 9.316E-05  3.39E-03
9.441E-01 7.246E-03 1.173E-04  3.80E-03
8.913E-01 7.665E-03 1.477E-04  4.26E-03
8.414E-01 8.107E-03 1.861E-04  4.78E-03
7.943E-01 8.574E-03 2.346E-04  5.36E-03
7.499E-01 9.069E-03 2.958E-04  6.02E-03
7.079E-01 9.594E-03 3.730E-04  6.75E-03
6.683E-01 1.015E-02 4.704E-04  7.57E-03
6.310E-01 1.075E-02 5.937E-04  8.50E-03
5.957E-01 1.140E-02 7.498E-04  9.54E-03
5.623E-01 1.208E-02 9.475E-04  1.07E-02
5.309E-01 1.281E-02 1.198E-03  1.20E-02
5.012E-01 1.359E-02 1.516E-03  1.35E-02
4.732E-01 1.443E-02 1.920E-03  1.51E-02
4.467E-01 1.532E-02 2.434E-03  1.70E-02
4.217E-01 1.627E-02 3.092E-03  1.91E-02
3.981E-01 1.729E-02 3.930E-03  2.14E-02
3.758E-01 1.834E-02 5.006E-03  2.41E-02
3.548E-01 1.948E-02 6.391E-03  2.70E-02
3.350E-01 2.069E-02 8.177E-03  3.04E-02
3.162E-01 2.197E-02 1.049E-02  3.42E-02
2.985E-01 2.332E-02 1.351E-02  3.85E-02
2.818E-01 2.476E-02 1.746E-02  4.33E-02
2.661E-01 2.625E-02 2.270E-02  4.89E-02
2.512E-01 2.780E-02 2.970E-02  5.52E-02
2.371E-01 2.807E-02 3.926E-02  6.25E-02
2.239E-01 3.178E-02 5.289E-02  7.12E-02
2.113E-01 4.747E-02 7.185E-02  8.15E-02
1.995E-01 7.032E-02 9.796E-02  9.35E-02
1.884E-01 1.096E-01 1.358E-01  1.08E-01
1.778E-01 1.803E-01 1.890E-01  1.27E-01
1.679E-01 2.830E-01 2.649E-01  1.49E-01
1.585E-01 4.546E-01 3.866E-01  1.81E-01
1.496E-01 9.672E-01 5.666E-01  2.07E-01
1.413E-01 1.261E+00 5.059E-01  1.84E-01
1.334E-01 1.243E+00 5.733E-01  2.16E-01
1.259E-01 1.339E+00 6.604E-01  2.43E-01
1.189E-01 1.497E+00 7.562E-01  2.61E-01
1.122E-01 1.553E+00 8.035E-01  2.86E-01
1.059E-01 1.631E+00 9.031E-01  3.07E-01
1.000E-01 1.643E+00 8.864E-01  3.33E-01
9.441E-02 1.636E+00 8.678E-01  3.70E-01
8.913E-02 1.602E+00 8.035E-01  4.14E-01
8.414E-02 1.605E+00 8.453E-01  4.60E-01
7.943E-02 1.602E+00 8.787E-01  4.98E-01
7.499E-02 1.560E+00 8.945E-01  5.27E-01
7.079E-02 1.475E+00 8.893E-01  5.50E-01
6.683E-02 1.344E+00 8.777E-01  5.65E-01
6.310E-02 1.140E+00 8.285E-01  5.75E-01
5.957E-02 9.033E-01 6.549E-01  5.98E-01
5.623E-02 8.714E-01 4.769E-01  6.51E-01
5.309E-02 8.622E-01 4.238E-01  6.89E-01
5.012E-02 8.511E-01 3.933E-01  7.22E-01
4.732E-02 8.377E-01 3.748E-01  7.49E-01
4.467E-02 8.227E-01 3.628E-01  7.73E-01
4.217E-02 8.061E-01 3.542E-01  7.93E-01
3.981E-02 7.881E-01 3.475E-01  8.10E-01
3.758E-02 7.688E-01 3.415E-01  8.25E-01
3.548E-02 7.486E-01 3.359E-01  8.39E-01
3.350E-02 7.278E-01 3.298E-01  8.53E-01
3.162E-02 7.061E-01 3.229E-01  8.66E-01
2.985E-02 6.841E-01 3.153E-01  8.79E-01
2.818E-02 6.609E-01 3.065E-01  8.91E-01
2.661E-02 6.377E-01 2.965E-01  9.00E-01
2.512E-02 6.134E-01 2.846E-01  9.09E-01
2.371E-02 5.891E-01 2.692E-01  9.16E-01
2.239E-02 5.789E-01 2.572E-01  9.24E-01
2.113E-02 5.607E-01 2.465E-01  9.32E-01
1.995E-02 5.435E-01 2.299E-01  9.38E-01
1.884E-02 5.585E-01 2.251E-01  9.43E-01
1.778E-02 5.367E-01 2.265E-01  9.48E-01
1.679E-02 5.176E-01 2.196E-01  9.53E-01
1.585E-02 4.991E-01 2.104E-01  9.58E-01
1.496E-02 4.805E-01 2.004E-01  9.61E-01
1.413E-02 4.614E-01 1.882E-01  9.65E-01
1.334E-02 4.583E-01 1.740E-01  9.68E-01
1.259E-02 4.510E-01 1.724E-01  9.71E-01
1.189E-02 4.288E-01 1.671E-01  9.74E-01
1.122E-02 4.065E-01 1.487E-01  9.76E-01
1.059E-02 4.695E-01 1.375E-01  9.78E-01
1.000E-02 4.440E-01 1.597E-01  9.80E-01
9.441E-03 4.190E-01 1.600E-01  9.82E-01
8.913E-03 3.940E-01 1.549E-01  9.84E-01
8.414E-03 3.688E-01 1.475E-01  9.85E-01
7.943E-03 3.440E-01 1.386E-01  9.87E-01
7.499E-03 3.198E-01 1.259E-01  9.88E-01
7.079E-03 3.183E-01 1.249E-01  9.89E-01
6.683E-03 2.946E-01 1.192E-01  9.90E-01
6.310E-03 2.717E-01 1.120E-01  9.91E-01
5.957E-03 2.501E-01 1.045E-01  9.92E-01
5.623E-03 2.289E-01 9.681E-02  9.93E-01
5.309E-03 2.091E-01 8.916E-02  9.93E-01
5.012E-03 1.905E-01 8.177E-02  9.94E-01
4.732E-03 1.731E-01 7.474E-02  9.95E-01
4.467E-03 1.568E-01 6.801E-02  9.95E-01
4.217E-03 1.416E-01 6.165E-02  9.96E-01
3.981E-03 1.275E-01 5.568E-02  9.96E-01
3.758E-03 1.144E-01 5.008E-02  9.96E-01
3.548E-03 1.024E-01 4.479E-02  9.97E-01
3.350E-03 9.133E-02 3.988E-02  9.97E-01
3.162E-03 8.129E-02 3.534E-02  9.97E-01
2.985E-03 7.231E-02 3.121E-02  9.98E-01
2.818E-03 6.381E-02 2.711E-02  9.98E-01
2.661E-03 5.594E-02 2.318E-02  9.98E-01
2.512E-03 4.916E-02 1.890E-02  9.98E-01
2.371E-03 4.314E-02 1.116E-02  9.98E-01
2.239E-03 9.903E-02 1.554E-02  9.99E-01
2.113E-03 8.892E-02 1.596E-02  9.99E-01
1.995E-03 7.921E-02 1.531E-02  9.99E-01
1.884E-03 7.017E-02 1.377E-02  9.99E-01
1.778E-03 6.183E-02 1.179E-02  9.99E-01
1.679E-03 5.423E-02 7.326E-03  9.99E-01
1.585E-03 8.530E-02 1.127E-02  9.99E-01
1.496E-03 7.504E-02 1.055E-02  9.99E-01
1.413E-03 7.295E-02 1.077E-02  9.99E-01
1.334E-03 6.423E-02 1.020E-02  9.99E-01
1.259E-03 5.636E-02 9.411E-03  9.99E-01
1.189E-03 4.931E-02 8.612E-03  1.00E+00
1.122E-03 4.279E-02 7.797E-03  1.00E+00
1.059E-03 3.706E-02 6.986E-03  1.00E+00
1.000E-03 3.194E-02 6.126E-03  1.00E+00
