1.000E+03 3.068E-05 6.355E-12  1.00E-06
9.441E+02 3.443E-05 8.000E-12  1.12E-06
8.913E+02 3.863E-05 1.007E-11  1.26E-06
8.414E+02 4.335E-05 1.268E-11  1.42E-06
7.943E+02 4.865E-05 1.596E-11  1.59E-06
7.499E+02 5.459E-05 2.010E-11  1.78E-06
7.079E+02 6.126E-05 2.530E-11  2.00E-06
6.683E+02 6.874E-05 3.185E-11  2.24E-06
6.310E+02 7.713E-05 4.010E-11  2.52E-06
5.957E+02 8.655E-05 5.049E-11  2.82E-06
5.623E+02 9.713E-05 6.356E-11  3.17E-06
5.309E+02 1.090E-04 8.002E-11  3.55E-06
5.012E+02 1.223E-04 1.007E-10  3.98E-06
4.732E+02 1.373E-04 1.268E-10  4.47E-06
4.467E+02 1.541E-04 1.597E-10  5.01E-06
4.217E+02 1.730E-04 2.010E-10  5.62E-06
3.981E+02 1.941E-04 2.531E-10  6.31E-06
3.758E+02 2.179E-04 3.187E-10  7.07E-06
3.548E+02 2.446E-04 4.012E-10  7.93E-06
3.350E+02 2.746E-04 5.051E-10  8.90E-06
3.162E+02 3.083E-04 6.359E-10  9.98E-06
2.985E+02 3.462E-04 8.006E-10  1.12E-05
2.818E+02 3.887E-04 1.008E-09  1.25E-05
2.661E+02 4.364E-04 1.269E-09  1.41E-05
2.512E+02 4.901E-04 1.598E-09  1.58E-05
2.371E+02 5.506E-04 2.013E-09  1.77E-05
2.239E+02 6.186E-04 2.534E-09  1.98E-05
2.113E+02 6.951E-04 3.191E-09  2.22E-05
1.995E+02 7.811E-04 4.017E-09  2.49E-05
1.884E+02 8.777E-04 5.059E-09  2.78E-05
1.778E+02 9.863E-04 6.370E-09  3.12E-05
1.679E+02 1.109E-03 8.022E-09  3.49E-05
1.585E+02 1.247E-03 1.010E-08  3.91E-05
1.496E+02 1.403E-03 1.272E-08  4.37E-05
1.413E+02 1.578E-03 1.602E-08  4.89E-05
1.334E+02 1.776E-03 2.018E-08  5.47E-05
1.259E+02 2.000E-03 2.542E-08  6.11E-05
1.189E+02 2.252E-03 3.202E-08  6.83E-05
1.122E+02 2.536E-03 4.034E-08  7.62E-05
1.059E+02 2.859E-03 5.080E-08  8.50E-05
1.000E+02 3.224E-03 6.399E-08  9.48E-05
9.441E+01 3.638E-03 8.060E-08  1.05E-04
8.913E+01 4.107E-03 1.015E-07  1.17E-04
8.414E+01 4.638E-03 1.279E-07  1.30E-04
7.943E+01 5.241E-03 1.611E-07  1.44E-04
7.499E+01 5.921E-03 2.029E-07  1.60E-04
7.079E+01 6.697E-03 2.555E-07  1.77E-04
6.683E+01 7.578E-03 3.217E-07  1.95E-04
6.310E+01 8.574E-03 4.049E-07  2.14E-04
5.957E+01 9.699E-03 5.095E-07  2.35E-04
5.623E+01 1.097E-02 6.408E-07  2.58E-04
5.309E+01 1.241E-02 8.056E-07  2.81E-04
5.012E+01 1.402E-02 1.012E-06  3.07E-04
4.732E+01 1.584E-02 1.271E-06  3.34E-04
4.467E+01 1.788E-02 1.595E-06  3.62E-04
4.217E+01 2.017E-02 2.001E-06  3.92E-04
3.981E+01 2.271E-02 2.504E-06  4.24E-04
3.758E+01 2.551E-02 3.131E-06  4.58E-04
3.548E+01 2.850E-02 3.926E-06  4.97E-04
3.350E+01 3.192E-02 4.922E-06  5.38E-04
3.162E+01 3.596E-02 6.167E-06  5.79E-04
2.985E+01 4.062E-02 7.715E-06  6.21E-04
2.818E+01 4.582E-02 9.615E-06  6.66E-04
2.661E+01 5.180E-02 1.199E-05  7.13E-04
2.512E+01 5.873E-02 1.496E-05  7.61E-04
2.371E+01 6.643E-02 1.849E-05  8.13E-04
2.239E+01 7.543E-02 2.286E-05  8.66E-04
2.113E+01 8.585E-02 2.787E-05  9.22E-04
1.995E+01 9.826E-02 3.359E-05  9.77E-04
1.884E+01 1.092E-01 3.753E-05  1.05E-03
1.778E+01 1.097E-01 3.854E-05  1.19E-03
1.679E+01 9.982E-02 3.898E-05  1.38E-03
1.585E+01 8.542E-02 4.245E-05  1.63E-03
1.496E+01 7.255E-02 5.272E-05  1.95E-03
1.413E+01 6.549E-02 7.575E-05  2.36E-03
1.334E+01 7.847E-02 1.169E-04  2.76E-03
1.259E+01 1.039E-01 1.687E-04  2.99E-03
1.189E+01 1.382E-01 2.329E-04  3.05E-03
1.122E+01 1.797E-01 3.085E-04  3.03E-03
1.059E+01 2.370E-01 4.070E-04  2.94E-03
1.000E+01 2.867E-01 4.525E-04  3.03E-03
9.441E+00 3.183E-01 4.530E-04  3.23E-03
8.913E+00 2.355E-01 2.403E-04  3.81E-03
8.414E+00 1.523E-01 1.203E-04  4.52E-03
7.943E+00 7.093E-02 5.965E-05  5.34E-03
7.499E+00 3.169E-02 1.280E-04  6.37E-03
7.079E+00 2.507E-02 2.564E-04  7.47E-03
6.683E+00 2.493E-02 4.055E-04  8.61E-03
6.310E+00 2.489E-02 5.848E-04  9.83E-03
5.957E+00 2.444E-02 8.103E-04  1.12E-02
5.623E+00 2.417E-02 1.097E-03  1.27E-02
5.309E+00 2.428E-02 1.464E-03  1.44E-02
5.012E+00 2.475E-02 1.932E-03  1.62E-02
4.732E+00 2.554E-02 2.526E-03  1.83E-02
4.467E+00 2.655E-02 3.281E-03  2.07E-02
4.217E+00 2.778E-02 4.236E-03  2.33E-02
3.981E+00 2.907E-02 5.446E-03  2.62E-02
3.758E+00 3.040E-02 6.980E-03  2.94E-02
3.548E+00 3.186E-02 8.923E-03  3.31E-02
3.350E+00 3.342E-02 1.138E-02  3.71E-02
3.162E+00 3.493E-02 1.450E-02  4.17E-02
2.985E+00 3.666E-02 1.845E-02  4.68E-02
2.818E+00 3.864E-02 2.347E-02  5.25E-02
2.661E+00 4.084E-02 2.982E-02  5.90E-02
2.512E+00 4.330E-02 3.785E-02  6.62E-02
2.371E+00 4.609E-02 4.799E-02  7.43E-02
2.239E+00 4.916E-02 6.080E-02  8.34E-02
2.113E+00 5.260E-02 7.689E-02  9.36E-02
1.995E+00 5.645E-02 9.714E-02  1.05E-01
1.884E+00 6.072E-02 1.225E-01  1.18E-01
1.778E+00 6.551E-02 1.541E-01  1.33E-01
1.679E+00 7.098E-02 1.932E-01  1.50E-01
1.585E+00 7.717E-02 2.411E-01  1.70E-01
1.496E+00 8.400E-02 2.994E-01  1.93E-01
1.413E+00 9.160E-02 3.691E-01  2.19E-01
1.334E+00 1.001E-01 4.516E-01  2.50E-01
1.259E+00 1.099E-01 5.474E-01  2.87E-01
1.189E+00 1.216E-01 6.580E-01  3.31E-01
1.122E+00 1.360E-01 7.851E-01  3.83E-01
1.059E+00 1.539E-01 9.342E-01  4.41E-01
1.000E+00 1.769E-01 1.117E+00  5.02E-01
9.441E-01 2.051E-01 1.353E+00  5.56E-01
8.913E-01 2.356E-01 1.654E+00  5.90E-01
8.414E-01 2.596E-01 1.994E+00  5.99E-01
7.943E-01 2.680E-01 2.287E+00  5.88E-01
7.499E-01 2.637E-01 2.466E+00  5.75E-01
7.079E-01 2.622E-01 2.564E+00  5.76E-01
6.683E-01 2.792E-01 2.681E+00  5.96E-01
6.310E-01 3.246E-01 2.928E+00  6.35E-01
5.957E-01 3.861E-01 3.350E+00  6.78E-01
5.623E-01 4.094E-01 3.695E+00  6.99E-01
5.309E-01 3.890E-01 3.691E+00  6.91E-01
5.012E-01 3.861E-01 3.544E+00  6.69E-01
4.732E-01 4.475E-01 3.591E+00  6.59E-01
4.467E-01 5.287E-01 3.902E+00  6.85E-01
4.217E-01 4.942E-01 3.728E+00  6.99E-01
3.981E-01 4.882E-01 3.245E+00  6.70E-01
3.758E-01 6.038E-01 3.082E+00  6.17E-01
3.548E-01 5.966E-01 2.956E+00  6.28E-01
3.350E-01 5.596E-01 2.327E+00  5.93E-01
3.162E-01 7.225E-01 1.973E+00  5.01E-01
2.985E-01 6.356E-01 1.753E+00  4.86E-01
2.818E-01 6.844E-01 1.285E+00  4.11E-01
2.661E-01 6.914E-01 1.366E+00  5.01E-01
2.512E-01 7.167E-01 1.403E+00  5.72E-01
2.371E-01 6.917E-01 1.897E+00  7.11E-01
2.239E-01 7.399E-01 2.148E+00  7.86E-01
2.113E-01 9.049E-01 1.967E+00  8.17E-01
1.995E-01 1.006E+00 1.523E+00  7.93E-01
1.884E-01 1.108E+00 1.225E+00  7.93E-01
1.778E-01 1.181E+00 1.283E+00  8.51E-01
1.679E-01 1.177E+00 1.290E+00  8.63E-01
1.585E-01 1.143E+00 1.281E+00  8.52E-01
1.496E-01 1.098E+00 1.317E+00  8.35E-01
1.413E-01 1.109E+00 1.295E+00  8.52E-01
1.334E-01 1.105E+00 1.282E+00  8.60E-01
1.259E-01 1.092E+00 1.282E+00  8.61E-01
1.189E-01 1.071E+00 1.295E+00  8.57E-01
1.122E-01 1.058E+00 1.295E+00  8.58E-01
1.059E-01 1.031E+00 1.318E+00  8.49E-01
1.000E-01 1.011E+00 1.327E+00  8.47E-01
9.441E-02 9.946E-01 1.329E+00  8.49E-01
8.913E-02 9.853E-01 1.315E+00  8.57E-01
8.414E-02 9.729E-01 1.318E+00  8.56E-01
7.943E-02 9.436E-01 1.337E+00  8.49E-01
7.499E-02 9.070E-01 1.357E+00  8.42E-01
7.079E-02 8.726E-01 1.370E+00  8.38E-01
6.683E-02 8.318E-01 1.386E+00  8.34E-01
6.310E-02 7.866E-01 1.398E+00  8.32E-01
5.957E-02 7.848E-01 1.354E+00  8.60E-01
5.623E-02 8.578E-01 1.247E+00  9.08E-01
5.309E-02 8.860E-01 1.204E+00  9.25E-01
5.012E-02 9.029E-01 1.176E+00  9.37E-01
4.732E-02 9.131E-01 1.156E+00  9.45E-01
4.467E-02 9.196E-01 1.141E+00  9.51E-01
4.217E-02 9.238E-01 1.129E+00  9.56E-01
3.981E-02 9.265E-01 1.120E+00  9.60E-01
3.758E-02 9.282E-01 1.111E+00  9.64E-01
3.548E-02 9.293E-01 1.104E+00  9.68E-01
3.350E-02 9.301E-01 1.097E+00  9.71E-01
3.162E-02 9.306E-01 1.090E+00  9.73E-01
2.985E-02 9.310E-01 1.084E+00  9.76E-01
2.818E-02 9.314E-01 1.078E+00  9.79E-01
2.661E-02 9.321E-01 1.071E+00  9.81E-01
2.512E-02 9.330E-01 1.065E+00  9.83E-01
2.371E-02 9.346E-01 1.058E+00  9.85E-01
2.239E-02 9.385E-01 1.050E+00  9.87E-01
2.113E-02 9.398E-01 1.045E+00  9.89E-01
1.995E-02 9.428E-01 1.038E+00  9.91E-01
1.884E-02 9.499E-01 1.030E+00  9.92E-01
1.778E-02 9.468E-01 1.032E+00  9.92E-01
1.679E-02 9.463E-01 1.031E+00  9.93E-01
1.585E-02 9.464E-01 1.030E+00  9.94E-01
1.496E-02 9.466E-01 1.030E+00  9.95E-01
1.413E-02 9.468E-01 1.030E+00  9.96E-01
1.334E-02 9.508E-01 1.026E+00  9.96E-01
1.259E-02 9.511E-01 1.027E+00  9.97E-01
1.189E-02 9.488E-01 1.033E+00  9.97E-01
1.122E-02 9.485E-01 1.039E+00  9.98E-01
1.059E-02 9.659E-01 1.000E+00  9.98E-01
1.000E-02 9.574E-01 1.024E+00  9.98E-01
9.441E-03 9.533E-01 1.035E+00  9.98E-01
8.913E-03 9.496E-01 1.046E+00  9.98E-01
8.414E-03 9.456E-01 1.059E+00  9.99E-01
7.943E-03 9.408E-01 1.076E+00  9.99E-01
7.499E-03 9.354E-01 1.099E+00  9.99E-01
7.079E-03 9.360E-01 1.101E+00  9.99E-01
6.683E-03 9.281E-01 1.129E+00  9.99E-01
6.310E-03 9.185E-01 1.164E+00  9.99E-01
5.957E-03 9.070E-01 1.205E+00  9.99E-01
5.623E-03 8.927E-01 1.256E+00  1.00E+00
5.309E-03 8.757E-01 1.314E+00  1.00E+00
5.012E-03 8.559E-01 1.377E+00  1.00E+00
4.732E-03 8.329E-01 1.443E+00  1.00E+00
4.467E-03 8.066E-01 1.511E+00  1.00E+00
4.217E-03 7.771E-01 1.575E+00  1.00E+00
3.981E-03 7.445E-01 1.631E+00  1.00E+00
3.758E-03 7.091E-01 1.676E+00  1.00E+00
3.548E-03 6.712E-01 1.705E+00  1.00E+00
3.350E-03 6.313E-01 1.715E+00  1.00E+00
3.162E-03 5.902E-01 1.704E+00  1.00E+00
2.985E-03 5.491E-01 1.672E+00  1.00E+00
2.818E-03 5.059E-01 1.611E+00  1.00E+00
2.661E-03 4.619E-01 1.520E+00  1.00E+00
2.512E-03 4.206E-01 1.368E+00  1.00E+00
2.371E-03 3.811E-01 9.329E-01  1.00E+00
2.239E-03 6.613E-01 9.093E-01  1.00E+00
2.113E-03 6.231E-01 9.760E-01  1.00E+00
1.995E-03 5.819E-01 9.927E-01  1.00E+00
1.884E-03 5.393E-01 9.566E-01  1.00E+00
1.778E-03 4.957E-01 8.808E-01  1.00E+00
1.679E-03 4.522E-01 6.072E-01  1.00E+00
1.585E-03 6.085E-01 7.492E-01  1.00E+00
1.496E-03 5.630E-01 7.472E-01  1.00E+00
1.413E-03 5.531E-01 7.691E-01  1.00E+00
1.334E-03 5.088E-01 9.357E-01  1.00E+00
1.259E-03 4.648E-01 9.064E-01  1.00E+00
1.189E-03 4.219E-01 8.689E-01  1.00E+00
1.122E-03 3.789E-01 8.221E-01  1.00E+00
1.059E-03 3.384E-01 7.670E-01  1.00E+00
1.000E-03 2.998E-01 6.990E-01  1.00E+00
