1.000E+03 6.869E-06 1.596E-14  0.00E+00
9.441E+02 7.708E-06 2.010E-14  0.00E+00
8.913E+02 8.649E-06 2.530E-14  0.00E+00
8.414E+02 9.705E-06 3.185E-14  0.00E+00
7.943E+02 1.089E-05 4.010E-14  0.00E+00
7.499E+02 1.222E-05 5.048E-14  0.00E+00
7.079E+02 1.371E-05 6.355E-14  0.00E+00
6.683E+02 1.539E-05 8.001E-14  0.00E+00
6.310E+02 1.727E-05 1.007E-13  0.00E+00
5.957E+02 1.938E-05 1.268E-13  0.00E+00
5.623E+02 2.174E-05 1.597E-13  0.00E+00
5.309E+02 2.440E-05 2.010E-13  0.00E+00
5.012E+02 2.738E-05 2.531E-13  0.00E+00
4.732E+02 3.073E-05 3.186E-13  0.00E+00
4.467E+02 3.450E-05 4.011E-13  0.00E+00
4.217E+02 3.872E-05 5.049E-13  0.00E+00
3.981E+02 4.346E-05 6.357E-13  0.00E+00
3.758E+02 4.878E-05 8.004E-13  0.00E+00
3.548E+02 5.475E-05 1.008E-12  0.00E+00
3.350E+02 6.147E-05 1.269E-12  0.00E+00
3.162E+02 6.902E-05 1.597E-12  0.00E+00
2.985E+02 7.750E-05 2.011E-12  5.61E-07
2.818E+02 8.701E-05 2.532E-12  6.28E-07
2.661E+02 9.770E-05 3.189E-12  7.05E-07
2.512E+02 1.097E-04 4.015E-12  7.90E-07
2.371E+02 1.232E-04 5.055E-12  8.86E-07
2.239E+02 1.385E-04 6.365E-12  9.93E-07
2.113E+02 1.556E-04 8.014E-12  1.11E-06
1.995E+02 1.748E-04 1.009E-11  1.25E-06
1.884E+02 1.965E-04 1.271E-11  1.40E-06
1.778E+02 2.208E-04 1.600E-11  1.56E-06
1.679E+02 2.482E-04 2.015E-11  1.75E-06
1.585E+02 2.791E-04 2.538E-11  1.96E-06
1.496E+02 3.140E-04 3.196E-11  2.19E-06
1.413E+02 3.532E-04 4.025E-11  2.45E-06
1.334E+02 3.976E-04 5.069E-11  2.74E-06
1.259E+02 4.476E-04 6.384E-11  3.06E-06
1.189E+02 5.040E-04 8.042E-11  3.42E-06
1.122E+02 5.675E-04 1.013E-10  3.82E-06
1.059E+02 6.398E-04 1.276E-10  4.26E-06
1.000E+02 7.214E-04 1.607E-10  4.75E-06
9.441E+01 8.140E-04 2.024E-10  5.29E-06
8.913E+01 9.187E-04 2.550E-10  5.88E-06
8.414E+01 1.037E-03 3.212E-10  6.53E-06
7.943E+01 1.172E-03 4.045E-10  7.24E-06
7.499E+01 1.324E-03 5.095E-10  8.02E-06
7.079E+01 1.498E-03 6.416E-10  8.86E-06
6.683E+01 1.694E-03 8.077E-10  9.76E-06
6.310E+01 1.917E-03 1.017E-09  1.07E-05
5.957E+01 2.168E-03 1.279E-09  1.18E-05
5.623E+01 2.453E-03 1.609E-09  1.29E-05
5.309E+01 2.774E-03 2.023E-09  1.41E-05
5.012E+01 3.133E-03 2.541E-09  1.54E-05
4.732E+01 3.538E-03 3.191E-09  1.67E-05
4.467E+01 3.993E-03 4.005E-09  1.82E-05
4.217E+01 4.504E-03 5.022E-09  1.97E-05
3.981E+01 5.070E-03 6.283E-09  2.13E-05
3.758E+01 5.694E-03 7.857E-09  2.30E-05
3.548E+01 6.361E-03 9.849E-09  2.49E-05
3.350E+01 7.121E-03 1.235E-08  2.70E-05
3.162E+01 8.022E-03 1.547E-08  2.90E-05
2.985E+01 9.058E-03 1.935E-08  3.12E-05
2.818E+01 1.021E-02 2.411E-08  3.34E-05
2.661E+01 1.154E-02 3.005E-08  3.58E-05
2.512E+01 1.308E-02 3.749E-08  3.82E-05
2.371E+01 1.479E-02 4.633E-08  4.08E-05
2.239E+01 1.679E-02 5.727E-08  4.35E-05
2.113E+01 1.911E-02 6.981E-08  4.63E-05
1.995E+01 2.187E-02 8.414E-08  4.91E-05
1.884E+01 2.432E-02 9.405E-08  5.28E-05
1.778E+01 2.442E-02 9.661E-08  5.95E-05
1.679E+01 2.222E-02 9.771E-08  6.92E-05
1.585E+01 1.900E-02 1.064E-07  8.18E-05
1.496E+01 1.612E-02 1.321E-07  9.76E-05
1.413E+01 1.452E-02 1.896E-07  1.19E-04
1.334E+01 1.735E-02 2.922E-07  1.39E-04
1.259E+01 2.291E-02 4.211E-07  1.50E-04
1.189E+01 3.044E-02 5.810E-07  1.53E-04
1.122E+01 3.958E-02 7.696E-07  1.52E-04
1.059E+01 5.226E-02 1.016E-06  1.48E-04
1.000E+01 6.343E-02 1.133E-06  1.52E-04
9.441E+00 7.081E-02 1.141E-06  1.62E-04
8.913E+00 5.266E-02 6.086E-07  1.91E-04
8.414E+00 3.402E-02 3.047E-07  2.26E-04
7.943E+00 1.580E-02 1.509E-07  2.67E-04
7.499E+00 7.016E-03 3.226E-07  3.20E-04
7.079E+00 5.520E-03 6.444E-07  3.75E-04
6.683E+00 5.464E-03 1.017E-06  4.33E-04
6.310E+00 5.431E-03 1.465E-06  4.94E-04
5.957E+00 5.307E-03 2.027E-06  5.63E-04
5.623E+00 5.221E-03 2.740E-06  6.39E-04
5.309E+00 5.217E-03 3.650E-06  7.24E-04
5.012E+00 5.285E-03 4.808E-06  8.19E-04
4.732E+00 5.417E-03 6.274E-06  9.24E-04
4.467E+00 5.591E-03 8.133E-06  1.04E-03
4.217E+00 5.803E-03 1.048E-05  1.18E-03
3.981E+00 6.017E-03 1.344E-05  1.32E-03
3.758E+00 6.231E-03 1.719E-05  1.49E-03
3.548E+00 6.461E-03 2.192E-05  1.68E-03
3.350E+00 6.696E-03 2.788E-05  1.88E-03
3.162E+00 6.908E-03 3.541E-05  2.12E-03
2.985E+00 7.147E-03 4.494E-05  2.38E-03
2.818E+00 7.414E-03 5.698E-05  2.67E-03
2.661E+00 7.701E-03 7.218E-05  3.00E-03
2.512E+00 8.014E-03 9.133E-05  3.37E-03
2.371E+00 8.356E-03 1.155E-04  3.79E-03
2.239E+00 8.719E-03 1.459E-04  4.25E-03
2.113E+00 9.110E-03 1.842E-04  4.77E-03
1.995E+00 9.532E-03 2.326E-04  5.35E-03
1.884E+00 9.980E-03 2.936E-04  6.01E-03
1.778E+00 1.046E-02 3.705E-04  6.74E-03
1.679E+00 1.101E-02 4.673E-04  7.56E-03
1.585E+00 1.160E-02 5.891E-04  8.48E-03
1.496E+00 1.223E-02 7.427E-04  9.52E-03
1.413E+00 1.289E-02 9.363E-04  1.07E-02
1.334E+00 1.360E-02 1.180E-03  1.20E-02
1.259E+00 1.437E-02 1.488E-03  1.34E-02
1.189E+00 1.523E-02 1.877E-03  1.51E-02
1.122E+00 1.616E-02 2.367E-03  1.69E-02
1.059E+00 1.717E-02 2.985E-03  1.89E-02
1.000E+00 1.826E-02 3.765E-03  2.12E-02
9.441E-01 1.944E-02 4.748E-03  2.38E-02
8.913E-01 2.072E-02 5.990E-03  2.67E-02
8.414E-01 2.210E-02 7.562E-03  2.99E-02
7.943E-01 2.359E-02 9.550E-03  3.35E-02
7.499E-01 2.521E-02 1.207E-02  3.76E-02
7.079E-01 2.697E-02 1.525E-02  4.21E-02
6.683E-01 2.890E-02 1.928E-02  4.72E-02
6.310E-01 3.103E-02 2.440E-02  5.29E-02
5.957E-01 3.338E-02 3.090E-02  5.94E-02
5.623E-01 3.597E-02 3.915E-02  6.66E-02
5.309E-01 3.884E-02 4.961E-02  7.47E-02
5.012E-01 4.201E-02 6.290E-02  8.39E-02
4.732E-01 4.554E-02 7.977E-02  9.43E-02
4.467E-01 4.945E-02 1.012E-01  1.06E-01
4.217E-01 5.381E-02 1.284E-01  1.19E-01
3.981E-01 5.866E-02 1.628E-01  1.35E-01
3.758E-01 6.398E-02 2.062E-01  1.52E-01
3.548E-01 6.996E-02 2.609E-01  1.73E-01
3.350E-01 7.666E-02 3.291E-01  1.96E-01
3.162E-01 8.424E-02 4.136E-01  2.25E-01
2.985E-01 9.298E-02 5.181E-01  2.59E-01
2.818E-01 1.034E-01 6.463E-01  3.00E-01
2.661E-01 1.165E-01 8.053E-01  3.50E-01
2.512E-01 1.342E-01 1.008E+00  4.11E-01
2.371E-01 1.535E-01 1.295E+00  4.80E-01
2.239E-01 2.068E-01 1.757E+00  5.46E-01
2.113E-01 3.520E-01 2.400E+00  5.71E-01
1.995E-01 4.911E-01 2.915E+00  5.40E-01
1.884E-01 6.001E-01 2.943E+00  5.01E-01
1.778E-01 8.269E-01 2.715E+00  5.14E-01
1.679E-01 1.277E+00 2.552E+00  5.86E-01
1.585E-01 1.616E+00 2.228E+00  6.40E-01
1.496E-01 1.637E+00 1.545E+00  6.40E-01
1.413E-01 1.580E+00 1.360E+00  6.80E-01
1.334E-01 1.566E+00 1.379E+00  6.98E-01
1.259E-01 1.553E+00 1.349E+00  7.15E-01
1.189E-01 1.532E+00 1.313E+00  7.27E-01
1.122E-01 1.507E+00 1.296E+00  7.41E-01
1.059E-01 1.466E+00 1.307E+00  7.41E-01
1.000E-01 1.432E+00 1.291E+00  7.49E-01
9.441E-02 1.403E+00 1.277E+00  7.59E-01
8.913E-02 1.373E+00 1.236E+00  7.74E-01
8.414E-02 1.350E+00 1.251E+00  7.81E-01
7.943E-02 1.307E+00 1.272E+00  7.81E-01
7.499E-02 1.250E+00 1.290E+00  7.80E-01
7.079E-02 1.184E+00 1.296E+00  7.81E-01
6.683E-02 1.097E+00 1.304E+00  7.81E-01
6.310E-02 9.824E-01 1.301E+00  7.83E-01
5.957E-02 8.900E-01 1.210E+00  8.14E-01
5.623E-02 9.278E-01 1.034E+00  8.62E-01
5.309E-02 9.415E-01 9.649E-01  8.83E-01
5.012E-02 9.464E-01 9.214E-01  8.97E-01
4.732E-02 9.456E-01 8.936E-01  9.08E-01
4.467E-02 9.415E-01 8.749E-01  9.17E-01
4.217E-02 9.353E-01 8.618E-01  9.25E-01
3.981E-02 9.275E-01 8.524E-01  9.32E-01
3.758E-02 9.186E-01 8.451E-01  9.38E-01
3.548E-02 9.089E-01 8.396E-01  9.44E-01
3.350E-02 8.987E-01 8.347E-01  9.49E-01
3.162E-02 8.879E-01 8.302E-01  9.54E-01
2.985E-02 8.768E-01 8.259E-01  9.59E-01
2.818E-02 8.649E-01 8.208E-01  9.63E-01
2.661E-02 8.530E-01 8.141E-01  9.67E-01
2.512E-02 8.404E-01 8.045E-01  9.70E-01
2.371E-02 8.277E-01 7.876E-01  9.74E-01
2.239E-02 8.240E-01 7.670E-01  9.77E-01
2.113E-02 8.136E-01 7.542E-01  9.79E-01
1.995E-02 8.044E-01 7.258E-01  9.82E-01
1.884E-02 8.184E-01 7.022E-01  9.83E-01
1.778E-02 8.024E-01 7.184E-01  9.85E-01
1.679E-02 7.889E-01 7.132E-01  9.86E-01
1.585E-02 7.758E-01 7.013E-01  9.88E-01
1.496E-02 7.617E-01 6.862E-01  9.89E-01
1.413E-02 7.465E-01 6.640E-01  9.90E-01
1.334E-02 7.458E-01 6.233E-01  9.92E-01
1.259E-02 7.398E-01 6.221E-01  9.92E-01
1.189E-02 7.192E-01 6.194E-01  9.93E-01
1.122E-02 6.980E-01 5.729E-01  9.94E-01
1.059E-02 7.624E-01 5.013E-01  9.94E-01
1.000E-02 7.368E-01 5.847E-01  9.95E-01
9.441E-03 7.122E-01 6.005E-01  9.95E-01
8.913E-03 6.863E-01 5.990E-01  9.96E-01
8.414E-03 6.586E-01 5.892E-01  9.96E-01
7.943E-03 6.295E-01 5.719E-01  9.97E-01
7.499E-03 5.993E-01 5.378E-01  9.97E-01
7.079E-03 5.977E-01 5.346E-01  9.97E-01
6.683E-03 5.660E-01 5.248E-01  9.98E-01
6.310E-03 5.336E-01 5.074E-01  9.98E-01
5.957E-03 5.013E-01 4.865E-01  9.98E-01
5.623E-03 4.682E-01 4.629E-01  9.98E-01
5.309E-03 4.356E-01 4.371E-01  9.99E-01
5.012E-03 4.039E-01 4.103E-01  9.99E-01
4.732E-03 3.729E-01 3.833E-01  9.99E-01
4.467E-03 3.428E-01 3.559E-01  9.99E-01
4.217E-03 3.139E-01 3.288E-01  9.99E-01
3.981E-03 2.863E-01 3.021E-01  9.99E-01
3.758E-03 2.600E-01 2.761E-01  9.99E-01
3.548E-03 2.352E-01 2.506E-01  9.99E-01
3.350E-03 2.119E-01 2.262E-01  9.99E-01
3.162E-03 1.903E-01 2.028E-01  9.99E-01
2.985E-03 1.706E-01 1.811E-01  1.00E+00
2.818E-03 1.517E-01 1.589E-01  1.00E+00
2.661E-03 1.339E-01 1.372E-01  1.00E+00
2.512E-03 1.184E-01 1.128E-01  1.00E+00
2.371E-03 1.044E-01 6.735E-02  1.00E+00
2.239E-03 2.283E-01 8.874E-02  1.00E+00
2.113E-03 2.068E-01 9.196E-02  1.00E+00
1.995E-03 1.858E-01 8.905E-02  1.00E+00
1.884E-03 1.659E-01 8.086E-02  1.00E+00
1.778E-03 1.473E-01 6.987E-02  1.00E+00
1.679E-03 1.300E-01 4.382E-02  1.00E+00
1.585E-03 1.991E-01 6.530E-02  1.00E+00
1.496E-03 1.767E-01 6.176E-02  1.00E+00
1.413E-03 1.721E-01 6.319E-02  1.00E+00
1.334E-03 1.527E-01 6.033E-02  1.00E+00
1.259E-03 1.349E-01 5.609E-02  1.00E+00
1.189E-03 1.187E-01 5.169E-02  1.00E+00
1.122E-03 1.036E-01 4.710E-02  1.00E+00
1.059E-03 9.018E-02 4.245E-02  1.00E+00
1.000E-03 7.807E-02 3.742E-02  1.00E+00
