1.000E+03 1.089E-05 1.007E-13  0.00E+00
9.441E+02 1.222E-05 1.268E-13  0.00E+00
8.913E+02 1.371E-05 1.596E-13  0.00E+00
8.414E+02 1.538E-05 2.010E-13  0.00E+00
7.943E+02 1.726E-05 2.530E-13  0.00E+00
7.499E+02 1.937E-05 3.185E-13  0.00E+00
7.079E+02 2.173E-05 4.010E-13  0.00E+00
6.683E+02 2.439E-05 5.048E-13  0.00E+00
6.310E+02 2.737E-05 6.355E-13  0.00E+00
5.957E+02 3.071E-05 8.001E-13  0.00E+00
5.623E+02 3.446E-05 1.007E-12  0.00E+00
5.309E+02 3.867E-05 1.268E-12  0.00E+00
5.012E+02 4.340E-05 1.597E-12  0.00E+00
4.732E+02 4.871E-05 2.010E-12  5.63E-07
4.467E+02 5.467E-05 2.531E-12  6.31E-07
4.217E+02 6.137E-05 3.186E-12  7.08E-07
3.981E+02 6.888E-05 4.011E-12  7.94E-07
3.758E+02 7.730E-05 5.050E-12  8.91E-07
3.548E+02 8.677E-05 6.359E-12  1.00E-06
3.350E+02 9.742E-05 8.006E-12  1.12E-06
3.162E+02 1.094E-04 1.008E-11  1.26E-06
2.985E+02 1.228E-04 1.269E-11  1.41E-06
2.818E+02 1.379E-04 1.598E-11  1.58E-06
2.661E+02 1.548E-04 2.012E-11  1.77E-06
2.512E+02 1.739E-04 2.533E-11  1.99E-06
2.371E+02 1.953E-04 3.190E-11  2.22E-06
2.239E+02 2.195E-04 4.016E-11  2.49E-06
2.113E+02 2.466E-04 5.056E-11  2.79E-06
1.995E+02 2.771E-04 6.367E-11  3.13E-06
1.884E+02 3.114E-04 8.017E-11  3.51E-06
1.778E+02 3.499E-04 1.010E-10  3.93E-06
1.679E+02 3.934E-04 1.271E-10  4.40E-06
1.585E+02 4.423E-04 1.601E-10  4.92E-06
1.496E+02 4.976E-04 2.016E-10  5.51E-06
1.413E+02 5.599E-04 2.539E-10  6.16E-06
1.334E+02 6.301E-04 3.198E-10  6.89E-06
1.259E+02 7.093E-04 4.028E-10  7.70E-06
1.189E+02 7.987E-04 5.074E-10  8.60E-06
1.122E+02 8.995E-04 6.392E-10  9.60E-06
1.059E+02 1.014E-03 8.051E-10  1.07E-05
1.000E+02 1.143E-03 1.014E-09  1.19E-05
9.441E+01 1.290E-03 1.277E-09  1.33E-05
8.913E+01 1.456E-03 1.609E-09  1.48E-05
8.414E+01 1.644E-03 2.027E-09  1.64E-05
7.943E+01 1.858E-03 2.552E-09  1.82E-05
7.499E+01 2.099E-03 3.215E-09  2.01E-05
7.079E+01 2.374E-03 4.048E-09  2.22E-05
6.683E+01 2.686E-03 5.096E-09  2.45E-05
6.310E+01 3.038E-03 6.415E-09  2.70E-05
5.957E+01 3.437E-03 8.072E-09  2.96E-05
5.623E+01 3.888E-03 1.015E-08  3.24E-05
5.309E+01 4.396E-03 1.276E-08  3.54E-05
5.012E+01 4.966E-03 1.604E-08  3.86E-05
4.732E+01 5.608E-03 2.013E-08  4.20E-05
4.467E+01 6.330E-03 2.527E-08  4.56E-05
4.217E+01 7.140E-03 3.169E-08  4.94E-05
3.981E+01 8.036E-03 3.965E-08  5.34E-05
3.758E+01 9.026E-03 4.958E-08  5.77E-05
3.548E+01 1.008E-02 6.215E-08  6.26E-05
3.350E+01 1.129E-02 7.791E-08  6.78E-05
3.162E+01 1.272E-02 9.760E-08  7.29E-05
2.985E+01 1.436E-02 1.221E-07  7.83E-05
2.818E+01 1.619E-02 1.521E-07  8.39E-05
2.661E+01 1.830E-02 1.896E-07  8.98E-05
2.512E+01 2.075E-02 2.366E-07  9.59E-05
2.371E+01 2.346E-02 2.924E-07  1.02E-04
2.239E+01 2.663E-02 3.615E-07  1.09E-04
2.113E+01 3.030E-02 4.406E-07  1.16E-04
1.995E+01 3.468E-02 5.310E-07  1.23E-04
1.884E+01 3.856E-02 5.935E-07  1.33E-04
1.778E+01 3.872E-02 6.097E-07  1.50E-04
1.679E+01 3.524E-02 6.166E-07  1.74E-04
1.585E+01 3.013E-02 6.714E-07  2.05E-04
1.496E+01 2.556E-02 8.335E-07  2.45E-04
1.413E+01 2.303E-02 1.196E-06  2.98E-04
1.334E+01 2.752E-02 1.845E-06  3.48E-04
1.259E+01 3.635E-02 2.658E-06  3.77E-04
1.189E+01 4.831E-02 3.668E-06  3.85E-04
1.122E+01 6.281E-02 4.859E-06  3.83E-04
1.059E+01 8.294E-02 6.413E-06  3.72E-04
1.000E+01 1.006E-01 7.152E-06  3.82E-04
9.441E+00 1.123E-01 7.196E-06  4.07E-04
8.913E+00 8.348E-02 3.838E-06  4.79E-04
8.414E+00 5.393E-02 1.921E-06  5.68E-04
7.943E+00 2.505E-02 9.517E-07  6.72E-04
7.499E+00 1.113E-02 2.035E-06  8.03E-04
7.079E+00 8.760E-03 4.066E-06  9.42E-04
6.683E+00 8.676E-03 6.420E-06  1.09E-03
6.310E+00 8.626E-03 9.244E-06  1.24E-03
5.957E+00 8.432E-03 1.279E-05  1.41E-03
5.623E+00 8.299E-03 1.730E-05  1.60E-03
5.309E+00 8.296E-03 2.304E-05  1.82E-03
5.012E+00 8.409E-03 3.036E-05  2.05E-03
4.732E+00 8.624E-03 3.963E-05  2.32E-03
4.467E+00 8.907E-03 5.137E-05  2.62E-03
4.217E+00 9.251E-03 6.621E-05  2.95E-03
3.981E+00 9.599E-03 8.495E-05  3.32E-03
3.758E+00 9.949E-03 1.087E-04  3.74E-03
3.548E+00 1.033E-02 1.386E-04  4.20E-03
3.350E+00 1.071E-02 1.763E-04  4.73E-03
3.162E+00 1.107E-02 2.240E-04  5.31E-03
2.985E+00 1.146E-02 2.844E-04  5.97E-03
2.818E+00 1.191E-02 3.608E-04  6.70E-03
2.661E+00 1.239E-02 4.572E-04  7.53E-03
2.512E+00 1.292E-02 5.788E-04  8.45E-03
2.371E+00 1.350E-02 7.322E-04  9.49E-03
2.239E+00 1.412E-02 9.259E-04  1.06E-02
2.113E+00 1.479E-02 1.170E-03  1.19E-02
1.995E+00 1.552E-02 1.478E-03  1.34E-02
1.884E+00 1.630E-02 1.867E-03  1.50E-02
1.778E+00 1.715E-02 2.357E-03  1.69E-02
1.679E+00 1.811E-02 2.976E-03  1.89E-02
1.585E+00 1.917E-02 3.756E-03  2.12E-02
1.496E+00 2.030E-02 4.740E-03  2.38E-02
1.413E+00 2.152E-02 5.983E-03  2.67E-02
1.334E+00 2.284E-02 7.553E-03  2.99E-02
1.259E+00 2.428E-02 9.534E-03  3.35E-02
1.189E+00 2.592E-02 1.204E-02  3.75E-02
1.122E+00 2.772E-02 1.521E-02  4.21E-02
1.059E+00 2.969E-02 1.921E-02  4.72E-02
1.000E+00 3.186E-02 2.426E-02  5.29E-02
9.441E-01 3.427E-02 3.063E-02  5.93E-02
8.913E-01 3.692E-02 3.869E-02  6.64E-02
8.414E-01 3.983E-02 4.888E-02  7.45E-02
7.943E-01 4.305E-02 6.174E-02  8.36E-02
7.499E-01 4.660E-02 7.796E-02  9.39E-02
7.079E-01 5.054E-02 9.838E-02  1.05E-01
6.683E-01 5.493E-02 1.240E-01  1.19E-01
6.310E-01 5.984E-02 1.560E-01  1.34E-01
5.957E-01 6.532E-02 1.959E-01  1.51E-01
5.623E-01 7.144E-02 2.451E-01  1.70E-01
5.309E-01 7.828E-02 3.054E-01  1.93E-01
5.012E-01 8.596E-02 3.782E-01  2.20E-01
4.732E-01 9.466E-02 4.651E-01  2.52E-01
4.467E-01 1.047E-01 5.678E-01  2.90E-01
4.217E-01 1.167E-01 6.882E-01  3.35E-01
3.981E-01 1.315E-01 8.297E-01  3.88E-01
3.758E-01 1.505E-01 1.002E+00  4.48E-01
3.548E-01 1.758E-01 1.225E+00  5.11E-01
3.350E-01 2.076E-01 1.528E+00  5.64E-01
3.162E-01 2.410E-01 1.928E+00  5.90E-01
2.985E-01 2.616E-01 2.361E+00  5.84E-01
2.818E-01 2.593E-01 2.674E+00  5.61E-01
2.661E-01 2.479E-01 2.820E+00  5.45E-01
2.512E-01 2.546E-01 2.935E+00  5.52E-01
2.371E-01 2.953E-01 3.264E+00  5.86E-01
2.239E-01 4.230E-01 4.016E+00  6.38E-01
2.113E-01 5.496E-01 4.084E+00  6.50E-01
1.995E-01 6.318E-01 3.410E+00  5.99E-01
1.884E-01 9.948E-01 2.815E+00  5.68E-01
1.778E-01 1.336E+00 2.170E+00  6.36E-01
1.679E-01 1.441E+00 1.481E+00  6.41E-01
1.585E-01 1.498E+00 1.151E+00  6.97E-01
1.496E-01 1.448E+00 1.303E+00  7.56E-01
1.413E-01 1.433E+00 1.299E+00  7.78E-01
1.334E-01 1.424E+00 1.286E+00  7.92E-01
1.259E-01 1.397E+00 1.284E+00  7.98E-01
1.189E-01 1.361E+00 1.295E+00  8.00E-01
1.122E-01 1.338E+00 1.294E+00  8.06E-01
1.059E-01 1.300E+00 1.321E+00  8.02E-01
1.000E-01 1.271E+00 1.325E+00  8.05E-01
9.441E-02 1.245E+00 1.322E+00  8.10E-01
8.913E-02 1.222E+00 1.295E+00  8.21E-01
8.414E-02 1.202E+00 1.304E+00  8.23E-01
7.943E-02 1.163E+00 1.326E+00  8.19E-01
7.499E-02 1.111E+00 1.347E+00  8.15E-01
7.079E-02 1.056E+00 1.357E+00  8.14E-01
6.683E-02 9.881E-01 1.370E+00  8.11E-01
6.310E-02 9.031E-01 1.374E+00  8.11E-01
5.957E-02 8.524E-01 1.304E+00  8.40E-01
5.623E-02 9.087E-01 1.163E+00  8.88E-01
5.309E-02 9.298E-01 1.106E+00  9.07E-01
5.012E-02 9.404E-01 1.070E+00  9.20E-01
4.732E-02 9.447E-01 1.046E+00  9.29E-01
4.467E-02 9.454E-01 1.029E+00  9.36E-01
4.217E-02 9.437E-01 1.017E+00  9.43E-01
3.981E-02 9.404E-01 1.008E+00  9.48E-01
3.758E-02 9.362E-01 1.002E+00  9.53E-01
3.548E-02 9.312E-01 9.970E-01  9.57E-01
3.350E-02 9.259E-01 9.935E-01  9.62E-01
3.162E-02 9.202E-01 9.913E-01  9.65E-01
2.985E-02 9.144E-01 9.901E-01  9.69E-01
2.818E-02 9.082E-01 9.898E-01  9.72E-01
2.661E-02 9.023E-01 9.898E-01  9.75E-01
2.512E-02 8.962E-01 9.895E-01  9.78E-01
2.371E-02 8.905E-01 9.855E-01  9.81E-01
2.239E-02 8.905E-01 9.737E-01  9.83E-01
2.113E-02 8.857E-01 9.713E-01  9.85E-01
1.995E-02 8.824E-01 9.561E-01  9.87E-01
1.884E-02 8.935E-01 9.284E-01  9.89E-01
1.778E-02 8.833E-01 9.522E-01  9.90E-01
1.679E-02 8.758E-01 9.578E-01  9.91E-01
1.585E-02 8.685E-01 9.576E-01  9.92E-01
1.496E-02 8.606E-01 9.549E-01  9.93E-01
1.413E-02 8.517E-01 9.454E-01  9.94E-01
1.334E-02 8.532E-01 9.053E-01  9.95E-01
1.259E-02 8.497E-01 9.087E-01  9.95E-01
1.189E-02 8.357E-01 9.201E-01  9.96E-01
1.122E-02 8.217E-01 8.813E-01  9.96E-01
1.059E-02 8.702E-01 7.600E-01  9.97E-01
1.000E-02 8.507E-01 8.719E-01  9.97E-01
9.441E-03 8.332E-01 9.061E-01  9.97E-01
8.913E-03 8.143E-01 9.219E-01  9.98E-01
8.414E-03 7.933E-01 9.286E-01  9.98E-01
7.943E-03 7.700E-01 9.258E-01  9.98E-01
7.499E-03 7.448E-01 8.990E-01  9.98E-01
7.079E-03 7.437E-01 8.959E-01  9.99E-01
6.683E-03 7.153E-01 9.004E-01  9.99E-01
6.310E-03 6.851E-01 8.931E-01  9.99E-01
5.957E-03 6.536E-01 8.784E-01  9.99E-01
5.623E-03 6.197E-01 8.576E-01  9.99E-01
5.309E-03 5.851E-01 8.303E-01  9.99E-01
5.012E-03 5.501E-01 7.983E-01  9.99E-01
4.732E-03 5.146E-01 7.628E-01  9.99E-01
4.467E-03 4.791E-01 7.237E-01  9.99E-01
4.217E-03 4.439E-01 6.822E-01  1.00E+00
3.981E-03 4.093E-01 6.388E-01  1.00E+00
3.758E-03 3.756E-01 5.941E-01  1.00E+00
3.548E-03 3.430E-01 5.481E-01  1.00E+00
3.350E-03 3.117E-01 5.022E-01  1.00E+00
3.162E-03 2.822E-01 4.567E-01  1.00E+00
2.985E-03 2.549E-01 4.128E-01  1.00E+00
2.818E-03 2.282E-01 3.666E-01  1.00E+00
2.661E-03 2.027E-01 3.200E-01  1.00E+00
2.512E-03 1.802E-01 2.660E-01  1.00E+00
2.371E-03 1.597E-01 1.610E-01  1.00E+00
2.239E-03 3.340E-01 2.012E-01  1.00E+00
2.113E-03 3.050E-01 2.102E-01  1.00E+00
1.995E-03 2.761E-01 2.054E-01  1.00E+00
1.884E-03 2.483E-01 1.883E-01  1.00E+00
1.778E-03 2.219E-01 1.642E-01  1.00E+00
1.679E-03 1.971E-01 1.042E-01  1.00E+00
1.585E-03 2.944E-01 1.505E-01  1.00E+00
1.496E-03 2.635E-01 1.437E-01  1.00E+00
1.413E-03 2.570E-01 1.472E-01  1.00E+00
1.334E-03 2.296E-01 1.417E-01  1.00E+00
1.259E-03 2.041E-01 1.328E-01  1.00E+00
1.189E-03 1.807E-01 1.232E-01  1.00E+00
1.122E-03 1.586E-01 1.130E-01  1.00E+00
1.059E-03 1.386E-01 1.025E-01  1.00E+00
1.000E-03 1.205E-01 9.079E-02  1.00E+00
