1.000E+03 3.070E-04 6.356E-08  1.00E-04
9.441E+02 3.445E-04 8.002E-08  1.12E-04
8.913E+02 3.866E-04 1.007E-07  1.26E-04
8.414E+02 4.339E-04 1.268E-07  1.42E-04
7.943E+02 4.870E-04 1.597E-07  1.59E-04
7.499E+02 5.465E-04 2.010E-07  1.78E-04
7.079E+02 6.133E-04 2.531E-07  2.00E-04
6.683E+02 6.883E-04 3.186E-07  2.24E-04
6.310E+02 7.725E-04 4.012E-07  2.52E-04
5.957E+02 8.671E-04 5.051E-07  2.82E-04
5.623E+02 9.732E-04 6.360E-07  3.17E-04
5.309E+02 1.092E-03 8.007E-07  3.55E-04
5.012E+02 1.226E-03 1.008E-06  3.99E-04
4.732E+02 1.377E-03 1.269E-06  4.47E-04
4.467E+02 1.546E-03 1.598E-06  5.01E-04
4.217E+02 1.736E-03 2.012E-06  5.62E-04
3.981E+02 1.949E-03 2.534E-06  6.31E-04
3.758E+02 2.188E-03 3.190E-06  7.08E-04
3.548E+02 2.458E-03 4.018E-06  7.94E-04
3.350E+02 2.761E-03 5.059E-06  8.90E-04
3.162E+02 3.103E-03 6.370E-06  9.98E-04
2.985E+02 3.486E-03 8.021E-06  1.12E-03
2.818E+02 3.918E-03 1.010E-05  1.26E-03
2.661E+02 4.403E-03 1.272E-05  1.41E-03
2.512E+02 4.950E-03 1.603E-05  1.58E-03
2.371E+02 5.567E-03 2.019E-05  1.77E-03
2.239E+02 6.263E-03 2.542E-05  1.98E-03
2.113E+02 7.048E-03 3.202E-05  2.22E-03
1.995E+02 7.934E-03 4.034E-05  2.49E-03
1.884E+02 8.931E-03 5.082E-05  2.79E-03
1.778E+02 1.006E-02 6.404E-05  3.13E-03
1.679E+02 1.133E-02 8.070E-05  3.50E-03
1.585E+02 1.278E-02 1.017E-04  3.92E-03
1.496E+02 1.442E-02 1.282E-04  4.39E-03
1.413E+02 1.628E-02 1.616E-04  4.91E-03
1.334E+02 1.839E-02 2.037E-04  5.49E-03
1.259E+02 2.078E-02 2.569E-04  6.14E-03
1.189E+02 2.351E-02 3.240E-04  6.86E-03
1.122E+02 2.661E-02 4.087E-04  7.66E-03
1.059E+02 3.017E-02 5.156E-04  8.54E-03
1.000E+02 3.423E-02 6.506E-04  9.52E-03
9.441E+01 3.889E-02 8.211E-04  1.06E-02
8.913E+01 4.423E-02 1.037E-03  1.18E-02
8.414E+01 5.037E-02 1.309E-03  1.31E-02
7.943E+01 5.744E-02 1.653E-03  1.45E-02
7.499E+01 6.554E-02 2.089E-03  1.61E-02
7.079E+01 7.493E-02 2.639E-03  1.78E-02
6.683E+01 8.578E-02 3.335E-03  1.96E-02
6.310E+01 9.827E-02 4.216E-03  2.15E-02
5.957E+01 1.127E-01 5.330E-03  2.36E-02
5.623E+01 1.293E-01 6.738E-03  2.58E-02
5.309E+01 1.484E-01 8.517E-03  2.81E-02
5.012E+01 1.703E-01 1.077E-02  3.05E-02
4.732E+01 1.955E-01 1.361E-02  3.30E-02
4.467E+01 2.244E-01 1.720E-02  3.57E-02
4.217E+01 2.576E-01 2.173E-02  3.85E-02
3.981E+01 2.950E-01 2.739E-02  4.14E-02
3.758E+01 3.372E-01 3.452E-02  4.44E-02
3.548E+01 3.844E-01 4.364E-02  4.79E-02
3.350E+01 4.390E-01 5.516E-02  5.15E-02
3.162E+01 5.035E-01 6.962E-02  5.49E-02
2.985E+01 5.777E-01 8.760E-02  5.85E-02
2.818E+01 6.598E-01 1.095E-01  6.24E-02
2.661E+01 7.529E-01 1.366E-01  6.65E-02
2.512E+01 8.578E-01 1.696E-01  7.09E-02
2.371E+01 9.669E-01 2.070E-01  7.60E-02
2.239E+01 1.085E+00 2.504E-01  8.17E-02
2.113E+01 1.201E+00 2.942E-01  8.84E-02
1.995E+01 1.313E+00 3.351E-01  9.61E-02
1.884E+01 1.364E+00 3.461E-01  1.07E-01
1.778E+01 1.314E+00 3.330E-01  1.24E-01
1.679E+01 1.208E+00 3.268E-01  1.47E-01
1.585E+01 1.098E+00 3.571E-01  1.75E-01
1.496E+01 1.037E+00 4.533E-01  2.13E-01
1.413E+01 1.102E+00 6.665E-01  2.65E-01
1.334E+01 1.408E+00 9.408E-01  3.05E-01
1.259E+01 1.609E+00 1.084E+00  3.12E-01
1.189E+01 1.664E+00 1.110E+00  3.17E-01
1.122E+01 1.664E+00 1.074E+00  3.38E-01
1.059E+01 1.661E+00 1.011E+00  3.70E-01
1.000E+01 1.625E+00 8.673E-01  4.15E-01
9.441E+00 1.534E+00 7.107E-01  4.55E-01
8.913E+00 1.266E+00 4.273E-01  4.90E-01
8.414E+00 1.025E+00 2.601E-01  5.36E-01
7.943E+00 6.569E-01 1.703E-01  5.87E-01
7.499E+00 4.127E-01 4.455E-01  6.51E-01
7.079E+00 3.998E-01 9.368E-01  6.69E-01
6.683E+00 4.266E-01 1.383E+00  6.60E-01
6.310E+00 4.420E-01 1.739E+00  6.63E-01
5.957E+00 4.696E-01 2.089E+00  6.88E-01
5.623E+00 5.169E-01 2.518E+00  7.22E-01
5.309E+00 5.391E-01 2.925E+00  7.37E-01
5.012E+00 5.266E-01 3.101E+00  7.28E-01
4.732E+00 5.446E-01 3.158E+00  7.14E-01
4.467E+00 6.251E-01 3.362E+00  7.20E-01
4.217E+00 6.536E-01 3.527E+00  7.37E-01
3.981E+00 6.220E-01 3.292E+00  7.30E-01
3.758E+00 6.772E-01 3.026E+00  6.99E-01
3.548E+00 7.607E-01 3.030E+00  6.92E-01
3.350E+00 6.911E-01 2.680E+00  6.83E-01
3.162E+00 7.420E-01 2.195E+00  6.34E-01
2.985E+00 8.142E-01 2.052E+00  6.15E-01
2.818E+00 7.326E-01 1.686E+00  5.73E-01
2.661E+00 8.648E-01 1.395E+00  5.22E-01
2.512E+00 7.983E-01 1.361E+00  5.53E-01
2.371E+00 8.555E-01 1.206E+00  5.47E-01
2.239E+00 8.372E-01 1.403E+00  6.49E-01
2.113E+00 8.775E-01 1.469E+00  7.13E-01
1.995E+00 8.560E-01 1.775E+00  7.71E-01
1.884E+00 8.550E-01 1.858E+00  8.26E-01
1.778E+00 8.459E-01 1.976E+00  8.38E-01
1.679E+00 8.669E-01 1.960E+00  8.43E-01
1.585E+00 8.487E-01 1.759E+00  8.42E-01
1.496E+00 8.612E-01 1.537E+00  8.20E-01
1.413E+00 8.591E-01 1.373E+00  8.02E-01
1.334E+00 8.724E-01 1.327E+00  7.94E-01
1.259E+00 8.935E-01 1.399E+00  8.17E-01
1.189E+00 9.103E-01 1.535E+00  8.42E-01
1.122E+00 9.214E-01 1.618E+00  8.56E-01
1.059E+00 9.299E-01 1.559E+00  8.61E-01
1.000E+00 9.352E-01 1.398E+00  8.59E-01
9.441E-01 9.361E-01 1.273E+00  8.59E-01
8.913E-01 9.409E-01 1.286E+00  8.71E-01
8.414E-01 9.551E-01 1.391E+00  8.88E-01
7.943E-01 9.570E-01 1.419E+00  8.94E-01
7.499E-01 9.608E-01 1.298E+00  8.88E-01
7.079E-01 9.645E-01 1.232E+00  8.87E-01
6.683E-01 9.764E-01 1.289E+00  8.99E-01
6.310E-01 9.759E-01 1.319E+00  9.07E-01
5.957E-01 9.765E-01 1.233E+00  9.04E-01
5.623E-01 9.791E-01 1.222E+00  9.08E-01
5.309E-01 9.810E-01 1.271E+00  9.14E-01
5.012E-01 9.844E-01 1.211E+00  9.13E-01
4.732E-01 9.840E-01 1.212E+00  9.16E-01
4.467E-01 9.835E-01 1.227E+00  9.20E-01
4.217E-01 9.815E-01 1.188E+00  9.19E-01
3.981E-01 9.802E-01 1.216E+00  9.22E-01
3.758E-01 9.779E-01 1.183E+00  9.21E-01
3.548E-01 9.752E-01 1.201E+00  9.23E-01
3.350E-01 9.721E-01 1.186E+00  9.23E-01
3.162E-01 9.685E-01 1.182E+00  9.23E-01
2.985E-01 9.643E-01 1.190E+00  9.23E-01
2.818E-01 9.596E-01 1.187E+00  9.22E-01
2.661E-01 9.546E-01 1.184E+00  9.21E-01
2.512E-01 9.491E-01 1.185E+00  9.20E-01
2.371E-01 9.423E-01 1.188E+00  9.18E-01
2.239E-01 9.355E-01 1.185E+00  9.15E-01
2.113E-01 9.280E-01 1.190E+00  9.11E-01
1.995E-01 9.192E-01 1.194E+00  9.07E-01
1.884E-01 9.089E-01 1.201E+00  9.01E-01
1.778E-01 8.977E-01 1.208E+00  8.95E-01
1.679E-01 8.853E-01 1.217E+00  8.87E-01
1.585E-01 8.676E-01 1.231E+00  8.75E-01
1.496E-01 8.398E-01 1.258E+00  8.55E-01
1.413E-01 8.530E-01 1.242E+00  8.70E-01
1.334E-01 8.593E-01 1.232E+00  8.77E-01
1.259E-01 8.563E-01 1.231E+00  8.76E-01
1.189E-01 8.444E-01 1.241E+00  8.70E-01
1.122E-01 8.407E-01 1.241E+00  8.70E-01
1.059E-01 8.222E-01 1.258E+00  8.59E-01
1.000E-01 8.115E-01 1.266E+00  8.56E-01
9.441E-02 8.054E-01 1.268E+00  8.56E-01
8.913E-02 8.095E-01 1.260E+00  8.64E-01
8.414E-02 8.051E-01 1.262E+00  8.62E-01
7.943E-02 7.872E-01 1.277E+00  8.54E-01
7.499E-02 7.662E-01 1.294E+00  8.45E-01
7.079E-02 7.497E-01 1.307E+00  8.41E-01
6.683E-02 7.296E-01 1.323E+00  8.35E-01
6.310E-02 7.098E-01 1.339E+00  8.33E-01
5.957E-02 7.340E-01 1.309E+00  8.63E-01
5.623E-02 8.114E-01 1.227E+00  9.12E-01
5.309E-02 8.416E-01 1.194E+00  9.31E-01
5.012E-02 8.610E-01 1.173E+00  9.42E-01
4.732E-02 8.741E-01 1.158E+00  9.50E-01
4.467E-02 8.838E-01 1.147E+00  9.56E-01
4.217E-02 8.914E-01 1.137E+00  9.61E-01
3.981E-02 8.976E-01 1.129E+00  9.65E-01
3.758E-02 9.030E-01 1.123E+00  9.68E-01
3.548E-02 9.077E-01 1.116E+00  9.71E-01
3.350E-02 9.121E-01 1.111E+00  9.74E-01
3.162E-02 9.163E-01 1.105E+00  9.77E-01
2.985E-02 9.203E-01 1.100E+00  9.79E-01
2.818E-02 9.242E-01 1.094E+00  9.81E-01
2.661E-02 9.283E-01 1.089E+00  9.83E-01
2.512E-02 9.325E-01 1.084E+00  9.85E-01
2.371E-02 9.373E-01 1.078E+00  9.87E-01
2.239E-02 9.425E-01 1.071E+00  9.89E-01
2.113E-02 9.463E-01 1.067E+00  9.91E-01
1.995E-02 9.512E-01 1.061E+00  9.92E-01
1.884E-02 9.564E-01 1.055E+00  9.93E-01
1.778E-02 9.566E-01 1.054E+00  9.94E-01
1.679E-02 9.587E-01 1.051E+00  9.94E-01
1.585E-02 9.612E-01 1.048E+00  9.95E-01
1.496E-02 9.637E-01 1.045E+00  9.96E-01
1.413E-02 9.664E-01 1.041E+00  9.96E-01
1.334E-02 9.703E-01 1.030E+00  9.97E-01
1.259E-02 9.718E-01 1.028E+00  9.97E-01
1.189E-02 9.731E-01 1.027E+00  9.98E-01
1.122E-02 9.762E-01 1.024E+00  9.98E-01
1.059E-02 9.816E-01 1.018E+00  9.99E-01
1.000E-02 9.788E-01 1.021E+00  9.98E-01
9.441E-03 9.790E-01 1.021E+00  9.99E-01
8.913E-03 9.798E-01 1.020E+00  9.99E-01
8.414E-03 9.809E-01 1.019E+00  9.99E-01
7.943E-03 9.820E-01 1.018E+00  9.99E-01
7.499E-03 9.836E-01 1.016E+00  9.99E-01
7.079E-03 9.846E-01 1.015E+00  9.99E-01
6.683E-03 9.853E-01 1.015E+00  9.99E-01
6.310E-03 9.861E-01 1.014E+00  9.99E-01
5.957E-03 9.869E-01 1.013E+00  1.00E+00
5.623E-03 9.875E-01 1.013E+00  1.00E+00
5.309E-03 9.880E-01 1.012E+00  1.00E+00
5.012E-03 9.882E-01 1.012E+00  1.00E+00
4.732E-03 9.883E-01 1.012E+00  1.00E+00
4.467E-03 9.882E-01 1.012E+00  1.00E+00
4.217E-03 9.879E-01 1.012E+00  1.00E+00
3.981E-03 9.874E-01 1.013E+00  1.00E+00
3.758E-03 9.868E-01 1.013E+00  1.00E+00
3.548E-03 9.858E-01 1.014E+00  1.00E+00
3.350E-03 9.846E-01 1.015E+00  9.99E-01
3.162E-03 9.830E-01 1.017E+00  9.99E-01
2.985E-03 9.810E-01 1.019E+00  9.99E-01
2.818E-03 9.782E-01 1.022E+00  1.00E+00
2.661E-03 9.742E-01 1.026E+00  1.00E+00
2.512E-03 9.689E-01 1.031E+00  1.00E+00
2.371E-03 9.619E-01 1.038E+00  1.00E+00
2.239E-03 9.916E-01 1.008E+00  1.00E+00
2.113E-03 9.899E-01 1.010E+00  1.00E+00
1.995E-03 9.878E-01 1.012E+00  1.00E+00
1.884E-03 9.851E-01 1.015E+00  1.00E+00
1.778E-03 9.813E-01 1.019E+00  1.00E+00
1.679E-03 9.765E-01 1.023E+00  1.00E+00
1.585E-03 9.903E-01 1.010E+00  1.00E+00
1.496E-03 9.876E-01 1.012E+00  1.00E+00
1.413E-03 9.869E-01 1.013E+00  1.00E+00
1.334E-03 9.833E-01 1.017E+00  1.00E+00
1.259E-03 9.784E-01 1.021E+00  1.00E+00
1.189E-03 9.719E-01 1.028E+00  1.00E+00
1.122E-03 9.628E-01 1.037E+00  1.00E+00
1.059E-03 9.508E-01 1.049E+00  1.00E+00
1.000E-03 9.346E-01 1.065E+00  1.00E+00
