1.000E+03 6.869E-05 1.596E-10  5.02E-06
9.441E+02 7.708E-05 2.010E-10  5.64E-06
8.913E+02 8.649E-05 2.530E-10  6.32E-06
8.414E+02 9.706E-05 3.185E-10  7.09E-06
7.943E+02 1.089E-04 4.010E-10  7.96E-06
7.499E+02 1.222E-04 5.048E-10  8.93E-06
7.079E+02 1.371E-04 6.355E-10  1.00E-05
6.683E+02 1.539E-04 8.001E-10  1.12E-05
6.310E+02 1.727E-04 1.007E-09  1.26E-05
5.957E+02 1.938E-04 1.268E-09  1.41E-05
5.623E+02 2.175E-04 1.597E-09  1.59E-05
5.309E+02 2.440E-04 2.010E-09  1.78E-05
5.012E+02 2.739E-04 2.531E-09  2.00E-05
4.732E+02 3.074E-04 3.186E-09  2.24E-05
4.467E+02 3.450E-04 4.011E-09  2.51E-05
4.217E+02 3.873E-04 5.050E-09  2.82E-05
3.981E+02 4.347E-04 6.358E-09  3.16E-05
3.758E+02 4.879E-04 8.005E-09  3.55E-05
3.548E+02 5.476E-04 1.008E-08  3.98E-05
3.350E+02 6.149E-04 1.269E-08  4.46E-05
3.162E+02 6.904E-04 1.597E-08  5.00E-05
2.985E+02 7.753E-04 2.011E-08  5.61E-05
2.818E+02 8.705E-04 2.533E-08  6.29E-05
2.661E+02 9.774E-04 3.189E-08  7.05E-05
2.512E+02 1.098E-03 4.016E-08  7.90E-05
2.371E+02 1.233E-03 5.056E-08  8.86E-05
2.239E+02 1.386E-03 6.366E-08  9.93E-05
2.113E+02 1.557E-03 8.015E-08  1.11E-04
1.995E+02 1.750E-03 1.009E-07  1.25E-04
1.884E+02 1.966E-03 1.271E-07  1.40E-04
1.778E+02 2.210E-03 1.601E-07  1.56E-04
1.679E+02 2.485E-03 2.016E-07  1.75E-04
1.585E+02 2.794E-03 2.538E-07  1.96E-04
1.496E+02 3.144E-03 3.197E-07  2.19E-04
1.413E+02 3.538E-03 4.026E-07  2.45E-04
1.334E+02 3.983E-03 5.071E-07  2.74E-04
1.259E+02 4.484E-03 6.388E-07  3.06E-04
1.189E+02 5.050E-03 8.046E-07  3.42E-04
1.122E+02 5.689E-03 1.014E-06  3.82E-04
1.059E+02 6.415E-03 1.277E-06  4.26E-04
1.000E+02 7.236E-03 1.608E-06  4.75E-04
9.441E+01 8.167E-03 2.026E-06  5.29E-04
8.913E+01 9.222E-03 2.553E-06  5.88E-04
8.414E+01 1.042E-02 3.215E-06  6.53E-04
7.943E+01 1.178E-02 4.050E-06  7.24E-04
7.499E+01 1.331E-02 5.103E-06  8.02E-04
7.079E+01 1.506E-02 6.427E-06  8.86E-04
6.683E+01 1.705E-02 8.092E-06  9.77E-04
6.310E+01 1.930E-02 1.019E-05  1.07E-03
5.957E+01 2.185E-02 1.282E-05  1.18E-03
5.623E+01 2.474E-02 1.613E-05  1.29E-03
5.309E+01 2.799E-02 2.028E-05  1.41E-03
5.012E+01 3.165E-02 2.550E-05  1.54E-03
4.732E+01 3.577E-02 3.202E-05  1.67E-03
4.467E+01 4.041E-02 4.021E-05  1.81E-03
4.217E+01 4.563E-02 5.045E-05  1.96E-03
3.981E+01 5.141E-02 6.314E-05  2.12E-03
3.758E+01 5.780E-02 7.900E-05  2.29E-03
3.548E+01 6.466E-02 9.909E-05  2.49E-03
3.350E+01 7.249E-02 1.243E-04  2.69E-03
3.162E+01 8.177E-02 1.558E-04  2.89E-03
2.985E+01 9.247E-02 1.951E-04  3.10E-03
2.818E+01 1.044E-01 2.433E-04  3.32E-03
2.661E+01 1.182E-01 3.035E-04  3.55E-03
2.512E+01 1.342E-01 3.790E-04  3.79E-03
2.371E+01 1.519E-01 4.687E-04  4.05E-03
2.239E+01 1.726E-01 5.798E-04  4.31E-03
2.113E+01 1.966E-01 7.070E-04  4.59E-03
1.995E+01 2.251E-01 8.522E-04  4.87E-03
1.884E+01 2.500E-01 9.513E-04  5.25E-03
1.778E+01 2.508E-01 9.754E-04  5.92E-03
1.679E+01 2.284E-01 9.856E-04  6.89E-03
1.585E+01 1.960E-01 1.074E-03  8.14E-03
1.496E+01 1.674E-01 1.337E-03  9.72E-03
1.413E+01 1.526E-01 1.930E-03  1.18E-02
1.334E+01 1.848E-01 2.993E-03  1.38E-02
1.259E+01 2.464E-01 4.332E-03  1.49E-02
1.189E+01 3.288E-01 5.990E-03  1.51E-02
1.122E+01 4.269E-01 7.925E-03  1.50E-02
1.059E+01 5.590E-01 1.039E-02  1.46E-02
1.000E+01 6.640E-01 1.135E-02  1.52E-02
9.441E+00 7.187E-01 1.107E-02  1.63E-02
8.913E+00 5.233E-01 5.757E-03  1.93E-02
8.414E+00 3.409E-01 2.886E-03  2.29E-02
7.943E+00 1.614E-01 1.445E-03  2.69E-02
7.499E+00 7.399E-02 3.153E-03  3.19E-02
7.079E+00 5.977E-02 6.387E-03  3.72E-02
6.683E+00 6.046E-02 1.017E-02  4.28E-02
6.310E+00 6.133E-02 1.474E-02  4.89E-02
5.957E+00 6.122E-02 2.051E-02  5.55E-02
5.623E+00 6.160E-02 2.788E-02  6.30E-02
5.309E+00 6.304E-02 3.732E-02  7.12E-02
5.012E+00 6.552E-02 4.939E-02  8.05E-02
4.732E+00 6.899E-02 6.467E-02  9.10E-02
4.467E+00 7.327E-02 8.402E-02  1.03E-01
4.217E+00 7.837E-02 1.083E-01  1.16E-01
3.981E+00 8.386E-02 1.387E-01  1.31E-01
3.758E+00 8.976E-02 1.766E-01  1.48E-01
3.548E+00 9.632E-02 2.232E-01  1.68E-01
3.350E+00 1.034E-01 2.799E-01  1.91E-01
3.162E+00 1.108E-01 3.484E-01  2.17E-01
2.985E+00 1.192E-01 4.298E-01  2.49E-01
2.818E+00 1.291E-01 5.250E-01  2.86E-01
2.661E+00 1.407E-01 6.349E-01  3.29E-01
2.512E+00 1.550E-01 7.611E-01  3.81E-01
2.371E+00 1.732E-01 9.092E-01  4.39E-01
2.239E+00 1.963E-01 1.091E+00  5.00E-01
2.113E+00 2.249E-01 1.323E+00  5.55E-01
1.995E+00 2.556E-01 1.620E+00  5.90E-01
1.884E+00 2.793E-01 1.957E+00  6.00E-01
1.778E+00 2.865E-01 2.251E+00  5.90E-01
1.679E+00 2.809E-01 2.434E+00  5.77E-01
1.585E+00 2.785E-01 2.535E+00  5.78E-01
1.496E+00 2.947E-01 2.652E+00  5.98E-01
1.413E+00 3.394E-01 2.890E+00  6.36E-01
1.334E+00 3.998E-01 3.294E+00  6.79E-01
1.259E+00 4.235E-01 3.637E+00  7.01E-01
1.189E+00 4.037E-01 3.652E+00  6.95E-01
1.122E+00 3.984E-01 3.516E+00  6.75E-01
1.059E+00 4.529E-01 3.543E+00  6.66E-01
1.000E+00 5.356E-01 3.837E+00  6.90E-01
9.441E-01 5.115E-01 3.755E+00  7.08E-01
8.913E-01 4.954E-01 3.332E+00  6.90E-01
8.414E-01 5.843E-01 3.113E+00  6.45E-01
7.943E-01 6.273E-01 3.122E+00  6.54E-01
7.499E-01 5.662E-01 2.630E+00  6.41E-01
7.079E-01 6.607E-01 2.158E+00  5.74E-01
6.683E-01 6.895E-01 2.043E+00  5.67E-01
6.310E-01 6.353E-01 1.634E+00  5.19E-01
5.957E-01 7.890E-01 1.417E+00  4.83E-01
5.623E-01 7.072E-01 1.399E+00  5.22E-01
5.309E-01 8.067E-01 1.274E+00  5.33E-01
5.012E-01 7.662E-01 1.528E+00  6.49E-01
4.732E-01 8.239E-01 1.604E+00  7.19E-01
4.467E-01 7.936E-01 1.923E+00  7.80E-01
4.217E-01 7.759E-01 2.006E+00  8.23E-01
3.981E-01 8.159E-01 2.032E+00  8.37E-01
3.758E-01 8.211E-01 1.957E+00  8.23E-01
3.548E-01 8.039E-01 1.691E+00  8.14E-01
3.350E-01 8.137E-01 1.429E+00  7.75E-01
3.162E-01 8.287E-01 1.322E+00  7.66E-01
2.985E-01 8.317E-01 1.446E+00  7.89E-01
2.818E-01 8.402E-01 1.649E+00  8.20E-01
2.661E-01 8.627E-01 1.660E+00  8.34E-01
2.512E-01 8.851E-01 1.425E+00  8.25E-01
2.371E-01 8.618E-01 1.353E+00  8.15E-01
2.239E-01 8.861E-01 1.532E+00  8.47E-01
2.113E-01 9.817E-01 1.323E+00  8.64E-01
1.995E-01 1.039E+00 1.253E+00  8.84E-01
1.884E-01 1.049E+00 1.241E+00  8.90E-01
1.778E-01 1.036E+00 1.242E+00  8.87E-01
1.679E-01 1.017E+00 1.249E+00  8.80E-01
1.585E-01 9.912E-01 1.265E+00  8.69E-01
1.496E-01 9.575E-01 1.295E+00  8.50E-01
1.413E-01 9.697E-01 1.278E+00  8.66E-01
1.334E-01 9.709E-01 1.266E+00  8.72E-01
1.259E-01 9.633E-01 1.265E+00  8.73E-01
1.189E-01 9.471E-01 1.276E+00  8.67E-01
1.122E-01 9.390E-01 1.277E+00  8.67E-01
1.059E-01 9.166E-01 1.296E+00  8.57E-01
1.000E-01 9.010E-01 1.305E+00  8.55E-01
9.441E-02 8.894E-01 1.307E+00  8.55E-01
8.913E-02 8.868E-01 1.297E+00  8.63E-01
8.414E-02 8.786E-01 1.299E+00  8.62E-01
7.943E-02 8.550E-01 1.315E+00  8.54E-01
7.499E-02 8.263E-01 1.334E+00  8.46E-01
7.079E-02 8.017E-01 1.347E+00  8.42E-01
6.683E-02 7.725E-01 1.363E+00  8.37E-01
6.310E-02 7.420E-01 1.378E+00  8.35E-01
5.957E-02 7.559E-01 1.342E+00  8.64E-01
5.623E-02 8.323E-01 1.250E+00  9.12E-01
5.309E-02 8.620E-01 1.212E+00  9.30E-01
5.012E-02 8.805E-01 1.187E+00  9.41E-01
4.732E-02 8.926E-01 1.169E+00  9.49E-01
4.467E-02 9.010E-01 1.156E+00  9.55E-01
4.217E-02 9.073E-01 1.145E+00  9.59E-01
3.981E-02 9.120E-01 1.136E+00  9.63E-01
3.758E-02 9.159E-01 1.128E+00  9.67E-01
3.548E-02 9.191E-01 1.121E+00  9.70E-01
3.350E-02 9.220E-01 1.115E+00  9.73E-01
3.162E-02 9.247E-01 1.108E+00  9.76E-01
2.985E-02 9.272E-01 1.102E+00  9.78E-01
2.818E-02 9.297E-01 1.096E+00  9.80E-01
2.661E-02 9.324E-01 1.090E+00  9.83E-01
2.512E-02 9.353E-01 1.084E+00  9.85E-01
2.371E-02 9.389E-01 1.077E+00  9.87E-01
2.239E-02 9.436E-01 1.069E+00  9.89E-01
2.113E-02 9.464E-01 1.064E+00  9.90E-01
1.995E-02 9.507E-01 1.057E+00  9.91E-01
1.884E-02 9.567E-01 1.050E+00  9.93E-01
1.778E-02 9.555E-01 1.049E+00  9.93E-01
1.679E-02 9.566E-01 1.046E+00  9.94E-01
1.585E-02 9.582E-01 1.042E+00  9.95E-01
1.496E-02 9.599E-01 1.039E+00  9.95E-01
1.413E-02 9.617E-01 1.035E+00  9.96E-01
1.334E-02 9.659E-01 1.029E+00  9.97E-01
1.259E-02 9.669E-01 1.027E+00  9.97E-01
1.189E-02 9.668E-01 1.026E+00  9.97E-01
1.122E-02 9.689E-01 1.022E+00  9.98E-01
1.059E-02 9.795E-01 1.012E+00  9.98E-01
1.000E-02 9.737E-01 1.019E+00  9.98E-01
9.441E-03 9.722E-01 1.020E+00  9.98E-01
8.913E-03 9.715E-01 1.020E+00  9.98E-01
8.414E-03 9.711E-01 1.020E+00  9.99E-01
7.943E-03 9.707E-01 1.020E+00  9.99E-01
7.499E-03 9.707E-01 1.021E+00  9.99E-01
7.079E-03 9.716E-01 1.020E+00  9.99E-01
6.683E-03 9.703E-01 1.023E+00  9.99E-01
6.310E-03 9.689E-01 1.026E+00  9.99E-01
5.957E-03 9.670E-01 1.030E+00  9.99E-01
5.623E-03 9.644E-01 1.037E+00  1.00E+00
5.309E-03 9.610E-01 1.045E+00  1.00E+00
5.012E-03 9.565E-01 1.053E+00  1.00E+00
4.732E-03 9.505E-01 1.061E+00  1.00E+00
4.467E-03 9.427E-01 1.069E+00  1.00E+00
4.217E-03 9.328E-01 1.074E+00  1.00E+00
3.981E-03 9.202E-01 1.078E+00  1.00E+00
3.758E-03 9.045E-01 1.085E+00  1.00E+00
3.548E-03 8.852E-01 1.101E+00  1.00E+00
3.350E-03 8.621E-01 1.135E+00  1.00E+00
3.162E-03 8.351E-01 1.196E+00  1.00E+00
2.985E-03 8.044E-01 1.188E+00  9.99E-01
2.818E-03 7.686E-01 1.221E+00  9.99E-01
2.661E-03 7.279E-01 1.258E+00  1.00E+00
2.512E-03 6.858E-01 1.293E+00  1.00E+00
2.371E-03 6.417E-01 1.304E+00  1.00E+00
2.239E-03 8.825E-01 1.095E+00  1.00E+00
2.113E-03 8.591E-01 1.118E+00  1.00E+00
1.995E-03 8.309E-01 1.143E+00  1.00E+00
1.884E-03 7.982E-01 1.169E+00  1.00E+00
1.778E-03 7.608E-01 1.195E+00  1.00E+00
1.679E-03 7.194E-01 1.184E+00  1.00E+00
1.585E-03 8.500E-01 1.109E+00  1.00E+00
1.496E-03 8.172E-01 1.135E+00  1.00E+00
1.413E-03 8.096E-01 1.143E+00  1.00E+00
1.334E-03 7.727E-01 1.173E+00  1.00E+00
1.259E-03 7.319E-01 1.203E+00  1.00E+00
1.189E-03 6.879E-01 1.233E+00  1.00E+00
1.122E-03 6.395E-01 1.263E+00  1.00E+00
1.059E-03 5.896E-01 1.289E+00  1.00E+00
1.000E-03 5.384E-01 1.306E+00  1.00E+00
