1.000E+03 1.371E-04 2.530E-09  2.00E-05
9.441E+02 1.538E-04 3.185E-09  2.24E-05
8.913E+02 1.726E-04 4.010E-09  2.52E-05
8.414E+02 1.937E-04 5.048E-09  2.82E-05
7.943E+02 2.173E-04 6.355E-09  3.17E-05
7.499E+02 2.439E-04 8.001E-09  3.55E-05
7.079E+02 2.737E-04 1.007E-08  3.99E-05
6.683E+02 3.071E-04 1.268E-08  4.47E-05
6.310E+02 3.446E-04 1.597E-08  5.02E-05
5.957E+02 3.868E-04 2.010E-08  5.63E-05
5.623E+02 4.340E-04 2.531E-08  6.32E-05
5.309E+02 4.871E-04 3.186E-08  7.09E-05
5.012E+02 5.466E-04 4.011E-08  7.95E-05
4.732E+02 6.136E-04 5.050E-08  8.92E-05
4.467E+02 6.887E-04 6.358E-08  1.00E-04
4.217E+02 7.731E-04 8.004E-08  1.12E-04
3.981E+02 8.678E-04 1.008E-07  1.26E-04
3.758E+02 9.741E-04 1.269E-07  1.41E-04
3.548E+02 1.093E-03 1.598E-07  1.58E-04
3.350E+02 1.228E-03 2.011E-07  1.78E-04
3.162E+02 1.379E-03 2.532E-07  1.99E-04
2.985E+02 1.549E-03 3.189E-07  2.23E-04
2.818E+02 1.739E-03 4.015E-07  2.50E-04
2.661E+02 1.953E-03 5.056E-07  2.81E-04
2.512E+02 2.193E-03 6.367E-07  3.15E-04
2.371E+02 2.465E-03 8.017E-07  3.53E-04
2.239E+02 2.770E-03 1.009E-06  3.95E-04
2.113E+02 3.113E-03 1.271E-06  4.43E-04
1.995E+02 3.500E-03 1.601E-06  4.96E-04
1.884E+02 3.934E-03 2.016E-06  5.56E-04
1.778E+02 4.422E-03 2.539E-06  6.23E-04
1.679E+02 4.974E-03 3.197E-06  6.97E-04
1.585E+02 5.596E-03 4.027E-06  7.80E-04
1.496E+02 6.299E-03 5.072E-06  8.73E-04
1.413E+02 7.092E-03 6.389E-06  9.77E-04
1.334E+02 7.988E-03 8.049E-06  1.09E-03
1.259E+02 8.999E-03 1.014E-05  1.22E-03
1.189E+02 1.014E-02 1.278E-05  1.36E-03
1.122E+02 1.143E-02 1.610E-05  1.52E-03
1.059E+02 1.290E-02 2.028E-05  1.70E-03
1.000E+02 1.457E-02 2.556E-05  1.89E-03
9.441E+01 1.646E-02 3.220E-05  2.11E-03
8.913E+01 1.861E-02 4.058E-05  2.34E-03
8.414E+01 2.105E-02 5.114E-05  2.60E-03
7.943E+01 2.383E-02 6.445E-05  2.88E-03
7.499E+01 2.697E-02 8.123E-05  3.19E-03
7.079E+01 3.057E-02 1.024E-04  3.53E-03
6.683E+01 3.467E-02 1.290E-04  3.89E-03
6.310E+01 3.932E-02 1.625E-04  4.28E-03
5.957E+01 4.460E-02 2.046E-04  4.70E-03
5.623E+01 5.061E-02 2.576E-04  5.14E-03
5.309E+01 5.741E-02 3.242E-04  5.61E-03
5.012E+01 6.507E-02 4.080E-04  6.11E-03
4.732E+01 7.374E-02 5.130E-04  6.64E-03
4.467E+01 8.354E-02 6.448E-04  7.20E-03
4.217E+01 9.461E-02 8.101E-04  7.79E-03
3.981E+01 1.069E-01 1.015E-03  8.41E-03
3.758E+01 1.206E-01 1.272E-03  9.08E-03
3.548E+01 1.354E-01 1.598E-03  9.83E-03
3.350E+01 1.524E-01 2.009E-03  1.06E-02
3.162E+01 1.725E-01 2.523E-03  1.14E-02
2.985E+01 1.958E-01 3.164E-03  1.22E-02
2.818E+01 2.219E-01 3.953E-03  1.31E-02
2.661E+01 2.521E-01 4.941E-03  1.39E-02
2.512E+01 2.872E-01 6.182E-03  1.49E-02
2.371E+01 3.261E-01 7.655E-03  1.59E-02
2.239E+01 3.715E-01 9.479E-03  1.69E-02
2.113E+01 4.234E-01 1.156E-02  1.80E-02
1.995E+01 4.841E-01 1.390E-02  1.91E-02
1.884E+01 5.344E-01 1.541E-02  2.07E-02
1.778E+01 5.335E-01 1.569E-02  2.34E-02
1.679E+01 4.867E-01 1.580E-02  2.73E-02
1.585E+01 4.222E-01 1.726E-02  3.23E-02
1.496E+01 3.679E-01 2.167E-02  3.85E-02
1.413E+01 3.463E-01 3.174E-02  4.67E-02
1.334E+01 4.338E-01 4.987E-02  5.46E-02
1.259E+01 5.870E-01 7.226E-02  5.86E-02
1.189E+01 7.776E-01 9.871E-02  5.94E-02
1.122E+01 9.809E-01 1.269E-01  5.94E-02
1.059E+01 1.214E+00 1.575E-01  5.92E-02
1.000E+01 1.328E+00 1.581E-01  6.35E-02
9.441E+00 1.315E+00 1.398E-01  7.04E-02
8.913E+00 9.444E-01 7.063E-02  8.28E-02
8.414E+00 6.442E-01 3.643E-02  9.63E-02
7.943E+00 3.275E-01 1.924E-02  1.10E-01
7.499E+00 1.631E-01 4.443E-02  1.29E-01
7.079E+00 1.391E-01 9.188E-02  1.51E-01
6.683E+00 1.460E-01 1.461E-01  1.74E-01
6.310E+00 1.527E-01 2.090E-01  2.01E-01
5.957E+00 1.569E-01 2.846E-01  2.32E-01
5.623E+00 1.624E-01 3.746E-01  2.69E-01
5.309E+00 1.712E-01 4.802E-01  3.12E-01
5.012E+00 1.840E-01 6.026E-01  3.62E-01
4.732E+00 2.021E-01 7.437E-01  4.21E-01
4.467E+00 2.264E-01 9.124E-01  4.84E-01
4.217E+00 2.578E-01 1.123E+00  5.44E-01
3.981E+00 2.928E-01 1.392E+00  5.88E-01
3.758E+00 3.226E-01 1.713E+00  6.06E-01
3.548E+00 3.360E-01 2.024E+00  6.01E-01
3.350E+00 3.321E-01 2.250E+00  5.90E-01
3.162E+00 3.254E-01 2.393E+00  5.87E-01
2.985E+00 3.373E-01 2.529E+00  6.04E-01
2.818E+00 3.796E-01 2.759E+00  6.40E-01
2.661E+00 4.412E-01 3.143E+00  6.83E-01
2.512E+00 4.685E-01 3.500E+00  7.05E-01
2.371E+00 4.469E-01 3.559E+00  7.01E-01
2.239E+00 4.367E-01 3.451E+00  6.82E-01
2.113E+00 4.877E-01 3.477E+00  6.72E-01
1.995E+00 5.703E-01 3.758E+00  6.94E-01
1.884E+00 5.449E-01 3.702E+00  7.11E-01
1.778E+00 5.242E-01 3.299E+00  6.94E-01
1.679E+00 6.113E-01 3.079E+00  6.51E-01
1.585E+00 6.552E-01 3.086E+00  6.58E-01
1.496E+00 5.909E-01 2.614E+00  6.46E-01
1.413E+00 6.810E-01 2.149E+00  5.83E-01
1.334E+00 7.134E-01 2.037E+00  5.74E-01
1.259E+00 6.534E-01 1.644E+00  5.29E-01
1.189E+00 8.048E-01 1.414E+00  4.90E-01
1.122E+00 7.259E-01 1.393E+00  5.28E-01
1.059E+00 8.118E-01 1.250E+00  5.29E-01
1.000E+00 7.809E-01 1.476E+00  6.41E-01
9.441E-01 8.380E-01 1.534E+00  7.06E-01
8.913E-01 8.122E-01 1.849E+00  7.66E-01
8.414E-01 8.124E-01 1.917E+00  8.22E-01
7.943E-01 8.115E-01 2.022E+00  8.34E-01
7.499E-01 8.391E-01 2.003E+00  8.37E-01
7.079E-01 8.185E-01 1.783E+00  8.36E-01
6.683E-01 8.361E-01 1.546E+00  8.12E-01
6.310E-01 8.343E-01 1.376E+00  7.94E-01
5.957E-01 8.481E-01 1.342E+00  7.87E-01
5.623E-01 8.718E-01 1.435E+00  8.13E-01
5.309E-01 8.909E-01 1.583E+00  8.40E-01
5.012E-01 9.022E-01 1.652E+00  8.54E-01
4.732E-01 9.095E-01 1.556E+00  8.55E-01
4.467E-01 9.134E-01 1.370E+00  8.50E-01
4.217E-01 9.178E-01 1.271E+00  8.53E-01
3.981E-01 9.340E-01 1.350E+00  8.72E-01
3.758E-01 9.415E-01 1.461E+00  8.85E-01
3.548E-01 9.385E-01 1.367E+00  8.80E-01
3.350E-01 9.493E-01 1.252E+00  8.75E-01
3.162E-01 9.598E-01 1.312E+00  8.89E-01
2.985E-01 9.570E-01 1.345E+00  8.95E-01
2.818E-01 9.584E-01 1.230E+00  8.90E-01
2.661E-01 9.609E-01 1.301E+00  8.97E-01
2.512E-01 9.618E-01 1.251E+00  8.96E-01
2.371E-01 9.509E-01 1.285E+00  8.98E-01
2.239E-01 9.583E-01 1.219E+00  8.95E-01
2.113E-01 9.820E-01 1.216E+00  9.04E-01
1.995E-01 9.792E-01 1.215E+00  9.04E-01
1.884E-01 9.669E-01 1.218E+00  8.99E-01
1.778E-01 9.528E-01 1.225E+00  8.92E-01
1.679E-01 9.375E-01 1.234E+00  8.85E-01
1.585E-01 9.170E-01 1.249E+00  8.73E-01
1.496E-01 8.873E-01 1.277E+00  8.54E-01
1.413E-01 8.998E-01 1.261E+00  8.70E-01
1.334E-01 9.039E-01 1.249E+00  8.76E-01
1.259E-01 8.990E-01 1.249E+00  8.76E-01
1.189E-01 8.853E-01 1.259E+00  8.70E-01
1.122E-01 8.797E-01 1.259E+00  8.70E-01
1.059E-01 8.596E-01 1.277E+00  8.59E-01
1.000E-01 8.467E-01 1.285E+00  8.56E-01
9.441E-02 8.381E-01 1.288E+00  8.56E-01
8.913E-02 8.395E-01 1.278E+00  8.64E-01
8.414E-02 8.335E-01 1.280E+00  8.62E-01
7.943E-02 8.132E-01 1.296E+00  8.54E-01
7.499E-02 7.891E-01 1.314E+00  8.46E-01
7.079E-02 7.694E-01 1.327E+00  8.42E-01
6.683E-02 7.457E-01 1.343E+00  8.37E-01
6.310E-02 7.219E-01 1.358E+00  8.35E-01
5.957E-02 7.423E-01 1.326E+00  8.64E-01
5.623E-02 8.195E-01 1.240E+00  9.13E-01
5.309E-02 8.497E-01 1.205E+00  9.31E-01
5.012E-02 8.688E-01 1.182E+00  9.42E-01
4.732E-02 8.815E-01 1.166E+00  9.50E-01
4.467E-02 8.908E-01 1.154E+00  9.56E-01
4.217E-02 8.978E-01 1.144E+00  9.60E-01
3.981E-02 9.035E-01 1.135E+00  9.64E-01
3.758E-02 9.083E-01 1.128E+00  9.68E-01
3.548E-02 9.125E-01 1.121E+00  9.71E-01
3.350E-02 9.163E-01 1.115E+00  9.74E-01
3.162E-02 9.199E-01 1.109E+00  9.76E-01
2.985E-02 9.234E-01 1.104E+00  9.79E-01
2.818E-02 9.268E-01 1.098E+00  9.81E-01
2.661E-02 9.304E-01 1.092E+00  9.83E-01
2.512E-02 9.341E-01 1.086E+00  9.85E-01
2.371E-02 9.385E-01 1.080E+00  9.87E-01
2.239E-02 9.435E-01 1.073E+00  9.89E-01
2.113E-02 9.469E-01 1.068E+00  9.90E-01
1.995E-02 9.517E-01 1.061E+00  9.92E-01
1.884E-02 9.572E-01 1.055E+00  9.93E-01
1.778E-02 9.568E-01 1.054E+00  9.93E-01
1.679E-02 9.585E-01 1.051E+00  9.94E-01
1.585E-02 9.607E-01 1.048E+00  9.95E-01
1.496E-02 9.629E-01 1.044E+00  9.96E-01
1.413E-02 9.653E-01 1.040E+00  9.96E-01
1.334E-02 9.694E-01 1.035E+00  9.97E-01
1.259E-02 9.707E-01 1.033E+00  9.97E-01
1.189E-02 9.712E-01 1.032E+00  9.98E-01
1.122E-02 9.739E-01 1.027E+00  9.98E-01
1.059E-02 9.821E-01 1.019E+00  9.98E-01
1.000E-02 9.776E-01 1.024E+00  9.98E-01
9.441E-03 9.768E-01 1.024E+00  9.98E-01
8.913E-03 9.769E-01 1.023E+00  9.99E-01
8.414E-03 9.773E-01 1.022E+00  9.99E-01
7.943E-03 9.778E-01 1.021E+00  9.99E-01
7.499E-03 9.788E-01 1.018E+00  9.99E-01
7.079E-03 9.798E-01 1.017E+00  9.99E-01
6.683E-03 9.798E-01 1.017E+00  9.99E-01
6.310E-03 9.799E-01 1.016E+00  9.99E-01
5.957E-03 9.827E-01 1.017E+00  9.99E-01
5.623E-03 9.825E-01 1.017E+00  1.00E+00
5.309E-03 9.821E-01 1.018E+00  1.00E+00
5.012E-03 9.813E-01 1.019E+00  1.00E+00
4.732E-03 9.801E-01 1.020E+00  1.00E+00
4.467E-03 9.783E-01 1.022E+00  9.99E-01
4.217E-03 9.759E-01 1.024E+00  9.99E-01
3.981E-03 9.727E-01 1.027E+00  9.99E-01
3.758E-03 9.684E-01 1.031E+00  9.99E-01
3.548E-03 9.627E-01 1.037E+00  9.99E-01
3.350E-03 9.553E-01 1.044E+00  9.99E-01
3.162E-03 9.458E-01 1.054E+00  9.99E-01
2.985E-03 9.339E-01 1.066E+00  9.99E-01
2.818E-03 9.181E-01 1.081E+00  9.99E-01
2.661E-03 8.978E-01 1.101E+00  1.00E+00
2.512E-03 8.738E-01 1.125E+00  1.00E+00
2.371E-03 8.456E-01 1.150E+00  1.00E+00
2.239E-03 9.657E-01 1.032E+00  1.00E+00
2.113E-03 9.578E-01 1.040E+00  1.00E+00
1.995E-03 9.473E-01 1.051E+00  1.00E+00
1.884E-03 9.338E-01 1.064E+00  1.00E+00
1.778E-03 9.165E-01 1.080E+00  1.00E+00
1.679E-03 8.948E-01 1.097E+00  1.00E+00
1.585E-03 9.552E-01 1.041E+00  1.00E+00
1.496E-03 9.424E-01 1.054E+00  1.00E+00
1.413E-03 9.392E-01 1.057E+00  1.00E+00
1.334E-03 9.227E-01 1.073E+00  1.00E+00
1.259E-03 9.019E-01 1.093E+00  1.00E+00
1.189E-03 8.764E-01 1.117E+00  1.00E+00
1.122E-03 8.447E-01 1.147E+00  1.00E+00
1.059E-03 8.078E-01 1.182E+00  1.00E+00
1.000E-03 7.651E-01 1.222E+00  1.00E+00
