1.000E+03 1.538E-04 4.010E-09  2.52E-05
9.441E+02 1.726E-04 5.048E-09  2.82E-05
8.913E+02 1.937E-04 6.355E-09  3.17E-05
8.414E+02 2.173E-04 8.001E-09  3.56E-05
7.943E+02 2.439E-04 1.007E-08  3.99E-05
7.499E+02 2.737E-04 1.268E-08  4.47E-05
7.079E+02 3.071E-04 1.596E-08  5.02E-05
6.683E+02 3.446E-04 2.010E-08  5.63E-05
6.310E+02 3.867E-04 2.530E-08  6.32E-05
5.957E+02 4.340E-04 3.186E-08  7.09E-05
5.623E+02 4.870E-04 4.011E-08  7.95E-05
5.309E+02 5.466E-04 5.050E-08  8.92E-05
5.012E+02 6.134E-04 6.358E-08  1.00E-04
4.732E+02 6.885E-04 8.004E-08  1.12E-04
4.467E+02 7.729E-04 1.008E-07  1.26E-04
4.217E+02 8.676E-04 1.269E-07  1.41E-04
3.981E+02 9.739E-04 1.597E-07  1.58E-04
3.758E+02 1.093E-03 2.011E-07  1.78E-04
3.548E+02 1.227E-03 2.532E-07  1.99E-04
3.350E+02 1.378E-03 3.188E-07  2.24E-04
3.162E+02 1.548E-03 4.014E-07  2.51E-04
2.985E+02 1.738E-03 5.054E-07  2.81E-04
2.818E+02 1.952E-03 6.364E-07  3.15E-04
2.661E+02 2.192E-03 8.014E-07  3.53E-04
2.512E+02 2.462E-03 1.009E-06  3.96E-04
2.371E+02 2.767E-03 1.271E-06  4.44E-04
2.239E+02 3.110E-03 1.600E-06  4.98E-04
2.113E+02 3.495E-03 2.015E-06  5.58E-04
1.995E+02 3.930E-03 2.537E-06  6.25E-04
1.884E+02 4.418E-03 3.195E-06  7.00E-04
1.778E+02 4.967E-03 4.025E-06  7.84E-04
1.679E+02 5.587E-03 5.069E-06  8.78E-04
1.585E+02 6.287E-03 6.385E-06  9.83E-04
1.496E+02 7.078E-03 8.042E-06  1.10E-03
1.413E+02 7.970E-03 1.013E-05  1.23E-03
1.334E+02 8.978E-03 1.276E-05  1.38E-03
1.259E+02 1.012E-02 1.608E-05  1.54E-03
1.189E+02 1.141E-02 2.026E-05  1.72E-03
1.122E+02 1.286E-02 2.553E-05  1.92E-03
1.059E+02 1.452E-02 3.217E-05  2.14E-03
1.000E+02 1.640E-02 4.054E-05  2.38E-03
9.441E+01 1.853E-02 5.109E-05  2.65E-03
8.913E+01 2.096E-02 6.439E-05  2.95E-03
8.414E+01 2.372E-02 8.115E-05  3.28E-03
7.943E+01 2.687E-02 1.023E-04  3.63E-03
7.499E+01 3.042E-02 1.289E-04  4.02E-03
7.079E+01 3.450E-02 1.625E-04  4.44E-03
6.683E+01 3.915E-02 2.048E-04  4.90E-03
6.310E+01 4.444E-02 2.580E-04  5.39E-03
5.957E+01 5.044E-02 3.251E-04  5.91E-03
5.623E+01 5.728E-02 4.094E-04  6.47E-03
5.309E+01 6.503E-02 5.154E-04  7.06E-03
5.012E+01 7.376E-02 6.487E-04  7.69E-03
4.732E+01 8.367E-02 8.160E-04  8.35E-03
4.467E+01 9.488E-02 1.026E-03  9.06E-03
4.217E+01 1.076E-01 1.290E-03  9.79E-03
3.981E+01 1.217E-01 1.617E-03  1.06E-02
3.758E+01 1.374E-01 2.027E-03  1.14E-02
3.548E+01 1.544E-01 2.548E-03  1.24E-02
3.350E+01 1.740E-01 3.204E-03  1.33E-02
3.162E+01 1.972E-01 4.027E-03  1.43E-02
2.985E+01 2.241E-01 5.053E-03  1.53E-02
2.818E+01 2.543E-01 6.317E-03  1.64E-02
2.661E+01 2.891E-01 7.899E-03  1.75E-02
2.512E+01 3.297E-01 9.886E-03  1.86E-02
2.371E+01 3.746E-01 1.224E-02  1.99E-02
2.239E+01 4.269E-01 1.516E-02  2.11E-02
2.113E+01 4.865E-01 1.847E-02  2.25E-02
1.995E+01 5.555E-01 2.218E-02  2.39E-02
1.884E+01 6.116E-01 2.453E-02  2.60E-02
1.778E+01 6.093E-01 2.489E-02  2.95E-02
1.679E+01 5.562E-01 2.503E-02  3.44E-02
1.585E+01 4.842E-01 2.737E-02  4.06E-02
1.496E+01 4.246E-01 3.445E-02  4.85E-02
1.413E+01 4.039E-01 5.070E-02  5.89E-02
1.334E+01 5.107E-01 7.981E-02  6.89E-02
1.259E+01 6.915E-01 1.152E-01  7.40E-02
1.189E+01 9.083E-01 1.558E-01  7.50E-02
1.122E+01 1.127E+00 1.969E-01  7.53E-02
1.059E+01 1.359E+00 2.379E-01  7.58E-02
1.000E+01 1.447E+00 2.318E-01  8.20E-02
9.441E+00 1.402E+00 1.995E-01  9.17E-02
8.913E+00 1.014E+00 1.011E-01  1.07E-01
8.414E+00 7.035E-01 5.281E-02  1.24E-01
7.943E+00 3.662E-01 2.845E-02  1.41E-01
7.499E+00 1.866E-01 6.666E-02  1.64E-01
7.079E+00 1.611E-01 1.377E-01  1.93E-01
6.683E+00 1.702E-01 2.169E-01  2.24E-01
6.310E+00 1.791E-01 3.060E-01  2.61E-01
5.957E+00 1.853E-01 4.099E-01  3.03E-01
5.623E+00 1.940E-01 5.304E-01  3.54E-01
5.309E+00 2.079E-01 6.701E-01  4.12E-01
5.012E+00 2.289E-01 8.362E-01  4.76E-01
4.732E+00 2.579E-01 1.041E+00  5.38E-01
4.467E+00 2.930E-01 1.303E+00  5.86E-01
4.217E+00 3.261E-01 1.620E+00  6.08E-01
3.981E+00 3.434E-01 1.939E+00  6.06E-01
3.758E+00 3.421E-01 2.184E+00  5.94E-01
3.548E+00 3.375E-01 2.341E+00  5.91E-01
3.350E+00 3.493E-01 2.480E+00  6.06E-01
3.162E+00 3.893E-01 2.707E+00  6.41E-01
2.985E+00 4.504E-01 3.082E+00  6.83E-01
2.818E+00 4.802E-01 3.446E+00  7.07E-01
2.661E+00 4.592E-01 3.526E+00  7.03E-01
2.512E+00 4.476E-01 3.430E+00  6.85E-01
2.371E+00 4.974E-01 3.453E+00  6.75E-01
2.239E+00 5.806E-01 3.729E+00  6.96E-01
2.113E+00 5.565E-01 3.686E+00  7.13E-01
1.995E+00 5.342E-01 3.292E+00  6.96E-01
1.884E+00 6.191E-01 3.070E+00  6.54E-01
1.778E+00 6.634E-01 3.078E+00  6.60E-01
1.679E+00 5.981E-01 2.610E+00  6.48E-01
1.585E+00 6.879E-01 2.145E+00  5.85E-01
1.496E+00 7.216E-01 2.031E+00  5.76E-01
1.413E+00 6.608E-01 1.640E+00  5.32E-01
1.334E+00 8.101E-01 1.411E+00  4.92E-01
1.259E+00 7.301E-01 1.391E+00  5.29E-01
1.189E+00 8.148E-01 1.248E+00  5.30E-01
1.122E+00 7.844E-01 1.473E+00  6.42E-01
1.059E+00 8.406E-01 1.532E+00  7.07E-01
1.000E+00 8.148E-01 1.846E+00  7.67E-01
9.441E-01 8.154E-01 1.913E+00  8.22E-01
8.913E-01 8.142E-01 2.018E+00  8.35E-01
8.414E-01 8.414E-01 1.999E+00  8.38E-01
7.943E-01 8.220E-01 1.783E+00  8.37E-01
7.499E-01 8.389E-01 1.548E+00  8.13E-01
7.079E-01 8.371E-01 1.379E+00  7.96E-01
6.683E-01 8.520E-01 1.340E+00  7.88E-01
6.310E-01 8.758E-01 1.424E+00  8.13E-01
5.957E-01 8.944E-01 1.569E+00  8.40E-01
5.623E-01 9.058E-01 1.645E+00  8.54E-01
5.309E-01 9.137E-01 1.563E+00  8.57E-01
5.012E-01 9.181E-01 1.384E+00  8.52E-01
4.732E-01 9.202E-01 1.272E+00  8.54E-01
4.467E-01 9.340E-01 1.327E+00  8.71E-01
4.217E-01 9.463E-01 1.444E+00  8.86E-01
3.981E-01 9.399E-01 1.394E+00  8.85E-01
3.758E-01 9.564E-01 1.258E+00  8.78E-01
3.548E-01 9.564E-01 1.275E+00  8.86E-01
3.350E-01 9.582E-01 1.355E+00  8.98E-01
3.162E-01 9.629E-01 1.261E+00  8.95E-01
2.985E-01 9.641E-01 1.251E+00  8.98E-01
2.818E-01 9.650E-01 1.294E+00  9.04E-01
2.661E-01 9.692E-01 1.215E+00  9.00E-01
2.512E-01 9.640E-01 1.273E+00  9.06E-01
2.371E-01 9.548E-01 1.228E+00  9.00E-01
2.239E-01 9.607E-01 1.215E+00  9.02E-01
2.113E-01 9.744E-01 1.211E+00  9.07E-01
1.995E-01 9.686E-01 1.210E+00  9.04E-01
1.884E-01 9.563E-01 1.215E+00  8.99E-01
1.778E-01 9.427E-01 1.222E+00  8.93E-01
1.679E-01 9.279E-01 1.231E+00  8.85E-01
1.585E-01 9.079E-01 1.246E+00  8.74E-01
1.496E-01 8.786E-01 1.274E+00  8.54E-01
1.413E-01 8.912E-01 1.258E+00  8.70E-01
1.334E-01 8.957E-01 1.247E+00  8.76E-01
1.259E-01 8.911E-01 1.246E+00  8.76E-01
1.189E-01 8.778E-01 1.256E+00  8.70E-01
1.122E-01 8.725E-01 1.257E+00  8.70E-01
1.059E-01 8.527E-01 1.274E+00  8.59E-01
1.000E-01 8.402E-01 1.282E+00  8.56E-01
9.441E-02 8.320E-01 1.285E+00  8.56E-01
8.913E-02 8.339E-01 1.275E+00  8.64E-01
8.414E-02 8.282E-01 1.277E+00  8.62E-01
7.943E-02 8.083E-01 1.293E+00  8.54E-01
7.499E-02 7.847E-01 1.311E+00  8.46E-01
7.079E-02 7.656E-01 1.323E+00  8.42E-01
6.683E-02 7.426E-01 1.340E+00  8.36E-01
6.310E-02 7.196E-01 1.355E+00  8.34E-01
5.957E-02 7.407E-01 1.323E+00  8.63E-01
5.623E-02 8.180E-01 1.238E+00  9.13E-01
5.309E-02 8.482E-01 1.204E+00  9.31E-01
5.012E-02 8.673E-01 1.181E+00  9.42E-01
4.732E-02 8.802E-01 1.165E+00  9.50E-01
4.467E-02 8.895E-01 1.153E+00  9.56E-01
4.217E-02 8.967E-01 1.143E+00  9.60E-01
3.981E-02 9.025E-01 1.135E+00  9.64E-01
3.758E-02 9.074E-01 1.127E+00  9.68E-01
3.548E-02 9.116E-01 1.121E+00  9.71E-01
3.350E-02 9.156E-01 1.115E+00  9.74E-01
3.162E-02 9.193E-01 1.109E+00  9.76E-01
2.985E-02 9.229E-01 1.103E+00  9.79E-01
2.818E-02 9.264E-01 1.098E+00  9.81E-01
2.661E-02 9.300E-01 1.092E+00  9.83E-01
2.512E-02 9.338E-01 1.086E+00  9.85E-01
2.371E-02 9.383E-01 1.080E+00  9.87E-01
2.239E-02 9.434E-01 1.073E+00  9.89E-01
2.113E-02 9.469E-01 1.068E+00  9.90E-01
1.995E-02 9.516E-01 1.062E+00  9.92E-01
1.884E-02 9.571E-01 1.055E+00  9.93E-01
1.778E-02 9.569E-01 1.054E+00  9.93E-01
1.679E-02 9.586E-01 1.051E+00  9.94E-01
1.585E-02 9.609E-01 1.048E+00  9.95E-01
1.496E-02 9.631E-01 1.044E+00  9.96E-01
1.413E-02 9.656E-01 1.041E+00  9.96E-01
1.334E-02 9.697E-01 1.036E+00  9.97E-01
1.259E-02 9.709E-01 1.034E+00  9.97E-01
1.189E-02 9.715E-01 1.032E+00  9.98E-01
1.122E-02 9.743E-01 1.028E+00  9.98E-01
1.059E-02 9.823E-01 1.020E+00  9.98E-01
1.000E-02 9.779E-01 1.024E+00  9.98E-01
9.441E-03 9.772E-01 1.025E+00  9.98E-01
8.913E-03 9.774E-01 1.024E+00  9.99E-01
8.414E-03 9.778E-01 1.022E+00  9.99E-01
7.943E-03 9.784E-01 1.021E+00  9.99E-01
7.499E-03 9.795E-01 1.019E+00  9.99E-01
7.079E-03 9.805E-01 1.018E+00  9.99E-01
6.683E-03 9.833E-01 1.017E+00  9.99E-01
6.310E-03 9.835E-01 1.016E+00  9.99E-01
5.957E-03 9.837E-01 1.016E+00  9.99E-01
5.623E-03 9.837E-01 1.016E+00  1.00E+00
5.309E-03 9.835E-01 1.016E+00  1.00E+00
5.012E-03 9.830E-01 1.017E+00  1.00E+00
4.732E-03 9.821E-01 1.018E+00  1.00E+00
4.467E-03 9.808E-01 1.019E+00  1.00E+00
4.217E-03 9.790E-01 1.021E+00  9.99E-01
3.981E-03 9.764E-01 1.023E+00  9.99E-01
3.758E-03 9.731E-01 1.027E+00  9.99E-01
3.548E-03 9.687E-01 1.031E+00  9.99E-01
3.350E-03 9.628E-01 1.037E+00  9.99E-01
3.162E-03 9.552E-01 1.045E+00  9.99E-01
2.985E-03 9.456E-01 1.054E+00  9.99E-01
2.818E-03 9.327E-01 1.067E+00  9.99E-01
2.661E-03 9.158E-01 1.084E+00  1.00E+00
2.512E-03 8.954E-01 1.104E+00  1.00E+00
2.371E-03 8.708E-01 1.127E+00  1.00E+00
2.239E-03 9.723E-01 1.027E+00  1.00E+00
2.113E-03 9.658E-01 1.033E+00  1.00E+00
1.995E-03 9.574E-01 1.041E+00  1.00E+00
1.884E-03 9.464E-01 1.052E+00  1.00E+00
1.778E-03 9.321E-01 1.066E+00  1.00E+00
1.679E-03 9.138E-01 1.081E+00  1.00E+00
1.585E-03 9.640E-01 1.034E+00  1.00E+00
1.496E-03 9.536E-01 1.044E+00  1.00E+00
1.413E-03 9.510E-01 1.046E+00  1.00E+00
1.334E-03 9.373E-01 1.060E+00  1.00E+00
1.259E-03 9.199E-01 1.077E+00  1.00E+00
1.189E-03 8.981E-01 1.098E+00  1.00E+00
1.122E-03 8.703E-01 1.125E+00  1.00E+00
1.059E-03 8.371E-01 1.156E+00  1.00E+00
1.000E-03 7.980E-01 1.194E+00  1.00E+00
