1.000E+03 3.867E-04 1.597E-07  1.59E-04
9.441E+02 4.339E-04 2.010E-07  1.78E-04
8.913E+02 4.870E-04 2.531E-07  2.00E-04
8.414E+02 5.465E-04 3.186E-07  2.24E-04
7.943E+02 6.134E-04 4.011E-07  2.52E-04
7.499E+02 6.885E-04 5.050E-07  2.82E-04
7.079E+02 7.727E-04 6.358E-07  3.17E-04
6.683E+02 8.673E-04 8.005E-07  3.55E-04
6.310E+02 9.735E-04 1.008E-06  3.99E-04
5.957E+02 1.093E-03 1.269E-06  4.47E-04
5.623E+02 1.227E-03 1.598E-06  5.02E-04
5.309E+02 1.377E-03 2.012E-06  5.63E-04
5.012E+02 1.546E-03 2.533E-06  6.32E-04
4.732E+02 1.736E-03 3.190E-06  7.09E-04
4.467E+02 1.950E-03 4.016E-06  7.95E-04
4.217E+02 2.190E-03 5.057E-06  8.92E-04
3.981E+02 2.459E-03 6.368E-06  1.00E-03
3.758E+02 2.762E-03 8.019E-06  1.12E-03
3.548E+02 3.103E-03 1.010E-05  1.26E-03
3.350E+02 3.488E-03 1.272E-05  1.41E-03
3.162E+02 3.920E-03 1.602E-05  1.58E-03
2.985E+02 4.407E-03 2.017E-05  1.78E-03
2.818E+02 4.955E-03 2.541E-05  1.99E-03
2.661E+02 5.572E-03 3.201E-05  2.23E-03
2.512E+02 6.268E-03 4.032E-05  2.50E-03
2.371E+02 7.054E-03 5.079E-05  2.81E-03
2.239E+02 7.943E-03 6.399E-05  3.15E-03
2.113E+02 8.946E-03 8.062E-05  3.53E-03
1.995E+02 1.008E-02 1.016E-04  3.95E-03
1.884E+02 1.136E-02 1.280E-04  4.43E-03
1.778E+02 1.281E-02 1.614E-04  4.96E-03
1.679E+02 1.445E-02 2.034E-04  5.56E-03
1.585E+02 1.632E-02 2.564E-04  6.22E-03
1.496E+02 1.845E-02 3.234E-04  6.96E-03
1.413E+02 2.086E-02 4.079E-04  7.79E-03
1.334E+02 2.362E-02 5.145E-04  8.72E-03
1.259E+02 2.676E-02 6.492E-04  9.75E-03
1.189E+02 3.036E-02 8.194E-04  1.09E-02
1.122E+02 3.446E-02 1.035E-03  1.22E-02
1.059E+02 3.920E-02 1.306E-03  1.36E-02
1.000E+02 4.464E-02 1.650E-03  1.51E-02
9.441E+01 5.092E-02 2.085E-03  1.69E-02
8.913E+01 5.817E-02 2.636E-03  1.88E-02
8.414E+01 6.656E-02 3.333E-03  2.08E-02
7.943E+01 7.630E-02 4.216E-03  2.31E-02
7.499E+01 8.756E-02 5.337E-03  2.56E-02
7.079E+01 1.007E-01 6.757E-03  2.83E-02
6.683E+01 1.161E-01 8.557E-03  3.11E-02
6.310E+01 1.339E-01 1.084E-02  3.42E-02
5.957E+01 1.547E-01 1.374E-02  3.75E-02
5.623E+01 1.789E-01 1.742E-02  4.09E-02
5.309E+01 2.069E-01 2.208E-02  4.45E-02
5.012E+01 2.394E-01 2.800E-02  4.83E-02
4.732E+01 2.771E-01 3.550E-02  5.22E-02
4.467E+01 3.206E-01 4.500E-02  5.62E-02
4.217E+01 3.709E-01 5.701E-02  6.04E-02
3.981E+01 4.277E-01 7.205E-02  6.48E-02
3.758E+01 4.922E-01 9.096E-02  6.94E-02
3.548E+01 5.647E-01 1.151E-01  7.46E-02
3.350E+01 6.481E-01 1.454E-01  7.99E-02
3.162E+01 7.446E-01 1.830E-01  8.50E-02
2.985E+01 8.525E-01 2.287E-01  9.04E-02
2.818E+01 9.676E-01 2.828E-01  9.65E-02
2.661E+01 1.091E+00 3.465E-01  1.03E-01
2.512E+01 1.220E+00 4.198E-01  1.10E-01
2.371E+01 1.341E+00 4.952E-01  1.20E-01
2.239E+01 1.454E+00 5.730E-01  1.30E-01
2.113E+01 1.544E+00 6.373E-01  1.43E-01
1.995E+01 1.607E+00 6.816E-01  1.58E-01
1.884E+01 1.603E+00 6.645E-01  1.80E-01
1.778E+01 1.526E+00 6.182E-01  2.11E-01
1.679E+01 1.421E+00 5.978E-01  2.50E-01
1.585E+01 1.332E+00 6.474E-01  2.99E-01
1.496E+01 1.310E+00 8.081E-01  3.60E-01
1.413E+01 1.426E+00 1.137E+00  4.24E-01
1.334E+01 1.589E+00 1.369E+00  4.33E-01
1.259E+01 1.619E+00 1.341E+00  4.39E-01
1.189E+01 1.627E+00 1.265E+00  4.68E-01
1.122E+01 1.639E+00 1.203E+00  5.08E-01
1.059E+01 1.646E+00 1.145E+00  5.45E-01
1.000E+01 1.610E+00 1.018E+00  5.81E-01
9.441E+00 1.519E+00 8.646E-01  6.08E-01
8.913E+00 1.303E+00 5.625E-01  6.44E-01
8.414E+00 1.108E+00 3.680E-01  6.88E-01
7.943E+00 7.706E-01 2.680E-01  7.24E-01
7.499E+00 5.098E-01 7.476E-01  7.20E-01
7.079E+00 4.870E-01 1.425E+00  7.25E-01
6.683E+00 5.517E-01 1.992E+00  7.54E-01
6.310E+00 5.838E-01 2.475E+00  7.62E-01
5.957E+00 5.797E-01 2.771E+00  7.52E-01
5.623E+00 6.155E-01 3.005E+00  7.45E-01
5.309E+00 6.711E-01 3.313E+00  7.55E-01
5.012E+00 6.497E-01 3.316E+00  7.55E-01
4.732E+00 6.727E-01 3.078E+00  7.33E-01
4.467E+00 7.753E-01 3.047E+00  7.16E-01
4.217E+00 7.302E-01 2.800E+00  7.09E-01
3.981E+00 7.537E-01 2.302E+00  6.70E-01
3.758E+00 8.604E-01 2.109E+00  6.44E-01
3.548E+00 7.743E-01 1.763E+00  6.07E-01
3.350E+00 8.845E-01 1.416E+00  5.48E-01
3.162E+00 8.409E-01 1.357E+00  5.72E-01
2.985E+00 8.705E-01 1.185E+00  5.55E-01
2.818E+00 8.696E-01 1.345E+00  6.48E-01
2.661E+00 8.969E-01 1.414E+00  7.12E-01
2.512E+00 8.829E-01 1.713E+00  7.71E-01
2.371E+00 8.863E-01 1.807E+00  8.27E-01
2.239E+00 8.694E-01 1.942E+00  8.40E-01
2.113E+00 8.849E-01 1.931E+00  8.48E-01
1.995E+00 8.683E-01 1.747E+00  8.46E-01
1.884E+00 8.762E-01 1.532E+00  8.25E-01
1.778E+00 8.735E-01 1.368E+00  8.07E-01
1.679E+00 8.858E-01 1.318E+00  7.98E-01
1.585E+00 9.056E-01 1.385E+00  8.20E-01
1.496E+00 9.206E-01 1.519E+00  8.44E-01
1.413E+00 9.300E-01 1.604E+00  8.58E-01
1.334E+00 9.369E-01 1.551E+00  8.63E-01
1.259E+00 9.407E-01 1.394E+00  8.61E-01
1.189E+00 9.408E-01 1.270E+00  8.60E-01
1.122E+00 9.450E-01 1.284E+00  8.72E-01
1.059E+00 9.586E-01 1.386E+00  8.89E-01
1.000E+00 9.605E-01 1.415E+00  8.95E-01
9.441E-01 9.638E-01 1.298E+00  8.89E-01
8.913E-01 9.684E-01 1.229E+00  8.88E-01
8.414E-01 9.790E-01 1.282E+00  8.99E-01
7.943E-01 9.780E-01 1.317E+00  9.07E-01
7.499E-01 9.789E-01 1.236E+00  9.05E-01
7.079E-01 9.813E-01 1.215E+00  9.08E-01
6.683E-01 9.825E-01 1.268E+00  9.14E-01
6.310E-01 9.854E-01 1.218E+00  9.15E-01
5.957E-01 9.866E-01 1.202E+00  9.17E-01
5.623E-01 9.846E-01 1.231E+00  9.21E-01
5.309E-01 9.842E-01 1.185E+00  9.20E-01
5.012E-01 9.830E-01 1.211E+00  9.23E-01
4.732E-01 9.810E-01 1.183E+00  9.23E-01
4.467E-01 9.783E-01 1.198E+00  9.25E-01
4.217E-01 9.753E-01 1.177E+00  9.25E-01
3.981E-01 9.723E-01 1.190E+00  9.26E-01
3.758E-01 9.688E-01 1.178E+00  9.26E-01
3.548E-01 9.649E-01 1.175E+00  9.26E-01
3.350E-01 9.609E-01 1.180E+00  9.26E-01
3.162E-01 9.566E-01 1.179E+00  9.26E-01
2.985E-01 9.521E-01 1.178E+00  9.25E-01
2.818E-01 9.474E-01 1.177E+00  9.24E-01
2.661E-01 9.424E-01 1.178E+00  9.23E-01
2.512E-01 9.370E-01 1.177E+00  9.21E-01
2.371E-01 9.308E-01 1.180E+00  9.19E-01
2.239E-01 9.238E-01 1.182E+00  9.15E-01
2.113E-01 9.160E-01 1.186E+00  9.11E-01
1.995E-01 9.077E-01 1.190E+00  9.07E-01
1.884E-01 8.980E-01 1.196E+00  9.01E-01
1.778E-01 8.874E-01 1.203E+00  8.95E-01
1.679E-01 8.755E-01 1.212E+00  8.87E-01
1.585E-01 8.583E-01 1.227E+00  8.75E-01
1.496E-01 8.308E-01 1.253E+00  8.55E-01
1.413E-01 8.443E-01 1.238E+00  8.70E-01
1.334E-01 8.509E-01 1.227E+00  8.76E-01
1.259E-01 8.483E-01 1.227E+00  8.76E-01
1.189E-01 8.368E-01 1.236E+00  8.70E-01
1.122E-01 8.334E-01 1.237E+00  8.70E-01
1.059E-01 8.153E-01 1.253E+00  8.58E-01
1.000E-01 8.051E-01 1.261E+00  8.56E-01
9.441E-02 7.994E-01 1.264E+00  8.56E-01
8.913E-02 8.041E-01 1.255E+00  8.63E-01
8.414E-02 8.000E-01 1.257E+00  8.62E-01
7.943E-02 7.826E-01 1.272E+00  8.53E-01
7.499E-02 7.621E-01 1.290E+00  8.45E-01
7.079E-02 7.463E-01 1.303E+00  8.40E-01
6.683E-02 7.268E-01 1.319E+00  8.35E-01
6.310E-02 7.076E-01 1.334E+00  8.33E-01
5.957E-02 7.325E-01 1.305E+00  8.62E-01
5.623E-02 8.099E-01 1.224E+00  9.12E-01
5.309E-02 8.402E-01 1.192E+00  9.31E-01
5.012E-02 8.595E-01 1.170E+00  9.42E-01
4.732E-02 8.728E-01 1.156E+00  9.50E-01
4.467E-02 8.825E-01 1.144E+00  9.56E-01
4.217E-02 8.902E-01 1.135E+00  9.61E-01
3.981E-02 8.965E-01 1.128E+00  9.65E-01
3.758E-02 9.020E-01 1.121E+00  9.68E-01
3.548E-02 9.068E-01 1.115E+00  9.71E-01
3.350E-02 9.113E-01 1.109E+00  9.74E-01
3.162E-02 9.155E-01 1.104E+00  9.77E-01
2.985E-02 9.197E-01 1.098E+00  9.79E-01
2.818E-02 9.237E-01 1.093E+00  9.81E-01
2.661E-02 9.278E-01 1.088E+00  9.83E-01
2.512E-02 9.321E-01 1.083E+00  9.85E-01
2.371E-02 9.370E-01 1.077E+00  9.87E-01
2.239E-02 9.423E-01 1.071E+00  9.89E-01
2.113E-02 9.461E-01 1.066E+00  9.91E-01
1.995E-02 9.511E-01 1.060E+00  9.92E-01
1.884E-02 9.562E-01 1.054E+00  9.93E-01
1.778E-02 9.565E-01 1.053E+00  9.94E-01
1.679E-02 9.580E-01 1.042E+00  9.94E-01
1.585E-02 9.607E-01 1.039E+00  9.95E-01
1.496E-02 9.635E-01 1.037E+00  9.96E-01
1.413E-02 9.664E-01 1.034E+00  9.96E-01
1.334E-02 9.703E-01 1.030E+00  9.97E-01
1.259E-02 9.718E-01 1.028E+00  9.97E-01
1.189E-02 9.731E-01 1.027E+00  9.98E-01
1.122E-02 9.762E-01 1.024E+00  9.98E-01
1.059E-02 9.816E-01 1.018E+00  9.99E-01
1.000E-02 9.788E-01 1.021E+00  9.98E-01
9.441E-03 9.790E-01 1.021E+00  9.99E-01
8.913E-03 9.798E-01 1.020E+00  9.99E-01
8.414E-03 9.809E-01 1.019E+00  9.99E-01
7.943E-03 9.820E-01 1.018E+00  9.99E-01
7.499E-03 9.836E-01 1.016E+00  9.99E-01
7.079E-03 9.847E-01 1.015E+00  9.99E-01
6.683E-03 9.854E-01 1.015E+00  9.99E-01
6.310E-03 9.863E-01 1.014E+00  9.99E-01
5.957E-03 9.872E-01 1.013E+00  1.00E+00
5.623E-03 9.879E-01 1.012E+00  1.00E+00
5.309E-03 9.885E-01 1.012E+00  1.00E+00
5.012E-03 9.889E-01 1.011E+00  1.00E+00
4.732E-03 9.891E-01 1.011E+00  1.00E+00
4.467E-03 9.891E-01 1.011E+00  1.00E+00
4.217E-03 9.890E-01 1.011E+00  1.00E+00
3.981E-03 9.888E-01 1.011E+00  1.00E+00
3.758E-03 9.884E-01 1.012E+00  1.00E+00
3.548E-03 9.879E-01 1.012E+00  1.00E+00
3.350E-03 9.873E-01 1.013E+00  1.00E+00
3.162E-03 9.864E-01 1.014E+00  1.00E+00
2.985E-03 9.853E-01 1.015E+00  1.00E+00
2.818E-03 9.839E-01 1.016E+00  1.00E+00
2.661E-03 9.819E-01 1.018E+00  1.00E+00
2.512E-03 9.789E-01 1.021E+00  1.00E+00
2.371E-03 9.750E-01 1.025E+00  1.00E+00
2.239E-03 9.942E-01 1.006E+00  1.00E+00
2.113E-03 9.931E-01 1.007E+00  1.00E+00
1.995E-03 9.918E-01 1.008E+00  1.00E+00
1.884E-03 9.901E-01 1.010E+00  1.00E+00
1.778E-03 9.878E-01 1.012E+00  1.00E+00
1.679E-03 9.849E-01 1.015E+00  1.00E+00
1.585E-03 9.937E-01 1.006E+00  1.00E+00
1.496E-03 9.920E-01 1.008E+00  1.00E+00
1.413E-03 9.915E-01 1.008E+00  1.00E+00
1.334E-03 9.892E-01 1.011E+00  1.00E+00
1.259E-03 9.861E-01 1.014E+00  1.00E+00
1.189E-03 9.820E-01 1.018E+00  1.00E+00
1.122E-03 9.762E-01 1.024E+00  1.00E+00
1.059E-03 9.684E-01 1.031E+00  1.00E+00
1.000E-03 9.577E-01 1.042E+00  1.00E+00
