1.000E+03 3.443E-05 1.007E-11  1.26E-06
9.441E+02 3.863E-05 1.268E-11  1.42E-06
8.913E+02 4.335E-05 1.596E-11  1.59E-06
8.414E+02 4.864E-05 2.010E-11  1.78E-06
7.943E+02 5.458E-05 2.530E-11  2.00E-06
7.499E+02 6.125E-05 3.185E-11  2.24E-06
7.079E+02 6.873E-05 4.010E-11  2.52E-06
6.683E+02 7.713E-05 5.048E-11  2.82E-06
6.310E+02 8.655E-05 6.356E-11  3.17E-06
5.957E+02 9.712E-05 8.002E-11  3.55E-06
5.623E+02 1.090E-04 1.007E-10  3.99E-06
5.309E+02 1.223E-04 1.268E-10  4.47E-06
5.012E+02 1.372E-04 1.597E-10  5.02E-06
4.732E+02 1.540E-04 2.010E-10  5.63E-06
4.467E+02 1.729E-04 2.531E-10  6.31E-06
4.217E+02 1.941E-04 3.186E-10  7.08E-06
3.981E+02 2.178E-04 4.011E-10  7.94E-06
3.758E+02 2.445E-04 5.050E-10  8.91E-06
3.548E+02 2.744E-04 6.359E-10  9.99E-06
3.350E+02 3.081E-04 8.006E-10  1.12E-05
3.162E+02 3.460E-04 1.008E-09  1.26E-05
2.985E+02 3.885E-04 1.269E-09  1.41E-05
2.818E+02 4.361E-04 1.598E-09  1.58E-05
2.661E+02 4.897E-04 2.012E-09  1.77E-05
2.512E+02 5.499E-04 2.533E-09  1.99E-05
2.371E+02 6.178E-04 3.190E-09  2.23E-05
2.239E+02 6.941E-04 4.016E-09  2.49E-05
2.113E+02 7.799E-04 5.057E-09  2.79E-05
1.995E+02 8.765E-04 6.367E-09  3.13E-05
1.884E+02 9.848E-04 8.018E-09  3.51E-05
1.778E+02 1.107E-03 1.010E-08  3.93E-05
1.679E+02 1.244E-03 1.271E-08  4.40E-05
1.585E+02 1.399E-03 1.601E-08  4.92E-05
1.496E+02 1.574E-03 2.017E-08  5.51E-05
1.413E+02 1.771E-03 2.540E-08  6.16E-05
1.334E+02 1.993E-03 3.199E-08  6.89E-05
1.259E+02 2.244E-03 4.029E-08  7.70E-05
1.189E+02 2.527E-03 5.075E-08  8.60E-05
1.122E+02 2.846E-03 6.393E-08  9.60E-05
1.059E+02 3.209E-03 8.052E-08  1.07E-04
1.000E+02 3.618E-03 1.014E-07  1.19E-04
9.441E+01 4.083E-03 1.278E-07  1.33E-04
8.913E+01 4.609E-03 1.609E-07  1.48E-04
8.414E+01 5.205E-03 2.027E-07  1.64E-04
7.943E+01 5.882E-03 2.553E-07  1.82E-04
7.499E+01 6.645E-03 3.216E-07  2.01E-04
7.079E+01 7.516E-03 4.050E-07  2.22E-04
6.683E+01 8.505E-03 5.098E-07  2.45E-04
6.310E+01 9.624E-03 6.418E-07  2.70E-04
5.957E+01 1.089E-02 8.076E-07  2.96E-04
5.623E+01 1.232E-02 1.016E-06  3.24E-04
5.309E+01 1.393E-02 1.277E-06  3.54E-04
5.012E+01 1.574E-02 1.605E-06  3.86E-04
4.732E+01 1.778E-02 2.015E-06  4.20E-04
4.467E+01 2.007E-02 2.529E-06  4.56E-04
4.217E+01 2.265E-02 3.172E-06  4.94E-04
3.981E+01 2.550E-02 3.969E-06  5.34E-04
3.758E+01 2.864E-02 4.964E-06  5.77E-04
3.548E+01 3.201E-02 6.224E-06  6.26E-04
3.350E+01 3.584E-02 7.803E-06  6.77E-04
3.162E+01 4.039E-02 9.777E-06  7.29E-04
2.985E+01 4.563E-02 1.223E-05  7.82E-04
2.818E+01 5.147E-02 1.525E-05  8.38E-04
2.661E+01 5.819E-02 1.901E-05  8.97E-04
2.512E+01 6.599E-02 2.372E-05  9.57E-04
2.371E+01 7.463E-02 2.932E-05  1.02E-03
2.239E+01 8.475E-02 3.625E-05  1.09E-03
2.113E+01 9.647E-02 4.419E-05  1.16E-03
1.995E+01 1.104E-01 5.327E-05  1.23E-03
1.884E+01 1.228E-01 5.952E-05  1.32E-03
1.778E+01 1.232E-01 6.112E-05  1.49E-03
1.679E+01 1.122E-01 6.180E-05  1.74E-03
1.585E+01 9.600E-02 6.731E-05  2.05E-03
1.496E+01 8.156E-02 8.361E-05  2.45E-03
1.413E+01 7.368E-02 1.202E-04  2.97E-03
1.334E+01 8.835E-02 1.856E-04  3.48E-03
1.259E+01 1.170E-01 2.677E-04  3.76E-03
1.189E+01 1.557E-01 3.697E-04  3.83E-03
1.122E+01 2.024E-01 4.899E-04  3.81E-03
1.059E+01 2.670E-01 6.460E-04  3.70E-03
1.000E+01 3.226E-01 7.176E-04  3.81E-03
9.441E+00 3.576E-01 7.172E-04  4.07E-03
8.913E+00 2.643E-01 3.799E-04  4.80E-03
8.414E+00 1.710E-01 1.901E-04  5.69E-03
7.943E+00 7.969E-02 9.434E-05  6.72E-03
7.499E+00 3.567E-02 2.026E-04  8.02E-03
7.079E+00 2.825E-02 4.062E-04  9.40E-03
6.683E+00 2.813E-02 6.429E-04  1.08E-02
6.310E+00 2.812E-02 9.274E-04  1.24E-02
5.957E+00 2.764E-02 1.286E-03  1.41E-02
5.623E+00 2.737E-02 1.742E-03  1.60E-02
5.309E+00 2.754E-02 2.325E-03  1.81E-02
5.012E+00 2.811E-02 3.069E-03  2.04E-02
4.732E+00 2.906E-02 4.014E-03  2.30E-02
4.467E+00 3.027E-02 5.215E-03  2.60E-02
4.217E+00 3.173E-02 6.737E-03  2.92E-02
3.981E+00 3.327E-02 8.665E-03  3.29E-02
3.758E+00 3.488E-02 1.111E-02  3.70E-02
3.548E+00 3.665E-02 1.421E-02  4.15E-02
3.350E+00 3.854E-02 1.813E-02  4.67E-02
3.162E+00 4.041E-02 2.310E-02  5.24E-02
2.985E+00 4.254E-02 2.941E-02  5.88E-02
2.818E+00 4.499E-02 3.741E-02  6.60E-02
2.661E+00 4.772E-02 4.753E-02  7.42E-02
2.512E+00 5.078E-02 6.029E-02  8.33E-02
2.371E+00 5.425E-02 7.638E-02  9.35E-02
2.239E+00 5.808E-02 9.660E-02  1.05E-01
2.113E+00 6.238E-02 1.219E-01  1.18E-01
1.995E+00 6.719E-02 1.534E-01  1.33E-01
1.884E+00 7.253E-02 1.925E-01  1.50E-01
1.778E+00 7.851E-02 2.406E-01  1.70E-01
1.679E+00 8.533E-02 2.989E-01  1.93E-01
1.585E+00 9.307E-02 3.686E-01  2.19E-01
1.496E+00 1.017E-01 4.510E-01  2.50E-01
1.413E+00 1.116E-01 5.469E-01  2.87E-01
1.334E+00 1.231E-01 6.572E-01  3.31E-01
1.259E+00 1.370E-01 7.839E-01  3.82E-01
1.189E+00 1.551E-01 9.333E-01  4.41E-01
1.122E+00 1.781E-01 1.117E+00  5.02E-01
1.059E+00 2.064E-01 1.353E+00  5.56E-01
1.000E+00 2.370E-01 1.654E+00  5.90E-01
9.441E-01 2.610E-01 1.992E+00  5.99E-01
8.913E-01 2.694E-01 2.282E+00  5.88E-01
8.414E-01 2.653E-01 2.460E+00  5.76E-01
7.943E-01 2.638E-01 2.559E+00  5.76E-01
7.499E-01 2.806E-01 2.675E+00  5.96E-01
7.079E-01 3.256E-01 2.918E+00  6.35E-01
6.683E-01 3.863E-01 3.333E+00  6.78E-01
6.310E-01 4.103E-01 3.679E+00  7.00E-01
5.957E-01 3.906E-01 3.683E+00  6.93E-01
5.623E-01 3.869E-01 3.539E+00  6.71E-01
5.309E-01 4.454E-01 3.578E+00  6.61E-01
5.012E-01 5.274E-01 3.887E+00  6.86E-01
4.732E-01 4.967E-01 3.747E+00  7.02E-01
4.467E-01 4.871E-01 3.281E+00  6.77E-01
4.217E-01 5.944E-01 3.094E+00  6.26E-01
3.981E-01 6.054E-01 3.021E+00  6.37E-01
3.758E-01 5.582E-01 2.433E+00  6.10E-01
3.548E-01 7.024E-01 2.025E+00  5.22E-01
3.350E-01 6.481E-01 1.840E+00  5.13E-01
3.162E-01 6.551E-01 1.370E+00  4.42E-01
2.985E-01 7.211E-01 1.332E+00  4.90E-01
2.818E-01 6.914E-01 1.359E+00  5.38E-01
2.661E-01 7.101E-01 1.574E+00  6.77E-01
2.512E-01 7.545E-01 1.862E+00  7.46E-01
2.371E-01 7.466E-01 2.284E+00  7.86E-01
2.239E-01 6.897E-01 2.154E+00  7.99E-01
2.113E-01 8.887E-01 1.584E+00  7.80E-01
1.995E-01 1.026E+00 1.252E+00  7.66E-01
1.884E-01 1.126E+00 1.329E+00  8.35E-01
1.778E-01 1.164E+00 1.315E+00  8.70E-01
1.679E-01 1.148E+00 1.257E+00  8.65E-01
1.585E-01 1.115E+00 1.283E+00  8.56E-01
1.496E-01 1.073E+00 1.314E+00  8.38E-01
1.413E-01 1.084E+00 1.293E+00  8.56E-01
1.334E-01 1.081E+00 1.280E+00  8.63E-01
1.259E-01 1.069E+00 1.280E+00  8.64E-01
1.189E-01 1.049E+00 1.292E+00  8.59E-01
1.122E-01 1.037E+00 1.293E+00  8.60E-01
1.059E-01 1.011E+00 1.315E+00  8.51E-01
1.000E-01 9.916E-01 1.324E+00  8.49E-01
9.441E-02 9.756E-01 1.327E+00  8.50E-01
8.913E-02 9.675E-01 1.313E+00  8.58E-01
8.414E-02 9.558E-01 1.316E+00  8.57E-01
7.943E-02 9.274E-01 1.334E+00  8.50E-01
7.499E-02 8.921E-01 1.354E+00  8.43E-01
7.079E-02 8.595E-01 1.367E+00  8.39E-01
6.683E-02 8.208E-01 1.383E+00  8.35E-01
6.310E-02 7.783E-01 1.396E+00  8.33E-01
5.957E-02 7.795E-01 1.353E+00  8.61E-01
5.623E-02 8.533E-01 1.250E+00  9.09E-01
5.309E-02 8.818E-01 1.207E+00  9.26E-01
5.012E-02 8.991E-01 1.179E+00  9.38E-01
4.732E-02 9.097E-01 1.160E+00  9.46E-01
4.467E-02 9.166E-01 1.145E+00  9.52E-01
4.217E-02 9.212E-01 1.134E+00  9.57E-01
3.981E-02 9.242E-01 1.124E+00  9.61E-01
3.758E-02 9.263E-01 1.116E+00  9.65E-01
3.548E-02 9.278E-01 1.108E+00  9.68E-01
3.350E-02 9.290E-01 1.101E+00  9.71E-01
3.162E-02 9.299E-01 1.095E+00  9.74E-01
2.985E-02 9.308E-01 1.088E+00  9.76E-01
2.818E-02 9.316E-01 1.082E+00  9.79E-01
2.661E-02 9.326E-01 1.076E+00  9.81E-01
2.512E-02 9.339E-01 1.069E+00  9.83E-01
2.371E-02 9.359E-01 1.062E+00  9.86E-01
2.239E-02 9.400E-01 1.054E+00  9.88E-01
2.113E-02 9.416E-01 1.049E+00  9.89E-01
1.995E-02 9.448E-01 1.041E+00  9.91E-01
1.884E-02 9.517E-01 1.034E+00  9.92E-01
1.778E-02 9.490E-01 1.035E+00  9.92E-01
1.679E-02 9.488E-01 1.033E+00  9.93E-01
1.585E-02 9.493E-01 1.031E+00  9.94E-01
1.496E-02 9.497E-01 1.030E+00  9.95E-01
1.413E-02 9.504E-01 1.028E+00  9.96E-01
1.334E-02 9.545E-01 1.024E+00  9.96E-01
1.259E-02 9.549E-01 1.024E+00  9.97E-01
1.189E-02 9.531E-01 1.028E+00  9.97E-01
1.122E-02 9.534E-01 1.030E+00  9.98E-01
1.059E-02 9.692E-01 1.002E+00  9.98E-01
1.000E-02 9.613E-01 1.020E+00  9.98E-01
9.441E-03 9.579E-01 1.027E+00  9.98E-01
8.913E-03 9.549E-01 1.034E+00  9.98E-01
8.414E-03 9.518E-01 1.043E+00  9.99E-01
7.943E-03 9.481E-01 1.054E+00  9.99E-01
7.499E-03 9.441E-01 1.069E+00  9.99E-01
7.079E-03 9.448E-01 1.071E+00  9.99E-01
6.683E-03 9.384E-01 1.090E+00  9.99E-01
6.310E-03 9.307E-01 1.114E+00  9.99E-01
5.957E-03 9.214E-01 1.146E+00  9.99E-01
5.623E-03 9.096E-01 1.187E+00  9.99E-01
5.309E-03 8.953E-01 1.237E+00  1.00E+00
5.012E-03 8.784E-01 1.297E+00  1.00E+00
4.732E-03 8.583E-01 1.365E+00  1.00E+00
4.467E-03 8.349E-01 1.441E+00  1.00E+00
4.217E-03 8.081E-01 1.519E+00  1.00E+00
3.981E-03 7.780E-01 1.596E+00  1.00E+00
3.758E-03 7.446E-01 1.667E+00  1.00E+00
3.548E-03 7.083E-01 1.727E+00  1.00E+00
3.350E-03 6.695E-01 1.771E+00  1.00E+00
3.162E-03 6.290E-01 1.793E+00  1.00E+00
2.985E-03 5.879E-01 1.791E+00  1.00E+00
2.818E-03 5.442E-01 1.758E+00  1.00E+00
2.661E-03 4.990E-01 1.690E+00  1.00E+00
2.512E-03 4.563E-01 1.551E+00  1.00E+00
2.371E-03 4.150E-01 1.092E+00  1.00E+00
2.239E-03 6.991E-01 1.019E+00  1.00E+00
2.113E-03 6.617E-01 1.097E+00  1.00E+00
1.995E-03 6.210E-01 1.123E+00  1.00E+00
1.884E-03 5.781E-01 1.093E+00  1.00E+00
1.778E-03 5.338E-01 1.018E+00  1.00E+00
1.679E-03 4.891E-01 7.162E-01  1.00E+00
1.585E-03 6.474E-01 8.573E-01  1.00E+00
1.496E-03 6.021E-01 1.014E+00  1.00E+00
1.413E-03 5.921E-01 1.026E+00  1.00E+00
1.334E-03 5.473E-01 1.021E+00  1.00E+00
1.259E-03 5.022E-01 1.002E+00  1.00E+00
1.189E-03 4.577E-01 9.737E-01  1.00E+00
1.122E-03 4.127E-01 9.348E-01  1.00E+00
1.059E-03 3.699E-01 8.850E-01  1.00E+00
1.000E-03 3.288E-01 8.188E-01  1.00E+00
