1.000E+03 1.725E-07 6.355E-21  0.00E+00
9.441E+02 1.936E-07 8.000E-21  0.00E+00
8.913E+02 2.173E-07 1.007E-20  0.00E+00
8.414E+02 2.438E-07 1.268E-20  0.00E+00
7.943E+02 2.736E-07 1.596E-20  0.00E+00
7.499E+02 3.070E-07 2.010E-20  0.00E+00
7.079E+02 3.445E-07 2.530E-20  0.00E+00
6.683E+02 3.865E-07 3.185E-20  0.00E+00
6.310E+02 4.337E-07 4.010E-20  0.00E+00
5.957E+02 4.867E-07 5.049E-20  0.00E+00
5.623E+02 5.462E-07 6.356E-20  0.00E+00
5.309E+02 6.129E-07 8.002E-20  0.00E+00
5.012E+02 6.878E-07 1.007E-19  0.00E+00
4.732E+02 7.720E-07 1.268E-19  0.00E+00
4.467E+02 8.665E-07 1.597E-19  0.00E+00
4.217E+02 9.726E-07 2.010E-19  0.00E+00
3.981E+02 1.092E-06 2.531E-19  0.00E+00
3.758E+02 1.225E-06 3.187E-19  0.00E+00
3.548E+02 1.375E-06 4.012E-19  0.00E+00
3.350E+02 1.544E-06 5.051E-19  0.00E+00
3.162E+02 1.734E-06 6.359E-19  0.00E+00
2.985E+02 1.947E-06 8.006E-19  0.00E+00
2.818E+02 2.186E-06 1.008E-18  0.00E+00
2.661E+02 2.454E-06 1.269E-18  0.00E+00
2.512E+02 2.756E-06 1.598E-18  0.00E+00
2.371E+02 3.096E-06 2.013E-18  0.00E+00
2.239E+02 3.478E-06 2.534E-18  0.00E+00
2.113E+02 3.908E-06 3.190E-18  0.00E+00
1.995E+02 4.392E-06 4.017E-18  0.00E+00
1.884E+02 4.935E-06 5.058E-18  0.00E+00
1.778E+02 5.546E-06 6.370E-18  0.00E+00
1.679E+02 6.234E-06 8.022E-18  0.00E+00
1.585E+02 7.011E-06 1.010E-17  0.00E+00
1.496E+02 7.886E-06 1.272E-17  0.00E+00
1.413E+02 8.873E-06 1.602E-17  0.00E+00
1.334E+02 9.986E-06 2.018E-17  0.00E+00
1.259E+02 1.124E-05 2.542E-17  0.00E+00
1.189E+02 1.266E-05 3.201E-17  0.00E+00
1.122E+02 1.426E-05 4.033E-17  0.00E+00
1.059E+02 1.607E-05 5.079E-17  0.00E+00
1.000E+02 1.812E-05 6.398E-17  0.00E+00
9.441E+01 2.045E-05 8.059E-17  0.00E+00
8.913E+01 2.308E-05 1.015E-16  0.00E+00
8.414E+01 2.606E-05 1.279E-16  0.00E+00
7.943E+01 2.945E-05 1.610E-16  0.00E+00
7.499E+01 3.326E-05 2.028E-16  0.00E+00
7.079E+01 3.761E-05 2.554E-16  0.00E+00
6.683E+01 4.256E-05 3.215E-16  0.00E+00
6.310E+01 4.815E-05 4.047E-16  0.00E+00
5.957E+01 5.446E-05 5.093E-16  0.00E+00
5.623E+01 6.161E-05 6.405E-16  0.00E+00
5.309E+01 6.966E-05 8.052E-16  0.00E+00
5.012E+01 7.869E-05 1.012E-15  0.00E+00
4.732E+01 8.886E-05 1.270E-15  0.00E+00
4.467E+01 1.003E-04 1.594E-15  0.00E+00
4.217E+01 1.131E-04 1.999E-15  0.00E+00
3.981E+01 1.273E-04 2.501E-15  0.00E+00
3.758E+01 1.430E-04 3.128E-15  0.00E+00
3.548E+01 1.598E-04 3.921E-15  0.00E+00
3.350E+01 1.788E-04 4.915E-15  0.00E+00
3.162E+01 2.015E-04 6.157E-15  0.00E+00
2.985E+01 2.275E-04 7.701E-15  0.00E+00
2.818E+01 2.565E-04 9.597E-15  0.00E+00
2.661E+01 2.899E-04 1.196E-14  0.00E+00
2.512E+01 3.286E-04 1.493E-14  0.00E+00
2.371E+01 3.715E-04 1.844E-14  0.00E+00
2.239E+01 4.217E-04 2.280E-14  0.00E+00
2.113E+01 4.799E-04 2.779E-14  0.00E+00
1.995E+01 5.492E-04 3.349E-14  0.00E+00
1.884E+01 6.107E-04 3.744E-14  0.00E+00
1.778E+01 6.132E-04 3.846E-14  0.00E+00
1.679E+01 5.580E-04 3.890E-14  0.00E+00
1.585E+01 4.772E-04 4.235E-14  0.00E+00
1.496E+01 4.047E-04 5.257E-14  0.00E+00
1.413E+01 3.645E-04 7.545E-14  0.00E+00
1.334E+01 4.354E-04 1.163E-13  0.00E+00
1.259E+01 5.750E-04 1.676E-13  0.00E+00
1.189E+01 7.640E-04 2.312E-13  0.00E+00
1.122E+01 9.933E-04 3.063E-13  0.00E+00
1.059E+01 1.312E-03 4.042E-13  0.00E+00
1.000E+01 1.592E-03 4.510E-13  0.00E+00
9.441E+00 1.778E-03 4.541E-13  0.00E+00
8.913E+00 1.323E-03 2.424E-13  0.00E+00
8.414E+00 8.544E-04 1.213E-13  0.00E+00
7.943E+00 3.967E-04 6.010E-14  0.00E+00
7.499E+00 1.663E-04 1.474E-13  3.34E-07
7.079E+00 1.305E-04 3.114E-13  3.75E-07
6.683E+00 1.292E-04 5.088E-13  4.20E-07
6.310E+00 1.286E-04 7.500E-13  4.71E-07
5.957E+00 1.258E-04 1.057E-12  5.29E-07
5.623E+00 1.239E-04 1.451E-12  5.94E-07
5.309E+00 1.239E-04 1.956E-12  6.66E-07
5.012E+00 1.257E-04 2.604E-12  7.47E-07
4.732E+00 1.357E-04 2.496E-12  5.83E-07
4.467E+00 1.400E-04 3.235E-12  6.58E-07
4.217E+00 1.452E-04 4.168E-12  7.42E-07
3.981E+00 1.505E-04 5.346E-12  8.35E-07
3.758E+00 1.557E-04 6.835E-12  9.40E-07
3.548E+00 1.614E-04 8.713E-12  1.06E-06
3.350E+00 1.671E-04 1.108E-11  1.19E-06
3.162E+00 1.723E-04 1.407E-11  1.34E-06
2.985E+00 1.781E-04 1.785E-11  1.50E-06
2.818E+00 1.846E-04 2.263E-11  1.69E-06
2.661E+00 1.915E-04 2.866E-11  1.90E-06
2.512E+00 1.990E-04 3.625E-11  2.13E-06
2.371E+00 2.072E-04 4.582E-11  2.39E-06
2.239E+00 2.159E-04 5.788E-11  2.69E-06
2.113E+00 2.252E-04 7.304E-11  3.02E-06
1.995E+00 2.351E-04 9.216E-11  3.39E-06
1.884E+00 2.456E-04 1.163E-10  3.80E-06
1.778E+00 2.569E-04 1.466E-10  4.27E-06
1.679E+00 2.694E-04 1.848E-10  4.79E-06
1.585E+00 2.831E-04 2.328E-10  5.37E-06
1.496E+00 2.974E-04 2.932E-10  6.03E-06
1.413E+00 3.124E-04 3.692E-10  6.76E-06
1.334E+00 3.282E-04 4.650E-10  7.59E-06
1.259E+00 3.450E-04 5.855E-10  8.52E-06
1.189E+00 3.637E-04 7.375E-10  9.56E-06
1.122E+00 3.837E-04 9.288E-10  1.07E-05
1.059E+00 4.049E-04 1.169E-09  1.20E-05
1.000E+00 4.273E-04 1.472E-09  1.35E-05
9.441E-01 4.513E-04 1.853E-09  1.51E-05
8.913E-01 4.767E-04 2.332E-09  1.70E-05
8.414E-01 5.033E-04 2.937E-09  1.91E-05
7.943E-01 5.312E-04 3.700E-09  2.14E-05
7.499E-01 5.606E-04 4.662E-09  2.40E-05
7.079E-01 5.916E-04 5.876E-09  2.70E-05
6.683E-01 6.244E-04 7.404E-09  3.03E-05
6.310E-01 6.593E-04 9.338E-09  3.40E-05
5.957E-01 6.962E-04 1.178E-08  3.81E-05
5.623E-01 7.351E-04 1.487E-08  4.28E-05
5.309E-01 7.762E-04 1.879E-08  4.80E-05
5.012E-01 8.195E-04 2.374E-08  5.40E-05
4.732E-01 8.650E-04 3.002E-08  6.06E-05
4.467E-01 9.128E-04 3.800E-08  6.81E-05
4.217E-01 9.628E-04 4.817E-08  7.65E-05
3.981E-01 1.015E-03 6.110E-08  8.60E-05
3.758E-01 1.067E-03 7.763E-08  9.67E-05
3.548E-01 1.122E-03 9.883E-08  1.09E-04
3.350E-01 1.178E-03 1.261E-07  1.22E-04
3.162E-01 1.235E-03 1.611E-07  1.38E-04
2.985E-01 1.292E-03 2.066E-07  1.55E-04
2.818E-01 1.349E-03 2.657E-07  1.75E-04
2.661E-01 1.403E-03 3.434E-07  1.98E-04
2.512E-01 1.453E-03 4.461E-07  2.24E-04
2.371E-01 1.429E-03 5.845E-07  2.54E-04
2.239E-01 1.566E-03 7.785E-07  2.89E-04
2.113E-01 2.252E-03 1.044E-06  3.30E-04
1.995E-01 3.193E-03 1.404E-06  3.78E-04
1.884E-01 4.717E-03 1.916E-06  4.34E-04
1.778E-01 7.293E-03 2.628E-06  5.01E-04
1.679E-01 1.062E-02 3.634E-06  5.79E-04
1.585E-01 1.532E-02 5.227E-06  6.80E-04
1.496E-01 3.090E-02 8.044E-06  7.71E-04
1.413E-01 5.572E-02 9.083E-06  6.93E-04
1.334E-01 5.290E-02 1.063E-05  7.95E-04
1.259E-01 5.862E-02 1.346E-05  8.79E-04
1.189E-01 7.354E-02 1.840E-05  9.37E-04
1.122E-01 8.565E-02 2.343E-05  1.01E-03
1.059E-01 1.053E-01 3.369E-05  1.06E-03
1.000E-01 1.356E-01 4.506E-05  1.06E-03
9.441E-02 1.624E-01 5.784E-05  1.10E-03
8.913E-02 1.836E-01 6.698E-05  1.19E-03
8.414E-02 1.986E-01 8.622E-05  1.32E-03
7.943E-02 2.375E-01 1.202E-04  1.38E-03
7.499E-02 2.836E-01 1.645E-04  1.45E-03
7.079E-02 3.134E-01 2.063E-04  1.59E-03
6.683E-02 3.196E-01 2.422E-04  1.77E-03
6.310E-02 2.691E-01 2.329E-04  2.05E-03
5.957E-02 1.675E-01 1.420E-04  2.43E-03
5.623E-02 1.339E-01 9.044E-05  2.85E-03
5.309E-02 1.253E-01 8.293E-05  3.26E-03
5.012E-02 1.196E-01 8.148E-05  3.71E-03
4.732E-02 1.153E-01 8.328E-05  4.20E-03
4.467E-02 1.116E-01 8.701E-05  4.74E-03
4.217E-02 1.080E-01 9.188E-05  5.35E-03
3.981E-02 1.044E-01 9.755E-05  6.03E-03
3.758E-02 1.006E-01 1.037E-04  6.80E-03
3.548E-02 9.665E-02 1.101E-04  7.65E-03
3.350E-02 9.252E-02 1.165E-04  8.62E-03
3.162E-02 8.812E-02 1.227E-04  9.70E-03
2.985E-02 8.364E-02 1.286E-04  1.09E-02
2.818E-02 7.894E-02 1.339E-04  1.23E-02
2.661E-02 7.428E-02 1.384E-04  1.38E-02
2.512E-02 6.950E-02 1.415E-04  1.56E-02
2.371E-02 6.475E-02 1.422E-04  1.75E-02
2.239E-02 6.253E-02 1.470E-04  1.97E-02
2.113E-02 5.918E-02 1.514E-04  2.22E-02
1.995E-02 5.593E-02 1.513E-04  2.50E-02
1.884E-02 5.791E-02 1.654E-04  2.81E-02
1.778E-02 5.456E-02 1.795E-04  3.16E-02
1.679E-02 5.145E-02 1.871E-04  3.56E-02
1.585E-02 4.852E-02 1.927E-04  4.00E-02
1.496E-02 4.567E-02 1.970E-04  4.50E-02
1.413E-02 4.284E-02 1.982E-04  5.07E-02
1.334E-02 4.211E-02 1.993E-04  5.70E-02
1.259E-02 4.104E-02 2.147E-04  6.42E-02
1.189E-02 3.815E-02 2.224E-04  7.22E-02
1.122E-02 3.524E-02 2.103E-04  8.13E-02
1.059E-02 4.256E-02 2.241E-04  9.16E-02
1.000E-02 3.958E-02 2.786E-04  1.03E-01
9.441E-03 3.649E-02 2.956E-04  1.16E-01
8.913E-03 3.349E-02 3.019E-04  1.31E-01
8.414E-03 3.061E-02 3.024E-04  1.47E-01
7.943E-03 2.789E-02 2.979E-04  1.65E-01
7.499E-03 2.535E-02 2.828E-04  1.86E-01
7.079E-03 2.516E-02 2.987E-04  2.10E-01
6.683E-03 2.282E-02 2.962E-04  2.36E-01
6.310E-03 2.065E-02 2.882E-04  2.65E-01
5.957E-03 1.868E-02 2.774E-04  2.97E-01
5.623E-03 1.681E-02 2.641E-04  3.33E-01
5.309E-03 1.513E-02 2.490E-04  3.72E-01
5.012E-03 1.360E-02 2.329E-04  4.14E-01
4.732E-03 1.220E-02 2.164E-04  4.59E-01
4.467E-03 1.092E-02 1.995E-04  5.06E-01
4.217E-03 9.758E-03 1.828E-04  5.54E-01
3.981E-03 8.702E-03 1.666E-04  6.01E-01
3.758E-03 7.743E-03 1.513E-04  6.46E-01
3.548E-03 6.873E-03 1.367E-04  6.86E-01
3.350E-03 6.087E-03 1.232E-04  7.20E-01
3.162E-03 5.383E-03 1.108E-04  7.47E-01
2.985E-03 4.761E-03 9.961E-05  7.67E-01
2.818E-03 4.179E-03 8.814E-05  7.82E-01
2.661E-03 3.645E-03 7.679E-05  7.94E-01
2.512E-03 3.190E-03 6.370E-05  8.06E-01
2.371E-03 2.789E-03 3.817E-05  8.21E-01
2.239E-03 6.609E-03 5.583E-05  8.38E-01
2.113E-03 5.899E-03 5.768E-05  8.56E-01
1.995E-03 5.225E-03 5.561E-05  8.72E-01
1.884E-03 4.604E-03 5.031E-05  8.85E-01
1.778E-03 4.037E-03 4.337E-05  8.94E-01
1.679E-03 3.525E-03 2.712E-05  9.01E-01
1.585E-03 5.643E-03 4.294E-05  9.08E-01
1.496E-03 4.935E-03 4.028E-05  9.17E-01
1.413E-03 4.792E-03 4.136E-05  9.27E-01
1.334E-03 4.198E-03 3.923E-05  9.34E-01
1.259E-03 3.667E-03 3.628E-05  9.38E-01
1.189E-03 3.196E-03 3.327E-05  9.43E-01
1.122E-03 2.763E-03 3.015E-05  9.49E-01
1.059E-03 2.386E-03 2.705E-05  9.54E-01
1.000E-03 2.050E-03 2.376E-05  9.58E-01
