1.000E+03 3.863E-06 1.596E-15  0.00E+00
9.441E+02 4.334E-06 2.010E-15  0.00E+00
8.913E+02 4.864E-06 2.530E-15  0.00E+00
8.414E+02 5.458E-06 3.185E-15  0.00E+00
7.943E+02 6.124E-06 4.010E-15  0.00E+00
7.499E+02 6.872E-06 5.048E-15  0.00E+00
7.079E+02 7.712E-06 6.355E-15  0.00E+00
6.683E+02 8.654E-06 8.001E-15  0.00E+00
6.310E+02 9.710E-06 1.007E-14  0.00E+00
5.957E+02 1.090E-05 1.268E-14  0.00E+00
5.623E+02 1.223E-05 1.597E-14  0.00E+00
5.309E+02 1.372E-05 2.010E-14  0.00E+00
5.012E+02 1.540E-05 2.531E-14  0.00E+00
4.732E+02 1.728E-05 3.186E-14  0.00E+00
4.467E+02 1.940E-05 4.011E-14  0.00E+00
4.217E+02 2.177E-05 5.049E-14  0.00E+00
3.981E+02 2.444E-05 6.357E-14  0.00E+00
3.758E+02 2.743E-05 8.004E-14  0.00E+00
3.548E+02 3.079E-05 1.008E-13  0.00E+00
3.350E+02 3.457E-05 1.269E-13  0.00E+00
3.162E+02 3.881E-05 1.597E-13  0.00E+00
2.985E+02 4.358E-05 2.011E-13  0.00E+00
2.818E+02 4.893E-05 2.532E-13  0.00E+00
2.661E+02 5.494E-05 3.189E-13  0.00E+00
2.512E+02 6.170E-05 4.015E-13  0.00E+00
2.371E+02 6.931E-05 5.055E-13  0.00E+00
2.239E+02 7.787E-05 6.365E-13  0.00E+00
2.113E+02 8.749E-05 8.014E-13  0.00E+00
1.995E+02 9.832E-05 1.009E-12  0.00E+00
1.884E+02 1.105E-04 1.271E-12  0.00E+00
1.778E+02 1.241E-04 1.600E-12  0.00E+00
1.679E+02 1.396E-04 2.015E-12  5.53E-07
1.585E+02 1.569E-04 2.538E-12  6.19E-07
1.496E+02 1.765E-04 3.196E-12  6.93E-07
1.413E+02 1.986E-04 4.025E-12  7.76E-07
1.334E+02 2.236E-04 5.069E-12  8.67E-07
1.259E+02 2.517E-04 6.384E-12  9.69E-07
1.189E+02 2.834E-04 8.042E-12  1.08E-06
1.122E+02 3.191E-04 1.013E-11  1.21E-06
1.059E+02 3.598E-04 1.276E-11  1.35E-06
1.000E+02 4.057E-04 1.607E-11  1.50E-06
9.441E+01 4.577E-04 2.024E-11  1.67E-06
8.913E+01 5.166E-04 2.550E-11  1.86E-06
8.414E+01 5.834E-04 3.212E-11  2.06E-06
7.943E+01 6.593E-04 4.045E-11  2.29E-06
7.499E+01 7.446E-04 5.095E-11  2.53E-06
7.079E+01 8.421E-04 6.416E-11  2.80E-06
6.683E+01 9.528E-04 8.077E-11  3.09E-06
6.310E+01 1.078E-03 1.017E-10  3.40E-06
5.957E+01 1.219E-03 1.279E-10  3.73E-06
5.623E+01 1.379E-03 1.609E-10  4.08E-06
5.309E+01 1.560E-03 2.022E-10  4.46E-06
5.012E+01 1.762E-03 2.541E-10  4.86E-06
4.732E+01 1.989E-03 3.191E-10  5.29E-06
4.467E+01 2.245E-03 4.005E-10  5.74E-06
4.217E+01 2.533E-03 5.022E-10  6.22E-06
3.981E+01 2.851E-03 6.283E-10  6.72E-06
3.758E+01 3.201E-03 7.857E-10  7.27E-06
3.548E+01 3.577E-03 9.849E-10  7.89E-06
3.350E+01 4.004E-03 1.235E-09  8.53E-06
3.162E+01 4.510E-03 1.547E-09  9.18E-06
2.985E+01 5.093E-03 1.935E-09  9.85E-06
2.818E+01 5.743E-03 2.411E-09  1.06E-05
2.661E+01 6.490E-03 3.005E-09  1.13E-05
2.512E+01 7.357E-03 3.749E-09  1.21E-05
2.371E+01 8.318E-03 4.633E-09  1.29E-05
2.239E+01 9.442E-03 5.727E-09  1.38E-05
2.113E+01 1.074E-02 6.981E-09  1.46E-05
1.995E+01 1.230E-02 8.413E-09  1.55E-05
1.884E+01 1.367E-02 9.404E-09  1.67E-05
1.778E+01 1.373E-02 9.660E-09  1.88E-05
1.679E+01 1.249E-02 9.770E-09  2.19E-05
1.585E+01 1.068E-02 1.064E-08  2.59E-05
1.496E+01 9.061E-03 1.321E-08  3.09E-05
1.413E+01 8.160E-03 1.895E-08  3.75E-05
1.334E+01 9.750E-03 2.922E-08  4.39E-05
1.259E+01 1.288E-02 4.210E-08  4.75E-05
1.189E+01 1.711E-02 5.808E-08  4.85E-05
1.122E+01 2.224E-02 7.694E-08  4.82E-05
1.059E+01 2.937E-02 1.016E-07  4.68E-05
1.000E+01 3.565E-02 1.133E-07  4.81E-05
9.441E+00 3.981E-02 1.141E-07  5.12E-05
8.913E+00 2.961E-02 6.087E-08  6.02E-05
8.414E+00 1.913E-02 3.048E-08  7.15E-05
7.943E+00 8.881E-03 1.510E-08  8.45E-05
7.499E+00 3.944E-03 3.226E-08  1.01E-04
7.079E+00 3.102E-03 6.444E-08  1.19E-04
6.683E+00 3.070E-03 1.017E-07  1.37E-04
6.310E+00 3.051E-03 1.465E-07  1.56E-04
5.957E+00 2.981E-03 2.026E-07  1.78E-04
5.623E+00 2.932E-03 2.740E-07  2.02E-04
5.309E+00 2.929E-03 3.649E-07  2.29E-04
5.012E+00 2.967E-03 4.807E-07  2.59E-04
4.732E+00 3.040E-03 6.271E-07  2.92E-04
4.467E+00 3.137E-03 8.128E-07  3.30E-04
4.217E+00 3.255E-03 1.047E-06  3.72E-04
3.981E+00 3.374E-03 1.343E-06  4.19E-04
3.758E+00 3.492E-03 1.718E-06  4.71E-04
3.548E+00 3.619E-03 2.190E-06  5.30E-04
3.350E+00 3.749E-03 2.785E-06  5.96E-04
3.162E+00 3.866E-03 3.537E-06  6.70E-04
2.985E+00 3.997E-03 4.488E-06  7.53E-04
2.818E+00 4.143E-03 5.689E-06  8.46E-04
2.661E+00 4.301E-03 7.205E-06  9.50E-04
2.512E+00 4.471E-03 9.114E-06  1.07E-03
2.371E+00 4.658E-03 1.152E-05  1.20E-03
2.239E+00 4.855E-03 1.456E-05  1.35E-03
2.113E+00 5.067E-03 1.837E-05  1.51E-03
1.995E+00 5.294E-03 2.318E-05  1.70E-03
1.884E+00 5.535E-03 2.925E-05  1.90E-03
1.778E+00 5.794E-03 3.690E-05  2.14E-03
1.679E+00 6.082E-03 4.652E-05  2.40E-03
1.585E+00 6.397E-03 5.861E-05  2.69E-03
1.496E+00 6.727E-03 7.385E-05  3.02E-03
1.413E+00 7.076E-03 9.303E-05  3.39E-03
1.334E+00 7.444E-03 1.172E-04  3.80E-03
1.259E+00 7.836E-03 1.476E-04  4.26E-03
1.189E+00 8.276E-03 1.860E-04  4.78E-03
1.122E+00 8.748E-03 2.344E-04  5.36E-03
1.059E+00 9.251E-03 2.953E-04  6.02E-03
1.000E+00 9.789E-03 3.720E-04  6.75E-03
9.441E-01 1.037E-02 4.685E-04  7.57E-03
8.913E-01 1.098E-02 5.903E-04  8.49E-03
8.414E-01 1.163E-02 7.441E-04  9.52E-03
7.943E-01 1.233E-02 9.382E-04  1.07E-02
7.499E-01 1.307E-02 1.184E-03  1.20E-02
7.079E-01 1.386E-02 1.493E-03  1.34E-02
6.683E-01 1.470E-02 1.885E-03  1.51E-02
6.310E-01 1.562E-02 2.380E-03  1.69E-02
5.957E-01 1.660E-02 3.009E-03  1.90E-02
5.623E-01 1.767E-02 3.806E-03  2.13E-02
5.309E-01 1.881E-02 4.816E-03  2.39E-02
5.012E-01 2.005E-02 6.101E-03  2.68E-02
4.732E-01 2.139E-02 7.735E-03  3.00E-02
4.467E-01 2.283E-02 9.820E-03  3.37E-02
4.217E-01 2.440E-02 1.249E-02  3.78E-02
3.981E-01 2.610E-02 1.590E-02  4.25E-02
3.758E-01 2.790E-02 2.028E-02  4.77E-02
3.548E-01 2.988E-02 2.594E-02  5.36E-02
3.350E-01 3.203E-02 3.324E-02  6.02E-02
3.162E-01 3.436E-02 4.272E-02  6.78E-02
2.985E-01 3.690E-02 5.511E-02  7.63E-02
2.818E-01 3.966E-02 7.136E-02  8.61E-02
2.661E-01 4.266E-02 9.291E-02  9.73E-02
2.512E-01 4.589E-02 1.217E-01  1.10E-01
2.371E-01 4.722E-02 1.610E-01  1.25E-01
2.239E-01 5.469E-02 2.169E-01  1.44E-01
2.113E-01 8.382E-02 2.936E-01  1.66E-01
1.995E-01 1.280E-01 3.967E-01  1.94E-01
1.884E-01 2.077E-01 5.409E-01  2.32E-01
1.778E-01 3.592E-01 7.307E-01  2.82E-01
1.679E-01 6.028E-01 9.817E-01  3.47E-01
1.585E-01 1.042E+00 1.351E+00  4.20E-01
1.496E-01 1.615E+00 1.485E+00  3.91E-01
1.413E-01 1.577E+00 1.048E+00  3.79E-01
1.334E-01 1.555E+00 1.125E+00  4.28E-01
1.259E-01 1.565E+00 1.156E+00  4.61E-01
1.189E-01 1.592E+00 1.141E+00  4.87E-01
1.122E-01 1.600E+00 1.121E+00  5.25E-01
1.059E-01 1.628E+00 1.150E+00  5.56E-01
1.000E-01 1.627E+00 1.114E+00  5.85E-01
9.441E-02 1.605E+00 1.092E+00  6.09E-01
8.913E-02 1.561E+00 1.030E+00  6.32E-01
8.414E-02 1.541E+00 1.064E+00  6.50E-01
7.943E-02 1.506E+00 1.088E+00  6.61E-01
7.499E-02 1.451E+00 1.100E+00  6.71E-01
7.079E-02 1.371E+00 1.096E+00  6.81E-01
6.683E-02 1.258E+00 1.093E+00  6.88E-01
6.310E-02 1.092E+00 1.064E+00  6.95E-01
5.957E-02 9.184E-01 9.127E-01  7.26E-01
5.623E-02 9.171E-01 7.057E-01  7.76E-01
5.309E-02 9.165E-01 6.377E-01  8.02E-01
5.012E-02 9.108E-01 5.976E-01  8.22E-01
4.732E-02 9.014E-01 5.730E-01  8.39E-01
4.467E-02 8.898E-01 5.567E-01  8.54E-01
4.217E-02 8.766E-01 5.448E-01  8.67E-01
3.981E-02 8.621E-01 5.356E-01  8.79E-01
3.758E-02 8.463E-01 5.276E-01  8.90E-01
3.548E-02 8.295E-01 5.205E-01  8.99E-01
3.350E-02 8.119E-01 5.132E-01  9.08E-01
3.162E-02 7.934E-01 5.053E-01  9.16E-01
2.985E-02 7.745E-01 4.966E-01  9.24E-01
2.818E-02 7.545E-01 4.864E-01  9.31E-01
2.661E-02 7.343E-01 4.743E-01  9.38E-01
2.512E-02 7.130E-01 4.594E-01  9.43E-01
2.371E-02 6.916E-01 4.389E-01  9.49E-01
2.239E-02 6.831E-01 4.213E-01  9.54E-01
2.113E-02 6.663E-01 4.069E-01  9.58E-01
1.995E-02 6.507E-01 3.827E-01  9.62E-01
1.884E-02 6.666E-01 3.725E-01  9.66E-01
1.778E-02 6.452E-01 3.769E-01  9.69E-01
1.679E-02 6.266E-01 3.680E-01  9.72E-01
1.585E-02 6.085E-01 3.552E-01  9.75E-01
1.496E-02 5.899E-01 3.408E-01  9.77E-01
1.413E-02 5.705E-01 3.227E-01  9.79E-01
1.334E-02 5.679E-01 2.992E-01  9.81E-01
1.259E-02 5.604E-01 2.969E-01  9.83E-01
1.189E-02 5.368E-01 2.901E-01  9.85E-01
1.122E-02 5.129E-01 2.609E-01  9.86E-01
1.059E-02 5.816E-01 2.364E-01  9.87E-01
1.000E-02 5.540E-01 2.755E-01  9.89E-01
9.441E-03 5.270E-01 2.782E-01  9.90E-01
8.913E-03 4.995E-01 2.717E-01  9.91E-01
8.414E-03 4.714E-01 2.613E-01  9.92E-01
7.943E-03 4.430E-01 2.477E-01  9.92E-01
7.499E-03 4.150E-01 2.271E-01  9.93E-01
7.079E-03 4.133E-01 2.254E-01  9.94E-01
6.683E-03 3.852E-01 2.167E-01  9.94E-01
6.310E-03 3.577E-01 2.053E-01  9.95E-01
5.957E-03 3.313E-01 1.929E-01  9.95E-01
5.623E-03 3.050E-01 1.800E-01  9.96E-01
5.309E-03 2.801E-01 1.669E-01  9.96E-01
5.012E-03 2.566E-01 1.540E-01  9.97E-01
4.732E-03 2.342E-01 1.415E-01  9.97E-01
4.467E-03 2.130E-01 1.295E-01  9.97E-01
4.217E-03 1.931E-01 1.179E-01  9.98E-01
3.981E-03 1.745E-01 1.070E-01  9.98E-01
3.758E-03 1.572E-01 9.661E-02  9.98E-01
3.548E-03 1.411E-01 8.673E-02  9.98E-01
3.350E-03 1.262E-01 7.749E-02  9.98E-01
3.162E-03 1.126E-01 6.887E-02  9.99E-01
2.985E-03 1.004E-01 6.100E-02  9.99E-01
2.818E-03 8.877E-02 5.311E-02  9.99E-01
2.661E-03 7.797E-02 4.552E-02  9.99E-01
2.512E-03 6.863E-02 3.719E-02  9.99E-01
2.371E-03 6.032E-02 2.202E-02  9.99E-01
2.239E-03 1.366E-01 3.020E-02  9.99E-01
2.113E-03 1.230E-01 3.109E-02  9.99E-01
1.995E-03 1.098E-01 2.990E-02  9.99E-01
1.884E-03 9.748E-02 2.697E-02  9.99E-01
1.778E-03 8.607E-02 2.315E-02  9.99E-01
1.679E-03 7.563E-02 1.441E-02  1.00E+00
1.585E-03 1.181E-01 2.198E-02  1.00E+00
1.496E-03 1.041E-01 2.063E-02  1.00E+00
1.413E-03 1.013E-01 2.108E-02  1.00E+00
1.334E-03 8.935E-02 2.001E-02  1.00E+00
1.259E-03 7.855E-02 1.850E-02  1.00E+00
1.189E-03 6.884E-02 1.696E-02  1.00E+00
1.122E-03 5.984E-02 1.538E-02  1.00E+00
1.059E-03 5.189E-02 1.380E-02  1.00E+00
1.000E-03 4.478E-02 1.212E-02  1.00E+00
