1.000E+03 1.222E-04 1.596E-09  1.59E-05
9.441E+02 1.371E-04 2.010E-09  1.78E-05
8.913E+02 1.538E-04 2.530E-09  2.00E-05
8.414E+02 1.726E-04 3.185E-09  2.24E-05
7.943E+02 1.937E-04 4.010E-09  2.52E-05
7.499E+02 2.174E-04 5.048E-09  2.82E-05
7.079E+02 2.439E-04 6.355E-09  3.17E-05
6.683E+02 2.737E-04 8.001E-09  3.55E-05
6.310E+02 3.071E-04 1.007E-08  3.99E-05
5.957E+02 3.447E-04 1.268E-08  4.47E-05
5.623E+02 3.868E-04 1.597E-08  5.02E-05
5.309E+02 4.341E-04 2.010E-08  5.63E-05
5.012E+02 4.871E-04 2.531E-08  6.32E-05
4.732E+02 5.468E-04 3.186E-08  7.08E-05
4.467E+02 6.137E-04 4.011E-08  7.95E-05
4.217E+02 6.890E-04 5.050E-08  8.91E-05
3.981E+02 7.733E-04 6.358E-08  1.00E-04
3.758E+02 8.680E-04 8.006E-08  1.12E-04
3.548E+02 9.743E-04 1.008E-07  1.26E-04
3.350E+02 1.094E-03 1.269E-07  1.41E-04
3.162E+02 1.229E-03 1.598E-07  1.58E-04
2.985E+02 1.380E-03 2.012E-07  1.77E-04
2.818E+02 1.549E-03 2.533E-07  1.99E-04
2.661E+02 1.740E-03 3.190E-07  2.23E-04
2.512E+02 1.954E-03 4.017E-07  2.50E-04
2.371E+02 2.196E-03 5.058E-07  2.80E-04
2.239E+02 2.467E-03 6.368E-07  3.14E-04
2.113E+02 2.773E-03 8.019E-07  3.52E-04
1.995E+02 3.117E-03 1.010E-06  3.94E-04
1.884E+02 3.503E-03 1.272E-06  4.42E-04
1.778E+02 3.938E-03 1.601E-06  4.95E-04
1.679E+02 4.429E-03 2.017E-06  5.54E-04
1.585E+02 4.983E-03 2.540E-06  6.20E-04
1.496E+02 5.607E-03 3.199E-06  6.94E-04
1.413E+02 6.313E-03 4.030E-06  7.76E-04
1.334E+02 7.109E-03 5.077E-06  8.68E-04
1.259E+02 8.008E-03 6.395E-06  9.70E-04
1.189E+02 9.024E-03 8.057E-06  1.08E-03
1.122E+02 1.017E-02 1.015E-05  1.21E-03
1.059E+02 1.148E-02 1.279E-05  1.35E-03
1.000E+02 1.295E-02 1.611E-05  1.50E-03
9.441E+01 1.463E-02 2.030E-05  1.67E-03
8.913E+01 1.653E-02 2.558E-05  1.86E-03
8.414E+01 1.870E-02 3.224E-05  2.07E-03
7.943E+01 2.116E-02 4.062E-05  2.29E-03
7.499E+01 2.394E-02 5.119E-05  2.54E-03
7.079E+01 2.712E-02 6.450E-05  2.80E-03
6.683E+01 3.074E-02 8.124E-05  3.09E-03
6.310E+01 3.485E-02 1.023E-04  3.40E-03
5.957E+01 3.950E-02 1.289E-04  3.73E-03
5.623E+01 4.480E-02 1.622E-04  4.08E-03
5.309E+01 5.078E-02 2.041E-04  4.46E-03
5.012E+01 5.752E-02 2.567E-04  4.86E-03
4.732E+01 6.514E-02 3.227E-04  5.28E-03
4.467E+01 7.374E-02 4.055E-04  5.72E-03
4.217E+01 8.344E-02 5.093E-04  6.19E-03
3.981E+01 9.422E-02 6.381E-04  6.69E-03
3.758E+01 1.062E-01 7.992E-04  7.22E-03
3.548E+01 1.191E-01 1.004E-03  7.82E-03
3.350E+01 1.339E-01 1.261E-03  8.45E-03
3.162E+01 1.515E-01 1.583E-03  9.08E-03
2.985E+01 1.718E-01 1.984E-03  9.73E-03
2.818E+01 1.945E-01 2.478E-03  1.04E-02
2.661E+01 2.207E-01 3.095E-03  1.11E-02
2.512E+01 2.512E-01 3.871E-03  1.18E-02
2.371E+01 2.850E-01 4.793E-03  1.26E-02
2.239E+01 3.246E-01 5.934E-03  1.35E-02
2.113E+01 3.700E-01 7.236E-03  1.43E-02
1.995E+01 4.233E-01 8.711E-03  1.52E-02
1.884E+01 4.682E-01 9.681E-03  1.64E-02
1.778E+01 4.681E-01 9.876E-03  1.86E-02
1.679E+01 4.269E-01 9.955E-03  2.17E-02
1.585E+01 3.692E-01 1.087E-02  2.56E-02
1.496E+01 3.200E-01 1.361E-02  3.06E-02
1.413E+01 2.987E-01 1.987E-02  3.71E-02
1.334E+01 3.711E-01 3.113E-02  4.33E-02
1.259E+01 5.010E-01 4.518E-02  4.66E-02
1.189E+01 6.668E-01 6.208E-02  4.72E-02
1.122E+01 8.505E-01 8.071E-02  4.70E-02
1.059E+01 1.072E+00 1.021E-01  4.66E-02
1.000E+01 1.200E+00 1.050E-01  4.95E-02
9.441E+00 1.215E+00 9.518E-02  5.46E-02
8.913E+00 8.704E-01 4.817E-02  6.44E-02
8.414E+00 5.856E-01 2.461E-02  7.52E-02
7.943E+00 2.918E-01 1.279E-02  8.68E-02
7.499E+00 1.425E-01 2.914E-02  1.02E-01
7.079E+00 1.201E-01 6.014E-02  1.19E-01
6.683E+00 1.252E-01 9.607E-02  1.37E-01
6.310E+00 1.303E-01 1.386E-01  1.57E-01
5.957E+00 1.332E-01 1.909E-01  1.80E-01
5.623E+00 1.371E-01 2.550E-01  2.07E-01
5.309E+00 1.434E-01 3.325E-01  2.38E-01
5.012E+00 1.523E-01 4.246E-01  2.74E-01
4.732E+00 1.643E-01 5.312E-01  3.18E-01
4.467E+00 1.797E-01 6.540E-01  3.69E-01
4.217E+00 1.996E-01 7.960E-01  4.27E-01
3.981E+00 2.245E-01 9.665E-01  4.89E-01
3.758E+00 2.550E-01 1.182E+00  5.48E-01
3.548E+00 2.887E-01 1.458E+00  5.89E-01
3.350E+00 3.163E-01 1.781E+00  6.05E-01
3.162E+00 3.257E-01 2.088E+00  5.98E-01
2.985E+00 3.196E-01 2.304E+00  5.86E-01
2.818E+00 3.142E-01 2.436E+00  5.85E-01
2.661E+00 3.275E-01 2.567E+00  6.02E-01
2.512E+00 3.708E-01 2.800E+00  6.39E-01
2.371E+00 4.326E-01 3.189E+00  6.82E-01
2.239E+00 4.582E-01 3.541E+00  7.04E-01
2.113E+00 4.360E-01 3.585E+00  6.99E-01
1.995E+00 4.269E-01 3.469E+00  6.80E-01
1.884E+00 4.789E-01 3.497E+00  6.70E-01
1.778E+00 5.611E-01 3.783E+00  6.93E-01
1.679E+00 5.357E-01 3.715E+00  7.10E-01
1.585E+00 5.172E-01 3.305E+00  6.93E-01
1.496E+00 6.048E-01 3.087E+00  6.50E-01
1.413E+00 6.476E-01 3.096E+00  6.57E-01
1.334E+00 5.836E-01 2.620E+00  6.45E-01
1.259E+00 6.739E-01 2.154E+00  5.81E-01
1.189E+00 7.073E-01 2.040E+00  5.73E-01
1.122E+00 6.495E-01 1.643E+00  5.28E-01
1.059E+00 8.015E-01 1.416E+00  4.88E-01
1.000E+00 7.223E-01 1.396E+00  5.27E-01
9.441E-01 8.088E-01 1.252E+00  5.28E-01
8.913E-01 7.780E-01 1.478E+00  6.40E-01
8.414E-01 8.356E-01 1.537E+00  7.06E-01
7.943E-01 8.092E-01 1.854E+00  7.66E-01
7.499E-01 8.083E-01 1.923E+00  8.22E-01
7.079E-01 8.089E-01 2.026E+00  8.34E-01
6.683E-01 8.369E-01 2.006E+00  8.36E-01
6.310E-01 8.153E-01 1.782E+00  8.35E-01
5.957E-01 8.338E-01 1.538E+00  8.09E-01
5.623E-01 8.321E-01 1.369E+00  7.92E-01
5.309E-01 8.437E-01 1.345E+00  7.86E-01
5.012E-01 8.669E-01 1.450E+00  8.13E-01
4.732E-01 8.862E-01 1.601E+00  8.41E-01
4.467E-01 8.973E-01 1.657E+00  8.54E-01
4.217E-01 9.040E-01 1.541E+00  8.53E-01
3.981E-01 9.077E-01 1.348E+00  8.46E-01
3.758E-01 9.166E-01 1.274E+00  8.52E-01
3.548E-01 9.323E-01 1.388E+00  8.73E-01
3.350E-01 9.319E-01 1.471E+00  8.81E-01
3.162E-01 9.407E-01 1.327E+00  8.74E-01
2.985E-01 9.392E-01 1.259E+00  8.73E-01
2.818E-01 9.525E-01 1.369E+00  8.90E-01
2.661E-01 9.553E-01 1.304E+00  8.88E-01
2.512E-01 9.533E-01 1.263E+00  8.87E-01
2.371E-01 9.395E-01 1.327E+00  8.91E-01
2.239E-01 9.556E-01 1.264E+00  8.92E-01
2.113E-01 9.879E-01 1.213E+00  9.00E-01
1.995E-01 9.901E-01 1.220E+00  9.03E-01
1.884E-01 9.786E-01 1.221E+00  8.98E-01
1.778E-01 9.639E-01 1.227E+00  8.92E-01
1.679E-01 9.479E-01 1.236E+00  8.84E-01
1.585E-01 9.268E-01 1.251E+00  8.73E-01
1.496E-01 8.967E-01 1.280E+00  8.54E-01
1.413E-01 9.091E-01 1.264E+00  8.69E-01
1.334E-01 9.128E-01 1.252E+00  8.76E-01
1.259E-01 9.075E-01 1.252E+00  8.75E-01
1.189E-01 8.935E-01 1.262E+00  8.69E-01
1.122E-01 8.876E-01 1.262E+00  8.70E-01
1.059E-01 8.672E-01 1.280E+00  8.59E-01
1.000E-01 8.539E-01 1.288E+00  8.56E-01
9.441E-02 8.449E-01 1.291E+00  8.56E-01
8.913E-02 8.456E-01 1.281E+00  8.64E-01
8.414E-02 8.394E-01 1.283E+00  8.62E-01
7.943E-02 8.187E-01 1.299E+00  8.54E-01
7.499E-02 7.939E-01 1.317E+00  8.46E-01
7.079E-02 7.735E-01 1.330E+00  8.42E-01
6.683E-02 7.491E-01 1.346E+00  8.37E-01
6.310E-02 7.245E-01 1.361E+00  8.35E-01
5.957E-02 7.441E-01 1.328E+00  8.64E-01
5.623E-02 8.212E-01 1.242E+00  9.13E-01
5.309E-02 8.513E-01 1.207E+00  9.30E-01
5.012E-02 8.703E-01 1.183E+00  9.42E-01
4.732E-02 8.830E-01 1.167E+00  9.50E-01
4.467E-02 8.921E-01 1.155E+00  9.55E-01
4.217E-02 8.991E-01 1.145E+00  9.60E-01
3.981E-02 9.047E-01 1.136E+00  9.64E-01
3.758E-02 9.094E-01 1.129E+00  9.68E-01
3.548E-02 9.134E-01 1.122E+00  9.71E-01
3.350E-02 9.172E-01 1.116E+00  9.74E-01
3.162E-02 9.206E-01 1.110E+00  9.76E-01
2.985E-02 9.240E-01 1.104E+00  9.79E-01
2.818E-02 9.273E-01 1.098E+00  9.81E-01
2.661E-02 9.307E-01 1.092E+00  9.83E-01
2.512E-02 9.343E-01 1.086E+00  9.85E-01
2.371E-02 9.386E-01 1.080E+00  9.87E-01
2.239E-02 9.437E-01 1.073E+00  9.89E-01
2.113E-02 9.470E-01 1.068E+00  9.90E-01
1.995E-02 9.516E-01 1.061E+00  9.92E-01
1.884E-02 9.572E-01 1.055E+00  9.93E-01
1.778E-02 9.568E-01 1.054E+00  9.93E-01
1.679E-02 9.584E-01 1.051E+00  9.94E-01
1.585E-02 9.605E-01 1.047E+00  9.95E-01
1.496E-02 9.626E-01 1.044E+00  9.96E-01
1.413E-02 9.650E-01 1.040E+00  9.96E-01
1.334E-02 9.691E-01 1.034E+00  9.97E-01
1.259E-02 9.703E-01 1.033E+00  9.97E-01
1.189E-02 9.707E-01 1.031E+00  9.97E-01
1.122E-02 9.734E-01 1.027E+00  9.98E-01
1.059E-02 9.819E-01 1.018E+00  9.98E-01
1.000E-02 9.772E-01 1.023E+00  9.98E-01
9.441E-03 9.764E-01 1.023E+00  9.98E-01
8.913E-03 9.764E-01 1.023E+00  9.99E-01
8.414E-03 9.766E-01 1.021E+00  9.99E-01
7.943E-03 9.771E-01 1.020E+00  9.99E-01
7.499E-03 9.780E-01 1.018E+00  9.99E-01
7.079E-03 9.789E-01 1.017E+00  9.99E-01
6.683E-03 9.788E-01 1.016E+00  9.99E-01
6.310E-03 9.788E-01 1.016E+00  9.99E-01
5.957E-03 9.787E-01 1.015E+00  9.99E-01
5.623E-03 9.784E-01 1.015E+00  1.00E+00
5.309E-03 9.803E-01 1.020E+00  1.00E+00
5.012E-03 9.792E-01 1.021E+00  1.00E+00
4.732E-03 9.775E-01 1.022E+00  9.99E-01
4.467E-03 9.752E-01 1.025E+00  9.99E-01
4.217E-03 9.721E-01 1.028E+00  9.99E-01
3.981E-03 9.679E-01 1.032E+00  9.99E-01
3.758E-03 9.625E-01 1.037E+00  9.99E-01
3.548E-03 9.553E-01 1.044E+00  9.99E-01
3.350E-03 9.460E-01 1.053E+00  9.99E-01
3.162E-03 9.342E-01 1.065E+00  9.99E-01
2.985E-03 9.196E-01 1.080E+00  9.99E-01
2.818E-03 9.007E-01 1.098E+00  9.99E-01
2.661E-03 8.768E-01 1.122E+00  1.00E+00
2.512E-03 8.491E-01 1.149E+00  1.00E+00
2.371E-03 8.174E-01 1.176E+00  1.00E+00
2.239E-03 9.576E-01 1.040E+00  1.00E+00
2.113E-03 9.478E-01 1.049E+00  1.00E+00
1.995E-03 9.350E-01 1.062E+00  1.00E+00
1.884E-03 9.186E-01 1.077E+00  1.00E+00
1.778E-03 8.980E-01 1.097E+00  1.00E+00
1.679E-03 8.728E-01 1.115E+00  1.00E+00
1.585E-03 9.444E-01 1.050E+00  1.00E+00
1.496E-03 9.288E-01 1.065E+00  1.00E+00
1.413E-03 9.250E-01 1.069E+00  1.00E+00
1.334E-03 9.052E-01 1.088E+00  1.00E+00
1.259E-03 8.809E-01 1.111E+00  1.00E+00
1.189E-03 8.517E-01 1.138E+00  1.00E+00
1.122E-03 8.162E-01 1.172E+00  1.00E+00
1.059E-03 7.757E-01 1.209E+00  1.00E+00
1.000E-03 7.301E-01 1.250E+00  1.00E+00
