1.000E+03 1.538E-05 4.010E-13  0.00E+00
9.441E+02 1.726E-05 5.048E-13  0.00E+00
8.913E+02 1.936E-05 6.355E-13  0.00E+00
8.414E+02 2.173E-05 8.000E-13  0.00E+00
7.943E+02 2.438E-05 1.007E-12  0.00E+00
7.499E+02 2.736E-05 1.268E-12  0.00E+00
7.079E+02 3.070E-05 1.596E-12  0.00E+00
6.683E+02 3.445E-05 2.010E-12  5.63E-07
6.310E+02 3.866E-05 2.530E-12  6.32E-07
5.957E+02 4.338E-05 3.185E-12  7.09E-07
5.623E+02 4.868E-05 4.010E-12  7.95E-07
5.309E+02 5.463E-05 5.049E-12  8.92E-07
5.012E+02 6.130E-05 6.357E-12  1.00E-06
4.732E+02 6.880E-05 8.003E-12  1.12E-06
4.467E+02 7.723E-05 1.007E-11  1.26E-06
4.217E+02 8.669E-05 1.268E-11  1.41E-06
3.981E+02 9.730E-05 1.597E-11  1.58E-06
3.758E+02 1.092E-04 2.011E-11  1.78E-06
3.548E+02 1.226E-04 2.532E-11  1.99E-06
3.350E+02 1.376E-04 3.187E-11  2.23E-06
3.162E+02 1.545E-04 4.012E-11  2.51E-06
2.985E+02 1.735E-04 5.052E-11  2.81E-06
2.818E+02 1.948E-04 6.361E-11  3.15E-06
2.661E+02 2.187E-04 8.010E-11  3.53E-06
2.512E+02 2.456E-04 1.009E-10  3.96E-06
2.371E+02 2.759E-04 1.270E-10  4.44E-06
2.239E+02 3.100E-04 1.599E-10  4.97E-06
2.113E+02 3.483E-04 2.013E-10  5.57E-06
1.995E+02 3.914E-04 2.535E-10  6.24E-06
1.884E+02 4.398E-04 3.192E-10  7.00E-06
1.778E+02 4.943E-04 4.019E-10  7.83E-06
1.679E+02 5.556E-04 5.062E-10  8.77E-06
1.585E+02 6.249E-04 6.374E-10  9.82E-06
1.496E+02 7.029E-04 8.027E-10  1.10E-05
1.413E+02 7.909E-04 1.011E-09  1.23E-05
1.334E+02 8.901E-04 1.273E-09  1.37E-05
1.259E+02 1.002E-03 1.604E-09  1.54E-05
1.189E+02 1.128E-03 2.020E-09  1.72E-05
1.122E+02 1.271E-03 2.545E-09  1.92E-05
1.059E+02 1.433E-03 3.205E-09  2.14E-05
1.000E+02 1.615E-03 4.037E-09  2.38E-05
9.441E+01 1.823E-03 5.085E-09  2.65E-05
8.913E+01 2.057E-03 6.405E-09  2.95E-05
8.414E+01 2.323E-03 8.068E-09  3.27E-05
7.943E+01 2.625E-03 1.016E-08  3.63E-05
7.499E+01 2.965E-03 1.280E-08  4.02E-05
7.079E+01 3.353E-03 1.612E-08  4.44E-05
6.683E+01 3.794E-03 2.029E-08  4.89E-05
6.310E+01 4.293E-03 2.554E-08  5.38E-05
5.957E+01 4.855E-03 3.214E-08  5.91E-05
5.623E+01 5.493E-03 4.042E-08  6.47E-05
5.309E+01 6.212E-03 5.081E-08  7.07E-05
5.012E+01 7.017E-03 6.385E-08  7.71E-05
4.732E+01 7.924E-03 8.016E-08  8.38E-05
4.467E+01 8.944E-03 1.006E-07  9.10E-05
4.217E+01 1.009E-02 1.262E-07  9.86E-05
3.981E+01 1.136E-02 1.579E-07  1.07E-04
3.758E+01 1.275E-02 1.974E-07  1.15E-04
3.548E+01 1.425E-02 2.475E-07  1.25E-04
3.350E+01 1.595E-02 3.102E-07  1.35E-04
3.162E+01 1.797E-02 3.886E-07  1.46E-04
2.985E+01 2.030E-02 4.861E-07  1.56E-04
2.818E+01 2.289E-02 6.058E-07  1.67E-04
2.661E+01 2.587E-02 7.551E-07  1.79E-04
2.512E+01 2.932E-02 9.422E-07  1.91E-04
2.371E+01 3.316E-02 1.164E-06  2.04E-04
2.239E+01 3.764E-02 1.439E-06  2.18E-04
2.113E+01 4.284E-02 1.755E-06  2.32E-04
1.995E+01 4.903E-02 2.115E-06  2.46E-04
1.884E+01 5.451E-02 2.364E-06  2.65E-04
1.778E+01 5.473E-02 2.428E-06  2.98E-04
1.679E+01 4.981E-02 2.455E-06  3.47E-04
1.585E+01 4.260E-02 2.674E-06  4.10E-04
1.496E+01 3.614E-02 3.319E-06  4.89E-04
1.413E+01 3.257E-02 4.766E-06  5.94E-04
1.334E+01 3.894E-02 7.349E-06  6.95E-04
1.259E+01 5.145E-02 1.059E-05  7.52E-04
1.189E+01 6.839E-02 1.462E-05  7.68E-04
1.122E+01 8.892E-02 1.936E-05  7.63E-04
1.059E+01 1.174E-01 2.555E-05  7.41E-04
1.000E+01 1.424E-01 2.849E-05  7.61E-04
9.441E+00 1.588E-01 2.864E-05  8.11E-04
8.913E+00 1.179E-01 1.526E-05  9.55E-04
8.414E+00 7.621E-02 7.640E-06  1.13E-03
7.943E+00 3.541E-02 3.785E-06  1.34E-03
7.499E+00 1.574E-02 8.097E-06  1.60E-03
7.079E+00 1.240E-02 1.619E-05  1.88E-03
6.683E+00 1.229E-02 2.556E-05  2.17E-03
6.310E+00 1.223E-02 3.682E-05  2.48E-03
5.957E+00 1.196E-02 5.096E-05  2.82E-03
5.623E+00 1.178E-02 6.893E-05  3.20E-03
5.309E+00 1.178E-02 9.184E-05  3.62E-03
5.012E+00 1.195E-02 1.210E-04  4.10E-03
4.732E+00 1.227E-02 1.580E-04  4.63E-03
4.467E+00 1.269E-02 2.049E-04  5.22E-03
4.217E+00 1.319E-02 2.642E-04  5.88E-03
3.981E+00 1.371E-02 3.390E-04  6.62E-03
3.758E+00 1.422E-02 4.338E-04  7.45E-03
3.548E+00 1.479E-02 5.535E-04  8.37E-03
3.350E+00 1.537E-02 7.045E-04  9.41E-03
3.162E+00 1.590E-02 8.957E-04  1.06E-02
2.985E+00 1.651E-02 1.138E-03  1.19E-02
2.818E+00 1.719E-02 1.444E-03  1.33E-02
2.661E+00 1.794E-02 1.831E-03  1.50E-02
2.512E+00 1.875E-02 2.320E-03  1.68E-02
2.371E+00 1.966E-02 2.937E-03  1.89E-02
2.239E+00 2.063E-02 3.717E-03  2.12E-02
2.113E+00 2.170E-02 4.700E-03  2.37E-02
1.995E+00 2.287E-02 5.943E-03  2.66E-02
1.884E+00 2.414E-02 7.515E-03  2.99E-02
1.778E+00 2.553E-02 9.502E-03  3.35E-02
1.679E+00 2.711E-02 1.201E-02  3.75E-02
1.585E+00 2.888E-02 1.517E-02  4.21E-02
1.496E+00 3.080E-02 1.917E-02  4.72E-02
1.413E+00 3.290E-02 2.422E-02  5.29E-02
1.334E+00 3.520E-02 3.060E-02  5.93E-02
1.259E+00 3.774E-02 3.866E-02  6.64E-02
1.189E+00 4.066E-02 4.884E-02  7.45E-02
1.122E+00 4.391E-02 6.168E-02  8.36E-02
1.059E+00 4.752E-02 7.782E-02  9.38E-02
1.000E+00 5.154E-02 9.807E-02  1.05E-01
9.441E-01 5.603E-02 1.234E-01  1.18E-01
8.913E-01 6.102E-02 1.549E-01  1.33E-01
8.414E-01 6.655E-02 1.941E-01  1.50E-01
7.943E-01 7.269E-02 2.422E-01  1.70E-01
7.499E-01 7.952E-02 3.009E-01  1.93E-01
7.079E-01 8.714E-02 3.714E-01  2.19E-01
6.683E-01 9.574E-02 4.547E-01  2.51E-01
6.310E-01 1.057E-01 5.524E-01  2.88E-01
5.957E-01 1.174E-01 6.655E-01  3.32E-01
5.623E-01 1.316E-01 7.967E-01  3.84E-01
5.309E-01 1.498E-01 9.526E-01  4.43E-01
5.012E-01 1.731E-01 1.147E+00  5.04E-01
4.732E-01 2.023E-01 1.403E+00  5.58E-01
4.467E-01 2.338E-01 1.734E+00  5.91E-01
4.217E-01 2.575E-01 2.107E+00  5.95E-01
3.981E-01 2.634E-01 2.413E+00  5.80E-01
3.758E-01 2.567E-01 2.588E+00  5.66E-01
3.548E-01 2.567E-01 2.688E+00  5.67E-01
3.350E-01 2.814E-01 2.844E+00  5.91E-01
3.162E-01 3.422E-01 3.202E+00  6.36E-01
2.985E-01 4.075E-01 3.753E+00  6.76E-01
2.818E-01 4.003E-01 3.970E+00  6.80E-01
2.661E-01 3.693E-01 3.755E+00  6.50E-01
2.512E-01 4.046E-01 3.598E+00  6.09E-01
2.371E-01 5.254E-01 3.992E+00  6.15E-01
2.239E-01 4.934E-01 3.549E+00  6.30E-01
2.113E-01 6.502E-01 2.484E+00  5.38E-01
1.995E-01 9.944E-01 1.966E+00  4.99E-01
1.884E-01 1.133E+00 1.304E+00  5.31E-01
1.778E-01 1.313E+00 1.061E+00  6.62E-01
1.679E-01 1.391E+00 1.225E+00  7.98E-01
1.585E-01 1.348E+00 1.360E+00  8.20E-01
1.496E-01 1.299E+00 1.335E+00  7.98E-01
1.413E-01 1.304E+00 1.298E+00  8.17E-01
1.334E-01 1.296E+00 1.286E+00  8.28E-01
1.259E-01 1.275E+00 1.287E+00  8.32E-01
1.189E-01 1.245E+00 1.299E+00  8.29E-01
1.122E-01 1.226E+00 1.300E+00  8.33E-01
1.059E-01 1.192E+00 1.325E+00  8.26E-01
1.000E-01 1.167E+00 1.333E+00  8.27E-01
9.441E-02 1.144E+00 1.333E+00  8.30E-01
8.913E-02 1.127E+00 1.313E+00  8.39E-01
8.414E-02 1.109E+00 1.318E+00  8.40E-01
7.943E-02 1.073E+00 1.340E+00  8.35E-01
7.499E-02 1.027E+00 1.361E+00  8.29E-01
7.079E-02 9.804E-01 1.373E+00  8.26E-01
6.683E-02 9.231E-01 1.387E+00  8.23E-01
6.310E-02 8.549E-01 1.395E+00  8.22E-01
5.957E-02 8.259E-01 1.336E+00  8.50E-01
5.623E-02 8.905E-01 1.209E+00  8.98E-01
5.309E-02 9.150E-01 1.158E+00  9.16E-01
5.012E-02 9.286E-01 1.125E+00  9.28E-01
4.732E-02 9.355E-01 1.103E+00  9.37E-01
4.467E-02 9.387E-01 1.087E+00  9.44E-01
4.217E-02 9.396E-01 1.075E+00  9.49E-01
3.981E-02 9.389E-01 1.066E+00  9.54E-01
3.758E-02 9.372E-01 1.058E+00  9.58E-01
3.548E-02 9.348E-01 1.052E+00  9.62E-01
3.350E-02 9.321E-01 1.047E+00  9.66E-01
3.162E-02 9.291E-01 1.043E+00  9.69E-01
2.985E-02 9.261E-01 1.039E+00  9.72E-01
2.818E-02 9.230E-01 1.037E+00  9.75E-01
2.661E-02 9.201E-01 1.036E+00  9.78E-01
2.512E-02 9.172E-01 1.035E+00  9.81E-01
2.371E-02 9.151E-01 1.034E+00  9.83E-01
2.239E-02 9.171E-01 1.028E+00  9.85E-01
2.113E-02 9.153E-01 1.029E+00  9.87E-01
1.995E-02 9.151E-01 1.025E+00  9.89E-01
1.884E-02 9.243E-01 1.005E+00  9.90E-01
1.778E-02 9.176E-01 1.023E+00  9.91E-01
1.679E-02 9.135E-01 1.032E+00  9.92E-01
1.585E-02 9.099E-01 1.039E+00  9.93E-01
1.496E-02 9.060E-01 1.046E+00  9.94E-01
1.413E-02 9.015E-01 1.051E+00  9.95E-01
1.334E-02 9.043E-01 1.027E+00  9.96E-01
1.259E-02 9.026E-01 1.033E+00  9.96E-01
1.189E-02 8.939E-01 1.054E+00  9.97E-01
1.122E-02 8.860E-01 1.040E+00  9.97E-01
1.059E-02 9.208E-01 9.106E-01  9.97E-01
1.000E-02 9.063E-01 1.011E+00  9.98E-01
9.441E-03 8.948E-01 1.051E+00  9.98E-01
8.913E-03 8.824E-01 1.080E+00  9.98E-01
8.414E-03 8.683E-01 1.106E+00  9.98E-01
7.943E-03 8.520E-01 1.125E+00  9.99E-01
7.499E-03 8.337E-01 1.126E+00  9.99E-01
7.079E-03 8.332E-01 1.125E+00  9.99E-01
6.683E-03 8.113E-01 1.152E+00  9.99E-01
6.310E-03 7.868E-01 1.170E+00  9.99E-01
5.957E-03 7.602E-01 1.180E+00  9.99E-01
5.623E-03 7.303E-01 1.183E+00  9.99E-01
5.309E-03 6.985E-01 1.176E+00  9.99E-01
5.012E-03 6.650E-01 1.161E+00  1.00E+00
4.732E-03 6.298E-01 1.139E+00  1.00E+00
4.467E-03 5.933E-01 1.108E+00  1.00E+00
4.217E-03 5.561E-01 1.069E+00  1.00E+00
3.981E-03 5.184E-01 1.024E+00  1.00E+00
3.758E-03 4.806E-01 9.734E-01  1.00E+00
3.548E-03 4.431E-01 9.164E-01  1.00E+00
3.350E-03 4.064E-01 8.556E-01  1.00E+00
3.162E-03 3.710E-01 7.917E-01  1.00E+00
2.985E-03 3.376E-01 7.270E-01  1.00E+00
2.818E-03 3.044E-01 6.556E-01  1.00E+00
2.661E-03 2.723E-01 5.807E-01  1.00E+00
2.512E-03 2.435E-01 4.895E-01  1.00E+00
2.371E-03 2.170E-01 3.021E-01  1.00E+00
2.239E-03 4.328E-01 3.561E-01  1.00E+00
2.113E-03 3.985E-01 3.751E-01  1.00E+00
1.995E-03 3.638E-01 3.701E-01  1.00E+00
1.884E-03 3.296E-01 3.429E-01  1.00E+00
1.778E-03 2.967E-01 3.025E-01  1.00E+00
1.679E-03 2.653E-01 1.948E-01  1.00E+00
1.585E-03 3.859E-01 2.717E-01  1.00E+00
1.496E-03 3.483E-01 2.622E-01  1.00E+00
1.413E-03 3.404E-01 2.690E-01  1.00E+00
1.334E-03 3.063E-01 2.613E-01  1.00E+00
1.259E-03 2.742E-01 2.469E-01  1.00E+00
1.189E-03 2.442E-01 2.310E-01  1.00E+00
1.122E-03 2.155E-01 2.134E-01  1.00E+00
1.059E-03 1.894E-01 1.948E-01  1.00E+00
1.000E-03 1.654E-01 1.737E-01  1.00E+00
