1.000E+03 4.863E-05 4.010E-11  2.52E-06
9.441E+02 5.457E-05 5.048E-11  2.82E-06
8.913E+02 6.123E-05 6.355E-11  3.17E-06
8.414E+02 6.871E-05 8.000E-11  3.56E-06
7.943E+02 7.710E-05 1.007E-10  3.99E-06
7.499E+02 8.652E-05 1.268E-10  4.47E-06
7.079E+02 9.709E-05 1.596E-10  5.02E-06
6.683E+02 1.089E-04 2.010E-10  5.63E-06
6.310E+02 1.223E-04 2.530E-10  6.32E-06
5.957E+02 1.372E-04 3.185E-10  7.09E-06
5.623E+02 1.539E-04 4.010E-10  7.95E-06
5.309E+02 1.728E-04 5.049E-10  8.92E-06
5.012E+02 1.939E-04 6.357E-10  1.00E-05
4.732E+02 2.176E-04 8.003E-10  1.12E-05
4.467E+02 2.442E-04 1.008E-09  1.26E-05
4.217E+02 2.742E-04 1.268E-09  1.41E-05
3.981E+02 3.077E-04 1.597E-09  1.58E-05
3.758E+02 3.453E-04 2.011E-09  1.78E-05
3.548E+02 3.876E-04 2.532E-09  1.99E-05
3.350E+02 4.352E-04 3.187E-09  2.23E-05
3.162E+02 4.887E-04 4.013E-09  2.51E-05
2.985E+02 5.488E-04 5.052E-09  2.81E-05
2.818E+02 6.161E-04 6.361E-09  3.15E-05
2.661E+02 6.918E-04 8.010E-09  3.53E-05
2.512E+02 7.769E-04 1.009E-08  3.96E-05
2.371E+02 8.728E-04 1.270E-08  4.44E-05
2.239E+02 9.806E-04 1.599E-08  4.98E-05
2.113E+02 1.102E-03 2.013E-08  5.57E-05
1.995E+02 1.238E-03 2.535E-08  6.24E-05
1.884E+02 1.391E-03 3.192E-08  7.00E-05
1.778E+02 1.564E-03 4.020E-08  7.84E-05
1.679E+02 1.758E-03 5.062E-08  8.77E-05
1.585E+02 1.977E-03 6.375E-08  9.82E-05
1.496E+02 2.224E-03 8.029E-08  1.10E-04
1.413E+02 2.503E-03 1.011E-07  1.23E-04
1.334E+02 2.817E-03 1.274E-07  1.37E-04
1.259E+02 3.171E-03 1.604E-07  1.54E-04
1.189E+02 3.572E-03 2.021E-07  1.72E-04
1.122E+02 4.023E-03 2.546E-07  1.92E-04
1.059E+02 4.536E-03 3.206E-07  2.14E-04
1.000E+02 5.115E-03 4.039E-07  2.38E-04
9.441E+01 5.772E-03 5.087E-07  2.65E-04
8.913E+01 6.516E-03 6.408E-07  2.95E-04
8.414E+01 7.360E-03 8.072E-07  3.27E-04
7.943E+01 8.319E-03 1.017E-06  3.63E-04
7.499E+01 9.398E-03 1.281E-06  4.02E-04
7.079E+01 1.063E-02 1.613E-06  4.44E-04
6.683E+01 1.203E-02 2.031E-06  4.89E-04
6.310E+01 1.362E-02 2.556E-06  5.38E-04
5.957E+01 1.541E-02 3.217E-06  5.91E-04
5.623E+01 1.744E-02 4.047E-06  6.47E-04
5.309E+01 1.973E-02 5.088E-06  7.07E-04
5.012E+01 2.229E-02 6.394E-06  7.71E-04
4.732E+01 2.518E-02 8.030E-06  8.38E-04
4.467E+01 2.844E-02 1.008E-05  9.09E-04
4.217E+01 3.209E-02 1.264E-05  9.85E-04
3.981E+01 3.614E-02 1.582E-05  1.06E-03
3.758E+01 4.061E-02 1.979E-05  1.15E-03
3.548E+01 4.540E-02 2.482E-05  1.25E-03
3.350E+01 5.086E-02 3.112E-05  1.35E-03
3.162E+01 5.734E-02 3.900E-05  1.45E-03
2.985E+01 6.479E-02 4.880E-05  1.56E-03
2.818E+01 7.311E-02 6.083E-05  1.67E-03
2.661E+01 8.269E-02 7.586E-05  1.79E-03
2.512E+01 9.380E-02 9.469E-05  1.91E-03
2.371E+01 1.061E-01 1.171E-04  2.04E-03
2.239E+01 1.206E-01 1.448E-04  2.17E-03
2.113E+01 1.373E-01 1.765E-04  2.31E-03
1.995E+01 1.571E-01 2.128E-04  2.45E-03
1.884E+01 1.746E-01 2.377E-04  2.64E-03
1.778E+01 1.753E-01 2.439E-04  2.97E-03
1.679E+01 1.596E-01 2.466E-04  3.46E-03
1.585E+01 1.367E-01 2.686E-04  4.09E-03
1.496E+01 1.163E-01 3.339E-04  4.88E-03
1.413E+01 1.054E-01 4.806E-04  5.92E-03
1.334E+01 1.268E-01 7.433E-04  6.93E-03
1.259E+01 1.684E-01 1.074E-03  7.48E-03
1.189E+01 2.243E-01 1.484E-03  7.62E-03
1.122E+01 2.916E-01 1.965E-03  7.57E-03
1.059E+01 3.838E-01 2.588E-03  7.36E-03
1.000E+01 4.613E-01 2.861E-03  7.59E-03
9.441E+00 5.074E-01 2.836E-03  8.14E-03
8.913E+00 3.729E-01 1.492E-03  9.60E-03
8.414E+00 2.417E-01 7.468E-04  1.14E-02
7.943E+00 1.132E-01 3.716E-04  1.34E-02
7.499E+00 5.108E-02 8.022E-04  1.60E-02
7.079E+00 4.074E-02 1.614E-03  1.87E-02
6.683E+00 4.080E-02 2.560E-03  2.15E-02
6.310E+00 4.100E-02 3.700E-03  2.46E-02
5.957E+00 4.052E-02 5.138E-03  2.80E-02
5.623E+00 4.037E-02 6.972E-03  3.17E-02
5.309E+00 4.088E-02 9.320E-03  3.59E-02
5.012E+00 4.202E-02 1.232E-02  4.05E-02
4.732E+00 4.376E-02 1.614E-02  4.57E-02
4.467E+00 4.594E-02 2.100E-02  5.15E-02
4.217E+00 4.857E-02 2.716E-02  5.80E-02
3.981E+00 5.138E-02 3.496E-02  6.53E-02
3.758E+00 5.438E-02 4.486E-02  7.34E-02
3.548E+00 5.771E-02 5.736E-02  8.26E-02
3.350E+00 6.133E-02 7.312E-02  9.28E-02
3.162E+00 6.500E-02 9.300E-02  1.04E-01
2.985E+00 6.920E-02 1.180E-01  1.18E-01
2.818E+00 7.400E-02 1.492E-01  1.33E-01
2.661E+00 7.936E-02 1.881E-01  1.50E-01
2.512E+00 8.537E-02 2.357E-01  1.69E-01
2.371E+00 9.216E-02 2.938E-01  1.92E-01
2.239E+00 9.971E-02 3.635E-01  2.19E-01
2.113E+00 1.082E-01 4.457E-01  2.50E-01
1.995E+00 1.180E-01 5.416E-01  2.87E-01
1.884E+00 1.295E-01 6.521E-01  3.31E-01
1.778E+00 1.436E-01 7.793E-01  3.82E-01
1.679E+00 1.616E-01 9.284E-01  4.41E-01
1.585E+00 1.848E-01 1.111E+00  5.01E-01
1.496E+00 2.132E-01 1.346E+00  5.56E-01
1.413E+00 2.436E-01 1.646E+00  5.90E-01
1.334E+00 2.671E-01 1.983E+00  5.99E-01
1.259E+00 2.746E-01 2.274E+00  5.89E-01
1.189E+00 2.701E-01 2.453E+00  5.76E-01
1.122E+00 2.685E-01 2.551E+00  5.77E-01
1.059E+00 2.854E-01 2.666E+00  5.97E-01
1.000E+00 3.304E-01 2.904E+00  6.36E-01
9.441E-01 3.913E-01 3.309E+00  6.79E-01
8.913E-01 4.161E-01 3.652E+00  7.00E-01
8.414E-01 3.968E-01 3.664E+00  6.95E-01
7.943E-01 3.918E-01 3.527E+00  6.75E-01
7.499E-01 4.463E-01 3.555E+00  6.65E-01
7.079E-01 5.287E-01 3.855E+00  6.89E-01
6.683E-01 5.034E-01 3.764E+00  7.07E-01
6.310E-01 4.886E-01 3.329E+00  6.87E-01
5.957E-01 5.813E-01 3.115E+00  6.40E-01
5.623E-01 6.180E-01 3.108E+00  6.49E-01
5.309E-01 5.599E-01 2.588E+00  6.34E-01
5.012E-01 6.671E-01 2.124E+00  5.60E-01
4.732E-01 6.757E-01 1.992E+00  5.53E-01
4.467E-01 6.349E-01 1.562E+00  4.99E-01
4.217E-01 7.799E-01 1.386E+00  4.82E-01
3.981E-01 6.997E-01 1.386E+00  5.20E-01
3.758E-01 8.074E-01 1.327E+00  5.68E-01
3.548E-01 7.587E-01 1.626E+00  6.80E-01
3.350E-01 7.706E-01 1.757E+00  7.54E-01
3.162E-01 7.746E-01 2.016E+00  8.08E-01
2.985E-01 7.693E-01 2.152E+00  8.13E-01
2.818E-01 7.768E-01 1.974E+00  8.30E-01
2.661E-01 7.919E-01 1.680E+00  7.82E-01
2.512E-01 7.773E-01 1.417E+00  7.42E-01
2.371E-01 7.590E-01 1.438E+00  7.41E-01
2.239E-01 7.963E-01 1.712E+00  7.94E-01
2.113E-01 9.522E-01 1.561E+00  8.39E-01
1.995E-01 1.043E+00 1.248E+00  8.50E-01
1.884E-01 1.091E+00 1.279E+00  8.76E-01
1.778E-01 1.095E+00 1.256E+00  8.80E-01
1.679E-01 1.074E+00 1.257E+00  8.74E-01
1.585E-01 1.045E+00 1.274E+00  8.64E-01
1.496E-01 1.008E+00 1.305E+00  8.46E-01
1.413E-01 1.020E+00 1.286E+00  8.62E-01
1.334E-01 1.019E+00 1.274E+00  8.69E-01
1.259E-01 1.010E+00 1.273E+00  8.69E-01
1.189E-01 9.918E-01 1.285E+00  8.64E-01
1.122E-01 9.820E-01 1.286E+00  8.65E-01
1.059E-01 9.580E-01 1.306E+00  8.55E-01
1.000E-01 9.407E-01 1.315E+00  8.53E-01
9.441E-02 9.271E-01 1.318E+00  8.54E-01
8.913E-02 9.220E-01 1.306E+00  8.61E-01
8.414E-02 9.122E-01 1.308E+00  8.60E-01
7.943E-02 8.864E-01 1.325E+00  8.53E-01
7.499E-02 8.547E-01 1.345E+00  8.45E-01
7.079E-02 8.265E-01 1.358E+00  8.41E-01
6.683E-02 7.932E-01 1.374E+00  8.36E-01
6.310E-02 7.576E-01 1.387E+00  8.35E-01
5.957E-02 7.662E-01 1.349E+00  8.63E-01
5.623E-02 8.416E-01 1.252E+00  9.11E-01
5.309E-02 8.709E-01 1.212E+00  9.28E-01
5.012E-02 8.889E-01 1.186E+00  9.40E-01
4.732E-02 9.004E-01 1.167E+00  9.48E-01
4.467E-02 9.081E-01 1.153E+00  9.54E-01
4.217E-02 9.137E-01 1.142E+00  9.58E-01
3.981E-02 9.177E-01 1.133E+00  9.62E-01
3.758E-02 9.208E-01 1.125E+00  9.66E-01
3.548E-02 9.233E-01 1.117E+00  9.69E-01
3.350E-02 9.255E-01 1.110E+00  9.72E-01
3.162E-02 9.274E-01 1.104E+00  9.75E-01
2.985E-02 9.292E-01 1.098E+00  9.77E-01
2.818E-02 9.310E-01 1.091E+00  9.80E-01
2.661E-02 9.330E-01 1.085E+00  9.82E-01
2.512E-02 9.352E-01 1.079E+00  9.84E-01
2.371E-02 9.382E-01 1.071E+00  9.86E-01
2.239E-02 9.426E-01 1.064E+00  9.88E-01
2.113E-02 9.449E-01 1.058E+00  9.90E-01
1.995E-02 9.488E-01 1.050E+00  9.91E-01
1.884E-02 9.552E-01 1.043E+00  9.92E-01
1.778E-02 9.533E-01 1.043E+00  9.93E-01
1.679E-02 9.539E-01 1.040E+00  9.94E-01
1.585E-02 9.551E-01 1.037E+00  9.94E-01
1.496E-02 9.563E-01 1.034E+00  9.95E-01
1.413E-02 9.577E-01 1.030E+00  9.96E-01
1.334E-02 9.618E-01 1.025E+00  9.97E-01
1.259E-02 9.626E-01 1.024E+00  9.97E-01
1.189E-02 9.618E-01 1.024E+00  9.97E-01
1.122E-02 9.633E-01 1.022E+00  9.98E-01
1.059E-02 9.760E-01 1.006E+00  9.98E-01
1.000E-02 9.693E-01 1.017E+00  9.98E-01
9.441E-03 9.671E-01 1.020E+00  9.98E-01
8.913E-03 9.656E-01 1.022E+00  9.98E-01
8.414E-03 9.642E-01 1.024E+00  9.99E-01
7.943E-03 9.628E-01 1.027E+00  9.99E-01
7.499E-03 9.614E-01 1.031E+00  9.99E-01
7.079E-03 9.623E-01 1.031E+00  9.99E-01
6.683E-03 9.593E-01 1.036E+00  9.99E-01
6.310E-03 9.556E-01 1.042E+00  9.99E-01
5.957E-03 9.511E-01 1.049E+00  9.99E-01
5.623E-03 9.452E-01 1.057E+00  9.99E-01
5.309E-03 9.376E-01 1.068E+00  1.00E+00
5.012E-03 9.282E-01 1.084E+00  1.00E+00
4.732E-03 9.163E-01 1.107E+00  1.00E+00
4.467E-03 9.016E-01 1.143E+00  1.00E+00
4.217E-03 8.838E-01 1.192E+00  1.00E+00
3.981E-03 8.625E-01 1.259E+00  1.00E+00
3.758E-03 8.376E-01 1.345E+00  1.00E+00
3.548E-03 8.088E-01 1.447E+00  1.00E+00
3.350E-03 7.763E-01 1.561E+00  1.00E+00
3.162E-03 7.406E-01 1.679E+00  1.00E+00
2.985E-03 7.027E-01 1.790E+00  1.00E+00
2.818E-03 6.604E-01 1.889E+00  1.00E+00
2.661E-03 6.149E-01 1.958E+00  1.00E+00
2.512E-03 5.700E-01 1.956E+00  1.00E+00
2.371E-03 5.252E-01 1.598E+00  1.00E+00
2.239E-03 8.024E-01 1.286E+00  1.00E+00
2.113E-03 7.705E-01 1.153E+00  1.00E+00
1.995E-03 7.341E-01 1.180E+00  1.00E+00
1.884E-03 6.939E-01 1.199E+00  1.00E+00
1.778E-03 6.506E-01 1.208E+00  1.00E+00
1.679E-03 6.049E-01 1.119E+00  1.00E+00
1.585E-03 7.582E-01 1.116E+00  1.00E+00
1.496E-03 7.167E-01 1.135E+00  1.00E+00
1.413E-03 7.074E-01 1.146E+00  1.00E+00
1.334E-03 6.640E-01 1.167E+00  1.00E+00
1.259E-03 6.184E-01 1.181E+00  1.00E+00
1.189E-03 5.717E-01 1.189E+00  1.00E+00
1.122E-03 5.227E-01 1.190E+00  1.00E+00
1.059E-03 4.745E-01 1.179E+00  1.00E+00
1.000E-03 4.269E-01 1.149E+00  1.00E+00
