1.000E+03 4.871E-04 4.011E-07  2.52E-04
9.441E+02 5.466E-04 5.050E-07  2.83E-04
8.913E+02 6.135E-04 6.358E-07  3.17E-04
8.414E+02 6.886E-04 8.005E-07  3.56E-04
7.943E+02 7.729E-04 1.008E-06  3.99E-04
7.499E+02 8.676E-04 1.269E-06  4.48E-04
7.079E+02 9.739E-04 1.598E-06  5.02E-04
6.683E+02 1.093E-03 2.012E-06  5.63E-04
6.310E+02 1.227E-03 2.533E-06  6.32E-04
5.957E+02 1.378E-03 3.189E-06  7.09E-04
5.623E+02 1.547E-03 4.016E-06  7.96E-04
5.309E+02 1.737E-03 5.057E-06  8.93E-04
5.012E+02 1.951E-03 6.368E-06  1.00E-03
4.732E+02 2.191E-03 8.018E-06  1.12E-03
4.467E+02 2.462E-03 1.010E-05  1.26E-03
4.217E+02 2.766E-03 1.271E-05  1.41E-03
3.981E+02 3.108E-03 1.601E-05  1.59E-03
3.758E+02 3.492E-03 2.017E-05  1.78E-03
3.548E+02 3.925E-03 2.540E-05  2.00E-03
3.350E+02 4.413E-03 3.199E-05  2.24E-03
3.162E+02 4.964E-03 4.029E-05  2.51E-03
2.985E+02 5.585E-03 5.076E-05  2.82E-03
2.818E+02 6.284E-03 6.395E-05  3.16E-03
2.661E+02 7.073E-03 8.057E-05  3.54E-03
2.512E+02 7.964E-03 1.015E-04  3.97E-03
2.371E+02 8.973E-03 1.279E-04  4.45E-03
2.239E+02 1.012E-02 1.612E-04  4.99E-03
2.113E+02 1.141E-02 2.032E-04  5.60E-03
1.995E+02 1.288E-02 2.562E-04  6.27E-03
1.884E+02 1.454E-02 3.230E-04  7.03E-03
1.778E+02 1.642E-02 4.073E-04  7.88E-03
1.679E+02 1.857E-02 5.138E-04  8.82E-03
1.585E+02 2.102E-02 6.482E-04  9.88E-03
1.496E+02 2.383E-02 8.179E-04  1.11E-02
1.413E+02 2.703E-02 1.032E-03  1.24E-02
1.334E+02 3.070E-02 1.304E-03  1.39E-02
1.259E+02 3.492E-02 1.647E-03  1.55E-02
1.189E+02 3.978E-02 2.081E-03  1.73E-02
1.122E+02 4.537E-02 2.631E-03  1.94E-02
1.059E+02 5.187E-02 3.327E-03  2.16E-02
1.000E+02 5.941E-02 4.209E-03  2.41E-02
9.441E+01 6.820E-02 5.329E-03  2.69E-02
8.913E+01 7.844E-02 6.750E-03  2.99E-02
8.414E+01 9.045E-02 8.554E-03  3.32E-02
7.943E+01 1.045E-01 1.085E-02  3.69E-02
7.499E+01 1.211E-01 1.377E-02  4.08E-02
7.079E+01 1.406E-01 1.749E-02  4.51E-02
6.683E+01 1.637E-01 2.222E-02  4.97E-02
6.310E+01 1.909E-01 2.825E-02  5.45E-02
5.957E+01 2.230E-01 3.594E-02  5.97E-02
5.623E+01 2.608E-01 4.573E-02  6.50E-02
5.309E+01 3.053E-01 5.821E-02  7.06E-02
5.012E+01 3.573E-01 7.409E-02  7.63E-02
4.732E+01 4.179E-01 9.425E-02  8.22E-02
4.467E+01 4.884E-01 1.198E-01  8.82E-02
4.217E+01 5.697E-01 1.520E-01  9.43E-02
3.981E+01 6.608E-01 1.920E-01  1.01E-01
3.758E+01 7.630E-01 2.417E-01  1.07E-01
3.548E+01 8.766E-01 3.040E-01  1.14E-01
3.350E+01 1.002E+00 3.796E-01  1.22E-01
3.162E+01 1.137E+00 4.683E-01  1.29E-01
2.985E+01 1.273E+00 5.685E-01  1.37E-01
2.818E+01 1.402E+00 6.753E-01  1.47E-01
2.661E+01 1.518E+00 7.848E-01  1.58E-01
2.512E+01 1.614E+00 8.899E-01  1.71E-01
2.371E+01 1.676E+00 9.734E-01  1.88E-01
2.239E+01 1.712E+00 1.036E+00  2.08E-01
2.113E+01 1.718E+00 1.060E+00  2.32E-01
1.995E+01 1.705E+00 1.049E+00  2.61E-01
1.884E+01 1.665E+00 9.742E-01  3.01E-01
1.778E+01 1.601E+00 8.916E-01  3.50E-01
1.679E+01 1.530E+00 8.609E-01  4.07E-01
1.585E+01 1.476E+00 9.306E-01  4.67E-01
1.496E+01 1.462E+00 1.138E+00  5.17E-01
1.413E+01 1.488E+00 1.451E+00  5.36E-01
1.334E+01 1.595E+00 1.480E+00  5.59E-01
1.259E+01 1.649E+00 1.402E+00  5.91E-01
1.189E+01 1.638E+00 1.354E+00  6.11E-01
1.122E+01 1.606E+00 1.312E+00  6.26E-01
1.059E+01 1.572E+00 1.260E+00  6.40E-01
1.000E+01 1.535E+00 1.143E+00  6.66E-01
9.441E+00 1.463E+00 9.987E-01  6.91E-01
8.913E+00 1.305E+00 7.023E-01  7.33E-01
8.414E+00 1.162E+00 4.946E-01  7.71E-01
7.943E+00 8.734E-01 3.991E-01  7.95E-01
7.499E+00 6.240E-01 1.114E+00  8.05E-01
7.079E+00 6.031E-01 2.016E+00  7.98E-01
6.683E+00 6.647E-01 2.539E+00  7.90E-01
6.310E+00 7.142E-01 2.939E+00  7.92E-01
5.957E+00 7.021E-01 3.036E+00  7.83E-01
5.623E+00 7.608E-01 3.006E+00  7.64E-01
5.309E+00 7.814E-01 2.986E+00  7.51E-01
5.012E+00 7.501E-01 2.570E+00  7.23E-01
4.732E+00 8.731E-01 2.267E+00  6.88E-01
4.467E+00 8.130E-01 1.951E+00  6.58E-01
4.217E+00 8.751E-01 1.511E+00  5.91E-01
3.981E+00 8.903E-01 1.387E+00  6.00E-01
3.758E+00 8.826E-01 1.181E+00  5.71E-01
3.548E+00 9.131E-01 1.268E+00  6.45E-01
3.350E+00 9.174E-01 1.332E+00  7.08E-01
3.162E+00 9.170E-01 1.607E+00  7.66E-01
2.985E+00 9.273E-01 1.725E+00  8.27E-01
2.818E+00 9.012E-01 1.893E+00  8.41E-01
2.661E+00 9.082E-01 1.892E+00  8.55E-01
2.512E+00 8.966E-01 1.735E+00  8.52E-01
2.371E+00 8.988E-01 1.534E+00  8.33E-01
2.239E+00 8.972E-01 1.368E+00  8.15E-01
2.113E+00 9.070E-01 1.305E+00  8.05E-01
1.995E+00 9.224E-01 1.362E+00  8.24E-01
1.884E+00 9.340E-01 1.495E+00  8.46E-01
1.778E+00 9.417E-01 1.585E+00  8.60E-01
1.679E+00 9.479E-01 1.537E+00  8.66E-01
1.585E+00 9.514E-01 1.385E+00  8.64E-01
1.496E+00 9.503E-01 1.265E+00  8.63E-01
1.413E+00 9.524E-01 1.277E+00  8.74E-01
1.334E+00 9.639E-01 1.379E+00  8.90E-01
1.259E+00 9.649E-01 1.409E+00  8.95E-01
1.189E+00 9.673E-01 1.295E+00  8.90E-01
1.122E+00 9.715E-01 1.227E+00  8.89E-01
1.059E+00 9.816E-01 1.279E+00  9.00E-01
1.000E+00 9.804E-01 1.314E+00  9.08E-01
9.441E-01 9.814E-01 1.236E+00  9.06E-01
8.913E-01 9.838E-01 1.212E+00  9.09E-01
8.414E-01 9.847E-01 1.264E+00  9.15E-01
7.943E-01 9.869E-01 1.219E+00  9.15E-01
7.499E-01 9.884E-01 1.197E+00  9.17E-01
7.079E-01 9.861E-01 1.230E+00  9.22E-01
6.683E-01 9.859E-01 1.186E+00  9.21E-01
6.310E-01 9.843E-01 1.205E+00  9.24E-01
5.957E-01 9.824E-01 1.187E+00  9.24E-01
5.623E-01 9.800E-01 1.191E+00  9.26E-01
5.309E-01 9.770E-01 1.180E+00  9.26E-01
5.012E-01 9.742E-01 1.186E+00  9.27E-01
4.732E-01 9.709E-01 1.172E+00  9.27E-01
4.467E-01 9.675E-01 1.179E+00  9.28E-01
4.217E-01 9.640E-01 1.176E+00  9.28E-01
3.981E-01 9.602E-01 1.170E+00  9.28E-01
3.758E-01 9.563E-01 1.170E+00  9.28E-01
3.548E-01 9.523E-01 1.171E+00  9.27E-01
3.350E-01 9.483E-01 1.171E+00  9.27E-01
3.162E-01 9.441E-01 1.170E+00  9.26E-01
2.985E-01 9.398E-01 1.169E+00  9.25E-01
2.818E-01 9.354E-01 1.170E+00  9.24E-01
2.661E-01 9.307E-01 1.172E+00  9.23E-01
2.512E-01 9.257E-01 1.172E+00  9.21E-01
2.371E-01 9.201E-01 1.174E+00  9.19E-01
2.239E-01 9.134E-01 1.178E+00  9.16E-01
2.113E-01 9.060E-01 1.181E+00  9.12E-01
1.995E-01 8.982E-01 1.186E+00  9.07E-01
1.884E-01 8.890E-01 1.192E+00  9.01E-01
1.778E-01 8.789E-01 1.199E+00  8.95E-01
1.679E-01 8.674E-01 1.208E+00  8.87E-01
1.585E-01 8.506E-01 1.223E+00  8.75E-01
1.496E-01 8.233E-01 1.249E+00  8.55E-01
1.413E-01 8.370E-01 1.233E+00  8.70E-01
1.334E-01 8.440E-01 1.223E+00  8.76E-01
1.259E-01 8.417E-01 1.223E+00  8.76E-01
1.189E-01 8.304E-01 1.232E+00  8.70E-01
1.122E-01 8.274E-01 1.233E+00  8.70E-01
1.059E-01 8.096E-01 1.249E+00  8.58E-01
1.000E-01 7.998E-01 1.257E+00  8.55E-01
9.441E-02 7.946E-01 1.260E+00  8.55E-01
8.913E-02 7.997E-01 1.251E+00  8.63E-01
8.414E-02 7.958E-01 1.253E+00  8.61E-01
7.943E-02 7.788E-01 1.268E+00  8.53E-01
7.499E-02 7.589E-01 1.286E+00  8.45E-01
7.079E-02 7.435E-01 1.299E+00  8.40E-01
6.683E-02 7.245E-01 1.315E+00  8.34E-01
6.310E-02 7.059E-01 1.330E+00  8.32E-01
5.957E-02 7.313E-01 1.301E+00  8.62E-01
5.623E-02 8.087E-01 1.221E+00  9.12E-01
5.309E-02 8.390E-01 1.189E+00  9.30E-01
5.012E-02 8.584E-01 1.168E+00  9.42E-01
4.732E-02 8.716E-01 1.153E+00  9.50E-01
4.467E-02 8.814E-01 1.142E+00  9.56E-01
4.217E-02 8.892E-01 1.133E+00  9.61E-01
3.981E-02 8.956E-01 1.126E+00  9.65E-01
3.758E-02 9.011E-01 1.119E+00  9.68E-01
3.548E-02 9.060E-01 1.113E+00  9.71E-01
3.350E-02 9.106E-01 1.107E+00  9.74E-01
3.162E-02 9.149E-01 1.102E+00  9.77E-01
2.985E-02 9.191E-01 1.097E+00  9.79E-01
2.818E-02 9.232E-01 1.092E+00  9.81E-01
2.661E-02 9.274E-01 1.087E+00  9.83E-01
2.512E-02 9.318E-01 1.082E+00  9.85E-01
2.371E-02 9.367E-01 1.076E+00  9.87E-01
2.239E-02 9.420E-01 1.070E+00  9.89E-01
2.113E-02 9.448E-01 1.055E+00  9.91E-01
1.995E-02 9.499E-01 1.050E+00  9.92E-01
1.884E-02 9.548E-01 1.045E+00  9.93E-01
1.778E-02 9.556E-01 1.044E+00  9.94E-01
1.679E-02 9.580E-01 1.042E+00  9.94E-01
1.585E-02 9.607E-01 1.039E+00  9.95E-01
1.496E-02 9.635E-01 1.037E+00  9.96E-01
1.413E-02 9.664E-01 1.034E+00  9.96E-01
1.334E-02 9.703E-01 1.030E+00  9.97E-01
1.259E-02 9.718E-01 1.028E+00  9.97E-01
1.189E-02 9.731E-01 1.027E+00  9.98E-01
1.122E-02 9.762E-01 1.024E+00  9.98E-01
1.059E-02 9.816E-01 1.018E+00  9.99E-01
1.000E-02 9.788E-01 1.021E+00  9.98E-01
9.441E-03 9.790E-01 1.021E+00  9.99E-01
8.913E-03 9.798E-01 1.020E+00  9.99E-01
8.414E-03 9.809E-01 1.019E+00  9.99E-01
7.943E-03 9.821E-01 1.018E+00  9.99E-01
7.499E-03 9.837E-01 1.016E+00  9.99E-01
7.079E-03 9.847E-01 1.015E+00  9.99E-01
6.683E-03 9.855E-01 1.015E+00  9.99E-01
6.310E-03 9.864E-01 1.014E+00  9.99E-01
5.957E-03 9.874E-01 1.013E+00  1.00E+00
5.623E-03 9.882E-01 1.012E+00  1.00E+00
5.309E-03 9.888E-01 1.011E+00  1.00E+00
5.012E-03 9.893E-01 1.011E+00  1.00E+00
4.732E-03 9.896E-01 1.010E+00  1.00E+00
4.467E-03 9.897E-01 1.010E+00  1.00E+00
4.217E-03 9.897E-01 1.010E+00  1.00E+00
3.981E-03 9.896E-01 1.010E+00  1.00E+00
3.758E-03 9.895E-01 1.011E+00  1.00E+00
3.548E-03 9.892E-01 1.011E+00  1.00E+00
3.350E-03 9.889E-01 1.011E+00  1.00E+00
3.162E-03 9.885E-01 1.012E+00  1.00E+00
2.985E-03 9.880E-01 1.012E+00  1.00E+00
2.818E-03 9.875E-01 1.012E+00  1.00E+00
2.661E-03 9.867E-01 1.013E+00  1.00E+00
2.512E-03 9.854E-01 1.015E+00  1.00E+00
2.371E-03 9.834E-01 1.017E+00  1.00E+00
2.239E-03 9.959E-01 1.004E+00  1.00E+00
2.113E-03 9.952E-01 1.005E+00  1.00E+00
1.995E-03 9.944E-01 1.006E+00  1.00E+00
1.884E-03 9.933E-01 1.007E+00  1.00E+00
1.778E-03 9.919E-01 1.008E+00  1.00E+00
1.679E-03 9.902E-01 1.010E+00  1.00E+00
1.585E-03 9.959E-01 1.004E+00  1.00E+00
1.496E-03 9.948E-01 1.005E+00  1.00E+00
1.413E-03 9.945E-01 1.005E+00  1.00E+00
1.334E-03 9.931E-01 1.007E+00  1.00E+00
1.259E-03 9.911E-01 1.009E+00  1.00E+00
1.189E-03 9.885E-01 1.011E+00  1.00E+00
1.122E-03 9.848E-01 1.015E+00  1.00E+00
1.059E-03 9.799E-01 1.020E+00  1.00E+00
1.000E-03 9.730E-01 1.027E+00  1.00E+00
