1.000E+03 3.445E-04 1.007E-07  1.26E-04
9.441E+02 3.866E-04 1.268E-07  1.42E-04
8.913E+02 4.339E-04 1.597E-07  1.59E-04
8.414E+02 4.870E-04 2.010E-07  1.78E-04
7.943E+02 5.465E-04 2.531E-07  2.00E-04
7.499E+02 6.134E-04 3.186E-07  2.24E-04
7.079E+02 6.884E-04 4.011E-07  2.52E-04
6.683E+02 7.726E-04 5.050E-07  2.82E-04
6.310E+02 8.672E-04 6.359E-07  3.17E-04
5.957E+02 9.733E-04 8.006E-07  3.55E-04
5.623E+02 1.093E-03 1.008E-06  3.99E-04
5.309E+02 1.226E-03 1.269E-06  4.47E-04
5.012E+02 1.377E-03 1.598E-06  5.02E-04
4.732E+02 1.546E-03 2.012E-06  5.63E-04
4.467E+02 1.736E-03 2.533E-06  6.31E-04
4.217E+02 1.949E-03 3.190E-06  7.08E-04
3.981E+02 2.189E-03 4.017E-06  7.94E-04
3.758E+02 2.458E-03 5.058E-06  8.91E-04
3.548E+02 2.761E-03 6.370E-06  1.00E-03
3.350E+02 3.103E-03 8.021E-06  1.12E-03
3.162E+02 3.487E-03 1.010E-05  1.26E-03
2.985E+02 3.919E-03 1.272E-05  1.41E-03
2.818E+02 4.405E-03 1.602E-05  1.58E-03
2.661E+02 4.952E-03 2.018E-05  1.77E-03
2.512E+02 5.568E-03 2.542E-05  1.99E-03
2.371E+02 6.264E-03 3.202E-05  2.23E-03
2.239E+02 7.050E-03 4.033E-05  2.50E-03
2.113E+02 7.937E-03 5.080E-05  2.80E-03
1.995E+02 8.938E-03 6.400E-05  3.14E-03
1.884E+02 1.007E-02 8.065E-05  3.51E-03
1.778E+02 1.134E-02 1.016E-04  3.94E-03
1.679E+02 1.279E-02 1.281E-04  4.41E-03
1.585E+02 1.443E-02 1.615E-04  4.94E-03
1.496E+02 1.629E-02 2.035E-04  5.53E-03
1.413E+02 1.841E-02 2.566E-04  6.18E-03
1.334E+02 2.082E-02 3.236E-04  6.92E-03
1.259E+02 2.355E-02 4.082E-04  7.73E-03
1.189E+02 2.668E-02 5.150E-04  8.64E-03
1.122E+02 3.023E-02 6.499E-04  9.65E-03
1.059E+02 3.433E-02 8.202E-04  1.08E-02
1.000E+02 3.901E-02 1.036E-03  1.20E-02
9.441E+01 4.440E-02 1.308E-03  1.34E-02
8.913E+01 5.060E-02 1.652E-03  1.49E-02
8.414E+01 5.774E-02 2.087E-03  1.65E-02
7.943E+01 6.600E-02 2.638E-03  1.83E-02
7.499E+01 7.550E-02 3.336E-03  2.03E-02
7.079E+01 8.655E-02 4.218E-03  2.24E-02
6.683E+01 9.938E-02 5.336E-03  2.47E-02
6.310E+01 1.142E-01 6.752E-03  2.71E-02
5.957E+01 1.314E-01 8.545E-03  2.97E-02
5.623E+01 1.513E-01 1.082E-02  3.24E-02
5.309E+01 1.743E-01 1.369E-02  3.53E-02
5.012E+01 2.007E-01 1.733E-02  3.84E-02
4.732E+01 2.313E-01 2.194E-02  4.15E-02
4.467E+01 2.665E-01 2.776E-02  4.48E-02
4.217E+01 3.070E-01 3.513E-02  4.82E-02
3.981E+01 3.527E-01 4.434E-02  5.18E-02
3.758E+01 4.046E-01 5.594E-02  5.56E-02
3.548E+01 4.627E-01 7.078E-02  5.98E-02
3.350E+01 5.299E-01 8.950E-02  6.42E-02
3.162E+01 6.088E-01 1.129E-01  6.84E-02
2.985E+01 6.986E-01 1.418E-01  7.28E-02
2.818E+01 7.967E-01 1.767E-01  7.77E-02
2.661E+01 9.058E-01 2.189E-01  8.29E-02
2.512E+01 1.025E+00 2.695E-01  8.84E-02
2.371E+01 1.145E+00 3.247E-01  9.53E-02
2.239E+01 1.267E+00 3.860E-01  1.03E-01
2.113E+01 1.378E+00 4.433E-01  1.12E-01
1.995E+01 1.474E+00 4.912E-01  1.23E-01
1.884E+01 1.500E+00 4.937E-01  1.39E-01
1.778E+01 1.435E+00 4.670E-01  1.61E-01
1.679E+01 1.325E+00 4.547E-01  1.91E-01
1.585E+01 1.221E+00 4.949E-01  2.29E-01
1.496E+01 1.177E+00 6.235E-01  2.78E-01
1.413E+01 1.278E+00 8.997E-01  3.43E-01
1.334E+01 1.549E+00 1.186E+00  3.74E-01
1.259E+01 1.642E+00 1.253E+00  3.75E-01
1.189E+01 1.646E+00 1.213E+00  3.88E-01
1.122E+01 1.642E+00 1.149E+00  4.21E-01
1.059E+01 1.649E+00 1.079E+00  4.61E-01
1.000E+01 1.622E+00 9.426E-01  5.06E-01
9.441E+00 1.534E+00 7.876E-01  5.41E-01
8.913E+00 1.290E+00 4.932E-01  5.76E-01
8.414E+00 1.070E+00 3.110E-01  6.23E-01
7.943E+00 7.150E-01 2.142E-01  6.70E-01
7.499E+00 4.645E-01 5.876E-01  6.97E-01
7.079E+00 4.364E-01 1.184E+00  6.84E-01
6.683E+00 4.704E-01 1.642E+00  6.93E-01
6.310E+00 5.221E-01 2.077E+00  7.24E-01
5.957E+00 5.583E-01 2.552E+00  7.47E-01
5.623E+00 5.518E-01 2.880E+00  7.44E-01
5.309E+00 5.532E-01 3.022E+00  7.30E-01
5.012E+00 6.165E-01 3.224E+00  7.29E-01
4.732E+00 6.621E-01 3.462E+00  7.44E-01
4.467E+00 6.335E-01 3.314E+00  7.41E-01
4.217E+00 6.777E-01 3.044E+00  7.14E-01
3.981E+00 7.732E-01 3.035E+00  7.02E-01
3.758E+00 7.106E-01 2.727E+00  6.94E-01
3.548E+00 7.514E-01 2.233E+00  6.50E-01
3.350E+00 8.402E-01 2.072E+00  6.29E-01
3.162E+00 7.526E-01 1.719E+00  5.88E-01
2.985E+00 8.746E-01 1.403E+00  5.33E-01
2.818E+00 8.178E-01 1.358E+00  5.61E-01
2.661E+00 8.633E-01 1.195E+00  5.50E-01
2.512E+00 8.521E-01 1.378E+00  6.49E-01
2.371E+00 8.874E-01 1.444E+00  7.13E-01
2.239E+00 8.688E-01 1.748E+00  7.71E-01
2.113E+00 8.696E-01 1.835E+00  8.27E-01
1.995E+00 8.569E-01 1.960E+00  8.39E-01
1.884E+00 8.750E-01 1.947E+00  8.45E-01
1.778E+00 8.566E-01 1.753E+00  8.43E-01
1.679E+00 8.676E-01 1.533E+00  8.21E-01
1.585E+00 8.660E-01 1.370E+00  8.04E-01
1.496E+00 8.791E-01 1.322E+00  7.96E-01
1.413E+00 8.994E-01 1.392E+00  8.18E-01
1.334E+00 9.147E-01 1.528E+00  8.43E-01
1.259E+00 9.245E-01 1.613E+00  8.57E-01
1.189E+00 9.327E-01 1.556E+00  8.62E-01
1.122E+00 9.376E-01 1.395E+00  8.60E-01
1.059E+00 9.382E-01 1.272E+00  8.59E-01
1.000E+00 9.428E-01 1.285E+00  8.71E-01
9.441E-01 9.568E-01 1.388E+00  8.89E-01
8.913E-01 9.590E-01 1.417E+00  8.94E-01
8.414E-01 9.623E-01 1.299E+00  8.89E-01
7.943E-01 9.666E-01 1.230E+00  8.87E-01
7.499E-01 9.778E-01 1.285E+00  8.99E-01
7.079E-01 9.768E-01 1.318E+00  9.07E-01
6.683E-01 9.776E-01 1.235E+00  9.05E-01
6.310E-01 9.801E-01 1.217E+00  9.08E-01
5.957E-01 9.816E-01 1.270E+00  9.14E-01
5.623E-01 9.849E-01 1.215E+00  9.14E-01
5.309E-01 9.855E-01 1.206E+00  9.17E-01
5.012E-01 9.840E-01 1.230E+00  9.20E-01
4.732E-01 9.830E-01 1.186E+00  9.19E-01
4.467E-01 9.819E-01 1.214E+00  9.23E-01
4.217E-01 9.798E-01 1.181E+00  9.22E-01
3.981E-01 9.769E-01 1.201E+00  9.25E-01
3.758E-01 9.741E-01 1.178E+00  9.24E-01
3.548E-01 9.705E-01 1.188E+00  9.25E-01
3.350E-01 9.667E-01 1.186E+00  9.25E-01
3.162E-01 9.628E-01 1.177E+00  9.24E-01
2.985E-01 9.583E-01 1.176E+00  9.24E-01
2.818E-01 9.536E-01 1.178E+00  9.23E-01
2.661E-01 9.485E-01 1.178E+00  9.22E-01
2.512E-01 9.430E-01 1.178E+00  9.20E-01
2.371E-01 9.365E-01 1.183E+00  9.18E-01
2.239E-01 9.295E-01 1.183E+00  9.15E-01
2.113E-01 9.217E-01 1.188E+00  9.11E-01
1.995E-01 9.132E-01 1.192E+00  9.07E-01
1.884E-01 9.032E-01 1.198E+00  9.01E-01
1.778E-01 8.924E-01 1.206E+00  8.95E-01
1.679E-01 8.802E-01 1.214E+00  8.87E-01
1.585E-01 8.628E-01 1.229E+00  8.75E-01
1.496E-01 8.351E-01 1.256E+00  8.55E-01
1.413E-01 8.485E-01 1.240E+00  8.70E-01
1.334E-01 8.549E-01 1.229E+00  8.77E-01
1.259E-01 8.521E-01 1.229E+00  8.76E-01
1.189E-01 8.404E-01 1.239E+00  8.70E-01
1.122E-01 8.369E-01 1.239E+00  8.70E-01
1.059E-01 8.186E-01 1.256E+00  8.59E-01
1.000E-01 8.081E-01 1.263E+00  8.56E-01
9.441E-02 8.022E-01 1.266E+00  8.56E-01
8.913E-02 8.067E-01 1.257E+00  8.64E-01
8.414E-02 8.024E-01 1.259E+00  8.62E-01
7.943E-02 7.848E-01 1.274E+00  8.54E-01
7.499E-02 7.641E-01 1.292E+00  8.45E-01
7.079E-02 7.479E-01 1.305E+00  8.41E-01
6.683E-02 7.281E-01 1.321E+00  8.35E-01
6.310E-02 7.087E-01 1.337E+00  8.33E-01
5.957E-02 7.332E-01 1.307E+00  8.62E-01
5.623E-02 8.106E-01 1.226E+00  9.12E-01
5.309E-02 8.409E-01 1.193E+00  9.31E-01
5.012E-02 8.602E-01 1.172E+00  9.42E-01
4.732E-02 8.734E-01 1.157E+00  9.50E-01
4.467E-02 8.831E-01 1.145E+00  9.56E-01
4.217E-02 8.908E-01 1.136E+00  9.61E-01
3.981E-02 8.970E-01 1.129E+00  9.65E-01
3.758E-02 9.024E-01 1.122E+00  9.68E-01
3.548E-02 9.072E-01 1.116E+00  9.71E-01
3.350E-02 9.117E-01 1.110E+00  9.74E-01
3.162E-02 9.159E-01 1.104E+00  9.77E-01
2.985E-02 9.200E-01 1.099E+00  9.79E-01
2.818E-02 9.239E-01 1.094E+00  9.81E-01
2.661E-02 9.280E-01 1.089E+00  9.83E-01
2.512E-02 9.323E-01 1.083E+00  9.85E-01
2.371E-02 9.371E-01 1.077E+00  9.87E-01
2.239E-02 9.424E-01 1.071E+00  9.89E-01
2.113E-02 9.462E-01 1.066E+00  9.91E-01
1.995E-02 9.511E-01 1.060E+00  9.92E-01
1.884E-02 9.563E-01 1.055E+00  9.93E-01
1.778E-02 9.566E-01 1.054E+00  9.94E-01
1.679E-02 9.587E-01 1.051E+00  9.94E-01
1.585E-02 9.612E-01 1.048E+00  9.95E-01
1.496E-02 9.635E-01 1.037E+00  9.96E-01
1.413E-02 9.664E-01 1.034E+00  9.96E-01
1.334E-02 9.703E-01 1.030E+00  9.97E-01
1.259E-02 9.718E-01 1.028E+00  9.97E-01
1.189E-02 9.731E-01 1.027E+00  9.98E-01
1.122E-02 9.762E-01 1.024E+00  9.98E-01
1.059E-02 9.816E-01 1.018E+00  9.99E-01
1.000E-02 9.788E-01 1.021E+00  9.98E-01
9.441E-03 9.790E-01 1.021E+00  9.99E-01
8.913E-03 9.798E-01 1.020E+00  9.99E-01
8.414E-03 9.809E-01 1.019E+00  9.99E-01
7.943E-03 9.820E-01 1.018E+00  9.99E-01
7.499E-03 9.836E-01 1.016E+00  9.99E-01
7.079E-03 9.846E-01 1.015E+00  9.99E-01
6.683E-03 9.854E-01 1.015E+00  9.99E-01
6.310E-03 9.862E-01 1.014E+00  9.99E-01
5.957E-03 9.870E-01 1.013E+00  1.00E+00
5.623E-03 9.877E-01 1.012E+00  1.00E+00
5.309E-03 9.883E-01 1.012E+00  1.00E+00
5.012E-03 9.886E-01 1.011E+00  1.00E+00
4.732E-03 9.887E-01 1.011E+00  1.00E+00
4.467E-03 9.887E-01 1.011E+00  1.00E+00
4.217E-03 9.885E-01 1.011E+00  1.00E+00
3.981E-03 9.882E-01 1.012E+00  1.00E+00
3.758E-03 9.877E-01 1.012E+00  1.00E+00
3.548E-03 9.870E-01 1.013E+00  1.00E+00
3.350E-03 9.861E-01 1.014E+00  1.00E+00
3.162E-03 9.849E-01 1.015E+00  9.99E-01
2.985E-03 9.834E-01 1.017E+00  1.00E+00
2.818E-03 9.814E-01 1.019E+00  1.00E+00
2.661E-03 9.785E-01 1.021E+00  1.00E+00
2.512E-03 9.745E-01 1.025E+00  1.00E+00
2.371E-03 9.692E-01 1.031E+00  1.00E+00
2.239E-03 9.930E-01 1.007E+00  1.00E+00
2.113E-03 9.917E-01 1.008E+00  1.00E+00
1.995E-03 9.900E-01 1.010E+00  1.00E+00
1.884E-03 9.878E-01 1.012E+00  1.00E+00
1.778E-03 9.849E-01 1.015E+00  1.00E+00
1.679E-03 9.811E-01 1.019E+00  1.00E+00
1.585E-03 9.921E-01 1.008E+00  1.00E+00
1.496E-03 9.900E-01 1.010E+00  1.00E+00
1.413E-03 9.895E-01 1.010E+00  1.00E+00
1.334E-03 9.866E-01 1.013E+00  1.00E+00
1.259E-03 9.827E-01 1.017E+00  1.00E+00
1.189E-03 9.775E-01 1.022E+00  1.00E+00
1.122E-03 9.703E-01 1.030E+00  1.00E+00
1.059E-03 9.605E-01 1.039E+00  1.00E+00
1.000E-03 9.473E-01 1.052E+00  1.00E+00
