1.000E+03 2.437E-07 2.530E-20  0.00E+00
9.441E+02 2.735E-07 3.185E-20  0.00E+00
8.913E+02 3.069E-07 4.010E-20  0.00E+00
8.414E+02 3.444E-07 5.048E-20  0.00E+00
7.943E+02 3.864E-07 6.355E-20  0.00E+00
7.499E+02 4.336E-07 8.000E-20  0.00E+00
7.079E+02 4.866E-07 1.007E-19  0.00E+00
6.683E+02 5.460E-07 1.268E-19  0.00E+00
6.310E+02 6.127E-07 1.596E-19  0.00E+00
5.957E+02 6.875E-07 2.010E-19  0.00E+00
5.623E+02 7.715E-07 2.530E-19  0.00E+00
5.309E+02 8.658E-07 3.186E-19  0.00E+00
5.012E+02 9.716E-07 4.011E-19  0.00E+00
4.732E+02 1.090E-06 5.049E-19  0.00E+00
4.467E+02 1.224E-06 6.357E-19  0.00E+00
4.217E+02 1.374E-06 8.003E-19  0.00E+00
3.981E+02 1.542E-06 1.008E-18  0.00E+00
3.758E+02 1.731E-06 1.269E-18  0.00E+00
3.548E+02 1.942E-06 1.597E-18  0.00E+00
3.350E+02 2.181E-06 2.011E-18  0.00E+00
3.162E+02 2.449E-06 2.532E-18  0.00E+00
2.985E+02 2.750E-06 3.187E-18  0.00E+00
2.818E+02 3.087E-06 4.013E-18  0.00E+00
2.661E+02 3.467E-06 5.054E-18  0.00E+00
2.512E+02 3.893E-06 6.363E-18  0.00E+00
2.371E+02 4.373E-06 8.012E-18  0.00E+00
2.239E+02 4.913E-06 1.009E-17  0.00E+00
2.113E+02 5.520E-06 1.270E-17  0.00E+00
1.995E+02 6.204E-06 1.599E-17  0.00E+00
1.884E+02 6.971E-06 2.014E-17  0.00E+00
1.778E+02 7.833E-06 2.536E-17  0.00E+00
1.679E+02 8.806E-06 3.194E-17  0.00E+00
1.585E+02 9.903E-06 4.022E-17  0.00E+00
1.496E+02 1.114E-05 5.065E-17  0.00E+00
1.413E+02 1.253E-05 6.379E-17  0.00E+00
1.334E+02 1.411E-05 8.034E-17  0.00E+00
1.259E+02 1.588E-05 1.012E-16  0.00E+00
1.189E+02 1.788E-05 1.275E-16  0.00E+00
1.122E+02 2.014E-05 1.606E-16  0.00E+00
1.059E+02 2.270E-05 2.022E-16  0.00E+00
1.000E+02 2.560E-05 2.547E-16  0.00E+00
9.441E+01 2.888E-05 3.208E-16  0.00E+00
8.913E+01 3.260E-05 4.041E-16  0.00E+00
8.414E+01 3.681E-05 5.090E-16  0.00E+00
7.943E+01 4.160E-05 6.411E-16  0.00E+00
7.499E+01 4.698E-05 8.076E-16  0.00E+00
7.079E+01 5.313E-05 1.017E-15  0.00E+00
6.683E+01 6.012E-05 1.280E-15  0.00E+00
6.310E+01 6.801E-05 1.611E-15  0.00E+00
5.957E+01 7.692E-05 2.027E-15  0.00E+00
5.623E+01 8.702E-05 2.550E-15  0.00E+00
5.309E+01 9.840E-05 3.205E-15  0.00E+00
5.012E+01 1.111E-04 4.028E-15  0.00E+00
4.732E+01 1.255E-04 5.057E-15  0.00E+00
4.467E+01 1.417E-04 6.347E-15  0.00E+00
4.217E+01 1.598E-04 7.960E-15  0.00E+00
3.981E+01 1.799E-04 9.958E-15  0.00E+00
3.758E+01 2.020E-04 1.245E-14  0.00E+00
3.548E+01 2.257E-04 1.561E-14  0.00E+00
3.350E+01 2.526E-04 1.957E-14  0.00E+00
3.162E+01 2.846E-04 2.451E-14  0.00E+00
2.985E+01 3.213E-04 3.066E-14  0.00E+00
2.818E+01 3.623E-04 3.821E-14  0.00E+00
2.661E+01 4.095E-04 4.762E-14  0.00E+00
2.512E+01 4.641E-04 5.942E-14  0.00E+00
2.371E+01 5.248E-04 7.342E-14  0.00E+00
2.239E+01 5.957E-04 9.076E-14  0.00E+00
2.113E+01 6.779E-04 1.106E-13  0.00E+00
1.995E+01 7.758E-04 1.333E-13  0.00E+00
1.884E+01 8.626E-04 1.490E-13  0.00E+00
1.778E+01 8.662E-04 1.531E-13  0.00E+00
1.679E+01 7.882E-04 1.548E-13  0.00E+00
1.585E+01 6.740E-04 1.686E-13  0.00E+00
1.496E+01 5.716E-04 2.093E-13  0.00E+00
1.413E+01 5.148E-04 3.004E-13  0.00E+00
1.334E+01 6.151E-04 4.630E-13  0.00E+00
1.259E+01 8.122E-04 6.672E-13  0.00E+00
1.189E+01 1.079E-03 9.204E-13  0.00E+00
1.122E+01 1.403E-03 1.219E-12  0.00E+00
1.059E+01 1.853E-03 1.609E-12  1.86E-07
1.000E+01 2.249E-03 1.795E-12  1.91E-07
9.441E+00 1.933E-03 1.618E-12  4.20E-07
8.913E+00 1.602E-03 8.784E-13  4.71E-07
8.414E+00 1.113E-03 4.786E-13  5.29E-07
7.943E+00 5.322E-04 2.542E-13  5.94E-07
7.499E+00 2.349E-04 5.869E-13  6.66E-07
7.079E+00 1.843E-04 1.240E-12  7.47E-07
6.683E+00 1.826E-04 2.026E-12  8.38E-07
6.310E+00 1.817E-04 2.986E-12  9.41E-07
5.957E+00 1.880E-04 3.211E-12  7.09E-07
5.623E+00 1.849E-04 4.342E-12  8.04E-07
5.309E+00 1.847E-04 5.782E-12  9.11E-07
5.012E+00 1.870E-04 7.617E-12  1.03E-06
4.732E+00 1.916E-04 9.937E-12  1.16E-06
4.467E+00 1.977E-04 1.288E-11  1.31E-06
4.217E+00 2.051E-04 1.659E-11  1.48E-06
3.981E+00 2.126E-04 2.128E-11  1.67E-06
3.758E+00 2.200E-04 2.721E-11  1.88E-06
3.548E+00 2.280E-04 3.469E-11  2.11E-06
3.350E+00 2.361E-04 4.411E-11  2.37E-06
3.162E+00 2.434E-04 5.602E-11  2.67E-06
2.985E+00 2.516E-04 7.108E-11  3.00E-06
2.818E+00 2.607E-04 9.010E-11  3.37E-06
2.661E+00 2.705E-04 1.141E-10  3.78E-06
2.512E+00 2.811E-04 1.443E-10  4.25E-06
2.371E+00 2.927E-04 1.824E-10  4.77E-06
2.239E+00 3.049E-04 2.304E-10  5.36E-06
2.113E+00 3.181E-04 2.908E-10  6.02E-06
1.995E+00 3.321E-04 3.669E-10  6.76E-06
1.884E+00 3.470E-04 4.628E-10  7.58E-06
1.778E+00 3.629E-04 5.837E-10  8.51E-06
1.679E+00 3.806E-04 7.357E-10  9.55E-06
1.585E+00 3.999E-04 9.267E-10  1.07E-05
1.496E+00 4.201E-04 1.167E-09  1.20E-05
1.413E+00 4.413E-04 1.470E-09  1.35E-05
1.334E+00 4.636E-04 1.851E-09  1.51E-05
1.259E+00 4.873E-04 2.331E-09  1.70E-05
1.189E+00 5.138E-04 2.936E-09  1.91E-05
1.122E+00 5.420E-04 3.697E-09  2.14E-05
1.059E+00 5.719E-04 4.655E-09  2.40E-05
1.000E+00 6.037E-04 5.860E-09  2.69E-05
9.441E-01 6.375E-04 7.376E-09  3.02E-05
8.913E-01 6.733E-04 9.285E-09  3.39E-05
8.414E-01 7.109E-04 1.169E-08  3.81E-05
7.943E-01 7.504E-04 1.473E-08  4.27E-05
7.499E-01 7.920E-04 1.856E-08  4.79E-05
7.079E-01 8.358E-04 2.339E-08  5.38E-05
6.683E-01 8.821E-04 2.948E-08  6.04E-05
6.310E-01 9.314E-04 3.718E-08  6.78E-05
5.957E-01 9.835E-04 4.691E-08  7.61E-05
5.623E-01 1.039E-03 5.922E-08  8.54E-05
5.309E-01 1.097E-03 7.479E-08  9.59E-05
5.012E-01 1.158E-03 9.451E-08  1.08E-04
4.732E-01 1.222E-03 1.195E-07  1.21E-04
4.467E-01 1.290E-03 1.513E-07  1.36E-04
4.217E-01 1.360E-03 1.918E-07  1.53E-04
3.981E-01 1.434E-03 2.433E-07  1.72E-04
3.758E-01 1.508E-03 3.091E-07  1.93E-04
3.548E-01 1.586E-03 3.935E-07  2.17E-04
3.350E-01 1.665E-03 5.019E-07  2.44E-04
3.162E-01 1.746E-03 6.414E-07  2.75E-04
2.985E-01 1.826E-03 8.225E-07  3.10E-04
2.818E-01 1.907E-03 1.058E-06  3.49E-04
2.661E-01 1.984E-03 1.367E-06  3.94E-04
2.512E-01 2.054E-03 1.776E-06  4.46E-04
2.371E-01 2.020E-03 2.328E-06  5.06E-04
2.239E-01 2.214E-03 3.100E-06  5.76E-04
2.113E-01 3.185E-03 4.159E-06  6.58E-04
1.995E-01 4.517E-03 5.593E-06  7.53E-04
1.884E-01 6.675E-03 7.631E-06  8.67E-04
1.778E-01 1.032E-02 1.047E-05  9.99E-04
1.679E-01 1.504E-02 1.448E-05  1.16E-03
1.585E-01 2.171E-02 2.083E-05  1.36E-03
1.496E-01 4.381E-02 3.207E-05  1.54E-03
1.413E-01 7.896E-02 3.621E-05  1.38E-03
1.334E-01 7.499E-02 4.237E-05  1.59E-03
1.259E-01 8.314E-02 5.367E-05  1.75E-03
1.189E-01 1.043E-01 7.338E-05  1.87E-03
1.122E-01 1.216E-01 9.343E-05  2.00E-03
1.059E-01 1.495E-01 1.344E-04  2.12E-03
1.000E-01 1.925E-01 1.797E-04  2.12E-03
9.441E-02 2.305E-01 2.306E-04  2.20E-03
8.913E-02 2.604E-01 2.668E-04  2.36E-03
8.414E-02 2.818E-01 3.434E-04  2.62E-03
7.943E-02 3.368E-01 4.783E-04  2.75E-03
7.499E-02 4.013E-01 6.534E-04  2.90E-03
7.079E-02 4.421E-01 8.166E-04  3.17E-03
6.683E-02 4.491E-01 9.545E-04  3.55E-03
6.310E-02 3.765E-01 9.133E-04  4.10E-03
5.957E-02 2.343E-01 5.563E-04  4.87E-03
5.623E-02 1.877E-01 3.547E-04  5.72E-03
5.309E-02 1.758E-01 3.252E-04  6.54E-03
5.012E-02 1.679E-01 3.192E-04  7.43E-03
4.732E-02 1.618E-01 3.258E-04  8.41E-03
4.467E-02 1.565E-01 3.399E-04  9.51E-03
4.217E-02 1.514E-01 3.582E-04  1.07E-02
3.981E-02 1.463E-01 3.796E-04  1.21E-02
3.758E-02 1.410E-01 4.024E-04  1.36E-02
3.548E-02 1.354E-01 4.262E-04  1.54E-02
3.350E-02 1.295E-01 4.497E-04  1.73E-02
3.162E-02 1.233E-01 4.721E-04  1.95E-02
2.985E-02 1.170E-01 4.933E-04  2.20E-02
2.818E-02 1.103E-01 5.114E-04  2.47E-02
2.661E-02 1.038E-01 5.265E-04  2.78E-02
2.512E-02 9.708E-02 5.360E-04  3.14E-02
2.371E-02 9.043E-02 5.360E-04  3.53E-02
2.239E-02 8.730E-02 5.510E-04  3.98E-02
2.113E-02 8.260E-02 5.640E-04  4.48E-02
1.995E-02 7.807E-02 5.598E-04  5.05E-02
1.884E-02 8.079E-02 6.072E-04  5.69E-02
1.778E-02 7.607E-02 6.531E-04  6.40E-02
1.679E-02 7.172E-02 6.744E-04  7.21E-02
1.585E-02 6.763E-02 6.872E-04  8.11E-02
1.496E-02 6.365E-02 6.947E-04  9.14E-02
1.413E-02 5.971E-02 6.904E-04  1.03E-01
1.334E-02 5.870E-02 6.843E-04  1.16E-01
1.259E-02 5.720E-02 7.258E-04  1.31E-01
1.189E-02 5.317E-02 7.395E-04  1.47E-01
1.122E-02 4.915E-02 6.868E-04  1.66E-01
1.059E-02 5.935E-02 7.164E-04  1.87E-01
1.000E-02 5.516E-02 8.703E-04  2.10E-01
9.441E-03 5.087E-02 9.018E-04  2.36E-01
8.913E-03 4.673E-02 8.981E-04  2.65E-01
8.414E-03 4.275E-02 8.759E-04  2.97E-01
7.943E-03 3.899E-02 8.390E-04  3.33E-01
7.499E-03 3.548E-02 7.736E-04  3.72E-01
7.079E-03 3.521E-02 7.922E-04  4.14E-01
6.683E-03 3.197E-02 7.621E-04  4.59E-01
6.310E-03 2.896E-02 7.200E-04  5.06E-01
5.957E-03 2.621E-02 6.741E-04  5.54E-01
5.623E-03 2.361E-02 6.258E-04  6.01E-01
5.309E-03 2.125E-02 5.777E-04  6.45E-01
5.012E-03 1.911E-02 5.319E-04  6.86E-01
4.732E-03 1.715E-02 4.892E-04  7.20E-01
4.467E-03 1.536E-02 4.492E-04  7.47E-01
4.217E-03 1.373E-02 4.121E-04  7.67E-01
3.981E-03 1.224E-02 3.774E-04  7.82E-01
3.758E-03 1.090E-02 3.444E-04  7.95E-01
3.548E-03 9.678E-03 3.122E-04  8.07E-01
3.350E-03 8.575E-03 2.811E-04  8.21E-01
3.162E-03 7.586E-03 2.512E-04  8.38E-01
2.985E-03 6.712E-03 2.233E-04  8.55E-01
2.818E-03 5.893E-03 1.950E-04  8.72E-01
2.661E-03 5.142E-03 1.677E-04  8.85E-01
2.512E-03 4.501E-03 1.377E-04  8.94E-01
2.371E-03 3.936E-03 8.196E-05  9.01E-01
2.239E-03 9.317E-03 1.191E-04  9.08E-01
2.113E-03 8.318E-03 1.226E-04  9.17E-01
1.995E-03 7.369E-03 1.177E-04  9.27E-01
1.884E-03 6.495E-03 1.060E-04  9.34E-01
1.778E-03 5.697E-03 9.100E-05  9.38E-01
1.679E-03 4.975E-03 5.660E-05  9.43E-01
1.585E-03 7.960E-03 8.910E-05  9.49E-01
1.496E-03 6.962E-03 8.331E-05  9.54E-01
1.413E-03 6.761E-03 8.540E-05  9.58E-01
1.334E-03 5.923E-03 8.077E-05  9.62E-01
1.259E-03 5.175E-03 7.443E-05  9.66E-01
1.189E-03 4.511E-03 6.808E-05  9.69E-01
1.122E-03 3.901E-03 6.159E-05  9.71E-01
1.059E-03 3.368E-03 5.515E-05  9.74E-01
1.000E-03 2.895E-03 4.834E-05  9.76E-01
