1.000E+03 9.764E-04 6.365E-06  1.00E-03
9.441E+02 1.096E-03 8.015E-06  1.13E-03
8.913E+02 1.231E-03 1.009E-05  1.26E-03
8.414E+02 1.383E-03 1.271E-05  1.42E-03
7.943E+02 1.554E-03 1.601E-05  1.59E-03
7.499E+02 1.746E-03 2.016E-05  1.78E-03
7.079E+02 1.962E-03 2.538E-05  2.00E-03
6.683E+02 2.205E-03 3.197E-05  2.25E-03
6.310E+02 2.478E-03 4.027E-05  2.52E-03
5.957E+02 2.786E-03 5.073E-05  2.83E-03
5.623E+02 3.133E-03 6.390E-05  3.17E-03
5.309E+02 3.525E-03 8.050E-05  3.56E-03
5.012E+02 3.966E-03 1.014E-04  4.00E-03
4.732E+02 4.465E-03 1.278E-04  4.48E-03
4.467E+02 5.029E-03 1.610E-04  5.03E-03
4.217E+02 5.667E-03 2.029E-04  5.64E-03
3.981E+02 6.388E-03 2.558E-04  6.33E-03
3.758E+02 7.204E-03 3.225E-04  7.11E-03
3.548E+02 8.129E-03 4.066E-04  7.98E-03
3.350E+02 9.183E-03 5.127E-04  8.95E-03
3.162E+02 1.038E-02 6.467E-04  1.00E-02
2.985E+02 1.175E-02 8.159E-04  1.13E-02
2.818E+02 1.330E-02 1.030E-03  1.27E-02
2.661E+02 1.508E-02 1.300E-03  1.42E-02
2.512E+02 1.712E-02 1.642E-03  1.59E-02
2.371E+02 1.946E-02 2.074E-03  1.79E-02
2.239E+02 2.216E-02 2.620E-03  2.01E-02
2.113E+02 2.528E-02 3.313E-03  2.26E-02
1.995E+02 2.889E-02 4.191E-03  2.53E-02
1.884E+02 3.308E-02 5.304E-03  2.84E-02
1.778E+02 3.797E-02 6.719E-03  3.19E-02
1.679E+02 4.370E-02 8.516E-03  3.59E-02
1.585E+02 5.047E-02 1.080E-02  4.03E-02
1.496E+02 5.847E-02 1.372E-02  4.52E-02
1.413E+02 6.801E-02 1.744E-02  5.08E-02
1.334E+02 7.943E-02 2.219E-02  5.71E-02
1.259E+02 9.318E-02 2.827E-02  6.41E-02
1.189E+02 1.099E-01 3.607E-02  7.20E-02
1.122E+02 1.303E-01 4.610E-02  8.09E-02
1.059E+02 1.555E-01 5.899E-02  9.08E-02
1.000E+02 1.869E-01 7.565E-02  1.02E-01
9.441E+01 2.262E-01 9.718E-02  1.14E-01
8.913E+01 2.758E-01 1.251E-01  1.28E-01
8.414E+01 3.388E-01 1.613E-01  1.43E-01
7.943E+01 4.193E-01 2.083E-01  1.58E-01
7.499E+01 5.216E-01 2.695E-01  1.75E-01
7.079E+01 6.506E-01 3.485E-01  1.91E-01
6.683E+01 8.094E-01 4.496E-01  2.05E-01
6.310E+01 9.965E-01 5.772E-01  2.16E-01
5.957E+01 1.202E+00 7.335E-01  2.21E-01
5.623E+01 1.406E+00 9.157E-01  2.22E-01
5.309E+01 1.583E+00 1.115E+00  2.18E-01
5.012E+01 1.714E+00 1.313E+00  2.13E-01
4.732E+01 1.789E+00 1.488E+00  2.12E-01
4.467E+01 1.813E+00 1.617E+00  2.16E-01
4.217E+01 1.798E+00 1.690E+00  2.26E-01
3.981E+01 1.758E+00 1.707E+00  2.44E-01
3.758E+01 1.709E+00 1.682E+00  2.68E-01
3.548E+01 1.661E+00 1.633E+00  2.99E-01
3.350E+01 1.625E+00 1.572E+00  3.36E-01
3.162E+01 1.607E+00 1.516E+00  3.81E-01
2.985E+01 1.605E+00 1.476E+00  4.30E-01
2.818E+01 1.614E+00 1.455E+00  4.80E-01
2.661E+01 1.624E+00 1.449E+00  5.24E-01
2.512E+01 1.623E+00 1.451E+00  5.58E-01
2.371E+01 1.609E+00 1.447E+00  5.84E-01
2.239E+01 1.584E+00 1.434E+00  6.04E-01
2.113E+01 1.559E+00 1.408E+00  6.23E-01
1.995E+01 1.541E+00 1.371E+00  6.45E-01
1.884E+01 1.535E+00 1.313E+00  6.76E-01
1.778E+01 1.529E+00 1.258E+00  7.10E-01
1.679E+01 1.521E+00 1.244E+00  7.41E-01
1.585E+01 1.521E+00 1.294E+00  7.63E-01
1.496E+01 1.526E+00 1.362E+00  7.71E-01
1.413E+01 1.511E+00 1.324E+00  7.63E-01
1.334E+01 1.462E+00 1.298E+00  7.63E-01
1.259E+01 1.409E+00 1.332E+00  7.63E-01
1.189E+01 1.369E+00 1.353E+00  7.65E-01
1.122E+01 1.341E+00 1.357E+00  7.71E-01
1.059E+01 1.317E+00 1.353E+00  7.78E-01
1.000E+01 1.298E+00 1.299E+00  7.97E-01
9.441E+00 1.256E+00 1.223E+00  8.16E-01
8.913E+00 1.211E+00 1.021E+00  8.60E-01
8.414E+00 1.190E+00 8.546E-01  8.98E-01
7.943E+00 1.106E+00 8.828E-01  9.23E-01
7.499E+00 9.635E-01 2.070E+00  9.02E-01
7.079E+00 9.700E-01 2.167E+00  8.52E-01
6.683E+00 1.035E+00 1.608E+00  7.84E-01
6.310E+00 1.023E+00 1.215E+00  7.37E-01
5.957E+00 1.042E+00 1.168E+00  7.44E-01
5.623E+00 1.050E+00 1.289E+00  8.00E-01
5.309E+00 1.016E+00 1.527E+00  8.48E-01
5.012E+00 1.008E+00 1.700E+00  8.74E-01
4.732E+00 1.013E+00 1.669E+00  8.80E-01
4.467E+00 9.963E-01 1.487E+00  8.69E-01
4.217E+00 9.924E-01 1.295E+00  8.54E-01
3.981E+00 9.926E-01 1.224E+00  8.47E-01
3.758E+00 9.937E-01 1.299E+00  8.55E-01
3.548E+00 9.997E-01 1.425E+00  8.72E-01
3.350E+00 1.008E+00 1.468E+00  8.83E-01
3.162E+00 1.010E+00 1.380E+00  8.84E-01
2.985E+00 1.006E+00 1.254E+00  8.80E-01
2.818E+00 9.977E-01 1.226E+00  8.84E-01
2.661E+00 9.989E-01 1.308E+00  8.97E-01
2.512E+00 1.001E+00 1.364E+00  9.04E-01
2.371E+00 9.948E-01 1.286E+00  9.00E-01
2.239E+00 9.978E-01 1.211E+00  8.97E-01
2.113E+00 9.998E-01 1.249E+00  9.04E-01
1.995E+00 9.965E-01 1.293E+00  9.12E-01
1.884E+00 9.956E-01 1.229E+00  9.11E-01
1.778E+00 9.952E-01 1.202E+00  9.12E-01
1.679E+00 9.939E-01 1.251E+00  9.17E-01
1.585E+00 9.941E-01 1.215E+00  9.18E-01
1.496E+00 9.942E-01 1.191E+00  9.19E-01
1.413E+00 9.911E-01 1.223E+00  9.23E-01
1.334E+00 9.899E-01 1.185E+00  9.22E-01
1.259E+00 9.873E-01 1.199E+00  9.25E-01
1.189E+00 9.849E-01 1.187E+00  9.25E-01
1.122E+00 9.824E-01 1.185E+00  9.26E-01
1.059E+00 9.795E-01 1.182E+00  9.27E-01
1.000E+00 9.763E-01 1.180E+00  9.28E-01
9.441E-01 9.733E-01 1.173E+00  9.29E-01
8.913E-01 9.700E-01 1.178E+00  9.30E-01
8.414E-01 9.667E-01 1.169E+00  9.30E-01
7.943E-01 9.633E-01 1.170E+00  9.30E-01
7.499E-01 9.599E-01 1.170E+00  9.30E-01
7.079E-01 9.566E-01 1.167E+00  9.31E-01
6.683E-01 9.533E-01 1.164E+00  9.31E-01
6.310E-01 9.500E-01 1.164E+00  9.31E-01
5.957E-01 9.468E-01 1.163E+00  9.31E-01
5.623E-01 9.436E-01 1.162E+00  9.31E-01
5.309E-01 9.406E-01 1.161E+00  9.31E-01
5.012E-01 9.376E-01 1.160E+00  9.31E-01
4.732E-01 9.347E-01 1.160E+00  9.30E-01
4.467E-01 9.318E-01 1.159E+00  9.30E-01
4.217E-01 9.289E-01 1.159E+00  9.30E-01
3.981E-01 9.262E-01 1.158E+00  9.30E-01
3.758E-01 9.234E-01 1.158E+00  9.29E-01
3.548E-01 9.205E-01 1.158E+00  9.29E-01
3.350E-01 9.177E-01 1.158E+00  9.28E-01
3.162E-01 9.148E-01 1.158E+00  9.27E-01
2.985E-01 9.118E-01 1.158E+00  9.26E-01
2.818E-01 9.086E-01 1.159E+00  9.25E-01
2.661E-01 9.051E-01 1.160E+00  9.24E-01
2.512E-01 9.014E-01 1.161E+00  9.22E-01
2.371E-01 8.970E-01 1.163E+00  9.19E-01
2.239E-01 8.914E-01 1.166E+00  9.16E-01
2.113E-01 8.851E-01 1.171E+00  9.12E-01
1.995E-01 8.784E-01 1.175E+00  9.07E-01
1.884E-01 8.701E-01 1.181E+00  9.01E-01
1.778E-01 8.610E-01 1.189E+00  8.95E-01
1.679E-01 8.504E-01 1.198E+00  8.87E-01
1.585E-01 8.343E-01 1.212E+00  8.74E-01
1.496E-01 8.075E-01 1.238E+00  8.54E-01
1.413E-01 8.219E-01 1.223E+00  8.70E-01
1.334E-01 8.296E-01 1.213E+00  8.76E-01
1.259E-01 8.280E-01 1.213E+00  8.76E-01
1.189E-01 8.174E-01 1.222E+00  8.69E-01
1.122E-01 8.151E-01 1.223E+00  8.69E-01
1.059E-01 7.979E-01 1.239E+00  8.57E-01
1.000E-01 7.890E-01 1.247E+00  8.54E-01
9.441E-02 7.847E-01 1.249E+00  8.54E-01
8.913E-02 7.908E-01 1.241E+00  8.62E-01
8.414E-02 7.874E-01 1.244E+00  8.61E-01
7.943E-02 7.713E-01 1.258E+00  8.52E-01
7.499E-02 7.523E-01 1.276E+00  8.44E-01
7.079E-02 7.379E-01 1.289E+00  8.39E-01
6.683E-02 7.200E-01 1.305E+00  8.33E-01
6.310E-02 7.025E-01 1.321E+00  8.31E-01
5.957E-02 7.289E-01 1.292E+00  8.61E-01
5.623E-02 8.063E-01 1.213E+00  9.12E-01
5.309E-02 8.366E-01 1.182E+00  9.30E-01
5.012E-02 8.560E-01 1.162E+00  9.42E-01
4.732E-02 8.693E-01 1.147E+00  9.50E-01
4.467E-02 8.793E-01 1.137E+00  9.56E-01
4.217E-02 8.849E-01 1.115E+00  9.60E-01
3.981E-02 8.915E-01 1.108E+00  9.64E-01
3.758E-02 8.974E-01 1.103E+00  9.68E-01
3.548E-02 9.026E-01 1.097E+00  9.71E-01
3.350E-02 9.075E-01 1.092E+00  9.74E-01
3.162E-02 9.122E-01 1.088E+00  9.76E-01
2.985E-02 9.167E-01 1.083E+00  9.79E-01
2.818E-02 9.211E-01 1.079E+00  9.81E-01
2.661E-02 9.256E-01 1.074E+00  9.83E-01
2.512E-02 9.302E-01 1.070E+00  9.85E-01
2.371E-02 9.354E-01 1.065E+00  9.87E-01
2.239E-02 9.408E-01 1.059E+00  9.89E-01
2.113E-02 9.448E-01 1.055E+00  9.91E-01
1.995E-02 9.499E-01 1.050E+00  9.92E-01
1.884E-02 9.548E-01 1.045E+00  9.93E-01
1.778E-02 9.556E-01 1.044E+00  9.94E-01
1.679E-02 9.580E-01 1.042E+00  9.94E-01
1.585E-02 9.607E-01 1.039E+00  9.95E-01
1.496E-02 9.635E-01 1.037E+00  9.96E-01
1.413E-02 9.664E-01 1.034E+00  9.96E-01
1.334E-02 9.703E-01 1.030E+00  9.97E-01
1.259E-02 9.718E-01 1.028E+00  9.97E-01
1.189E-02 9.731E-01 1.027E+00  9.98E-01
1.122E-02 9.762E-01 1.024E+00  9.98E-01
1.059E-02 9.816E-01 1.018E+00  9.99E-01
1.000E-02 9.788E-01 1.021E+00  9.98E-01
9.441E-03 9.790E-01 1.021E+00  9.99E-01
8.913E-03 9.798E-01 1.020E+00  9.99E-01
8.414E-03 9.809E-01 1.019E+00  9.99E-01
7.943E-03 9.821E-01 1.018E+00  9.99E-01
7.499E-03 9.837E-01 1.016E+00  9.99E-01
7.079E-03 9.847E-01 1.015E+00  9.99E-01
6.683E-03 9.855E-01 1.014E+00  9.99E-01
6.310E-03 9.865E-01 1.013E+00  9.99E-01
5.957E-03 9.875E-01 1.012E+00  1.00E+00
5.623E-03 9.884E-01 1.012E+00  1.00E+00
5.309E-03 9.892E-01 1.011E+00  1.00E+00
5.012E-03 9.898E-01 1.010E+00  1.00E+00
4.732E-03 9.903E-01 1.010E+00  1.00E+00
4.467E-03 9.906E-01 1.009E+00  1.00E+00
4.217E-03 9.908E-01 1.009E+00  1.00E+00
3.981E-03 9.910E-01 1.009E+00  1.00E+00
3.758E-03 9.910E-01 1.009E+00  1.00E+00
3.548E-03 9.911E-01 1.009E+00  1.00E+00
3.350E-03 9.912E-01 1.009E+00  1.00E+00
3.162E-03 9.914E-01 1.009E+00  1.00E+00
2.985E-03 9.917E-01 1.008E+00  1.00E+00
2.818E-03 9.925E-01 1.008E+00  1.00E+00
2.661E-03 9.934E-01 1.007E+00  1.00E+00
2.512E-03 9.941E-01 1.006E+00  1.00E+00
2.371E-03 9.947E-01 1.005E+00  1.00E+00
2.239E-03 9.986E-01 1.001E+00  1.00E+00
2.113E-03 9.984E-01 1.002E+00  1.00E+00
1.995E-03 9.982E-01 1.002E+00  1.00E+00
1.884E-03 9.980E-01 1.002E+00  1.00E+00
1.778E-03 9.977E-01 1.002E+00  1.00E+00
1.679E-03 9.975E-01 1.003E+00  1.00E+00
1.585E-03 9.991E-01 1.001E+00  1.00E+00
1.496E-03 9.988E-01 1.001E+00  1.00E+00
1.413E-03 9.987E-01 1.001E+00  1.00E+00
1.334E-03 9.983E-01 1.002E+00  1.00E+00
1.259E-03 9.978E-01 1.002E+00  1.00E+00
1.189E-03 9.971E-01 1.003E+00  1.00E+00
1.122E-03 9.962E-01 1.004E+00  1.00E+00
1.059E-03 9.949E-01 1.005E+00  1.00E+00
1.000E-03 9.931E-01 1.007E+00  1.00E+00
