1.000E+03 1.371E-07 2.530E-21  0.00E+00
9.441E+02 1.538E-07 3.185E-21  0.00E+00
8.913E+02 1.726E-07 4.010E-21  0.00E+00
8.414E+02 1.936E-07 5.048E-21  0.00E+00
7.943E+02 2.173E-07 6.355E-21  0.00E+00
7.499E+02 2.438E-07 8.000E-21  0.00E+00
7.079E+02 2.736E-07 1.007E-20  0.00E+00
6.683E+02 3.070E-07 1.268E-20  0.00E+00
6.310E+02 3.445E-07 1.596E-20  0.00E+00
5.957E+02 3.866E-07 2.010E-20  0.00E+00
5.623E+02 4.338E-07 2.530E-20  0.00E+00
5.309E+02 4.869E-07 3.186E-20  0.00E+00
5.012E+02 5.464E-07 4.011E-20  0.00E+00
4.732E+02 6.132E-07 5.049E-20  0.00E+00
4.467E+02 6.883E-07 6.357E-20  0.00E+00
4.217E+02 7.726E-07 8.003E-20  0.00E+00
3.981E+02 8.671E-07 1.008E-19  0.00E+00
3.758E+02 9.732E-07 1.269E-19  0.00E+00
3.548E+02 1.092E-06 1.597E-19  0.00E+00
3.350E+02 1.226E-06 2.011E-19  0.00E+00
3.162E+02 1.377E-06 2.532E-19  0.00E+00
2.985E+02 1.546E-06 3.187E-19  0.00E+00
2.818E+02 1.736E-06 4.013E-19  0.00E+00
2.661E+02 1.949E-06 5.054E-19  0.00E+00
2.512E+02 2.189E-06 6.363E-19  0.00E+00
2.371E+02 2.459E-06 8.012E-19  0.00E+00
2.239E+02 2.763E-06 1.009E-18  0.00E+00
2.113E+02 3.104E-06 1.270E-18  0.00E+00
1.995E+02 3.489E-06 1.599E-18  0.00E+00
1.884E+02 3.920E-06 2.014E-18  0.00E+00
1.778E+02 4.405E-06 2.536E-18  0.00E+00
1.679E+02 4.952E-06 3.194E-18  0.00E+00
1.585E+02 5.569E-06 4.022E-18  0.00E+00
1.496E+02 6.264E-06 5.065E-18  0.00E+00
1.413E+02 7.048E-06 6.379E-18  0.00E+00
1.334E+02 7.932E-06 8.034E-18  0.00E+00
1.259E+02 8.930E-06 1.012E-17  0.00E+00
1.189E+02 1.006E-05 1.275E-17  0.00E+00
1.122E+02 1.132E-05 1.606E-17  0.00E+00
1.059E+02 1.277E-05 2.022E-17  0.00E+00
1.000E+02 1.439E-05 2.547E-17  0.00E+00
9.441E+01 1.624E-05 3.208E-17  0.00E+00
8.913E+01 1.833E-05 4.041E-17  0.00E+00
8.414E+01 2.070E-05 5.090E-17  0.00E+00
7.943E+01 2.339E-05 6.411E-17  0.00E+00
7.499E+01 2.642E-05 8.076E-17  0.00E+00
7.079E+01 2.988E-05 1.017E-16  0.00E+00
6.683E+01 3.381E-05 1.280E-16  0.00E+00
6.310E+01 3.824E-05 1.611E-16  0.00E+00
5.957E+01 4.326E-05 2.027E-16  0.00E+00
5.623E+01 4.894E-05 2.550E-16  0.00E+00
5.309E+01 5.533E-05 3.205E-16  0.00E+00
5.012E+01 6.250E-05 4.028E-16  0.00E+00
4.732E+01 7.058E-05 5.057E-16  0.00E+00
4.467E+01 7.966E-05 6.347E-16  0.00E+00
4.217E+01 8.986E-05 7.960E-16  0.00E+00
3.981E+01 1.011E-04 9.958E-16  0.00E+00
3.758E+01 1.136E-04 1.245E-15  0.00E+00
3.548E+01 1.269E-04 1.561E-15  0.00E+00
3.350E+01 1.421E-04 1.957E-15  0.00E+00
3.162E+01 1.600E-04 2.451E-15  0.00E+00
2.985E+01 1.807E-04 3.066E-15  0.00E+00
2.818E+01 2.037E-04 3.821E-15  0.00E+00
2.661E+01 2.303E-04 4.762E-15  0.00E+00
2.512E+01 2.610E-04 5.942E-15  0.00E+00
2.371E+01 2.951E-04 7.342E-15  0.00E+00
2.239E+01 3.350E-04 9.076E-15  0.00E+00
2.113E+01 3.812E-04 1.106E-14  0.00E+00
1.995E+01 4.363E-04 1.333E-14  0.00E+00
1.884E+01 4.851E-04 1.490E-14  0.00E+00
1.778E+01 4.871E-04 1.531E-14  0.00E+00
1.679E+01 4.433E-04 1.548E-14  0.00E+00
1.585E+01 3.790E-04 1.686E-14  0.00E+00
1.496E+01 3.215E-04 2.093E-14  0.00E+00
1.413E+01 2.895E-04 3.004E-14  0.00E+00
1.334E+01 3.459E-04 4.630E-14  0.00E+00
1.259E+01 4.567E-04 6.672E-14  0.00E+00
1.189E+01 6.069E-04 9.204E-14  0.00E+00
1.122E+01 7.890E-04 1.219E-13  0.00E+00
1.059E+01 1.042E-03 1.609E-13  0.00E+00
1.000E+01 1.265E-03 1.795E-13  0.00E+00
9.441E+00 1.412E-03 1.808E-13  0.00E+00
8.913E+00 1.051E-03 9.649E-14  0.00E+00
8.414E+00 6.787E-04 4.831E-14  0.00E+00
7.943E+00 3.151E-04 2.393E-14  0.00E+00
7.499E+00 1.399E-04 5.113E-14  0.00E+00
7.079E+00 1.100E-04 1.021E-13  0.00E+00
6.683E+00 1.089E-04 1.612E-13  0.00E+00
6.310E+00 1.082E-04 2.321E-13  0.00E+00
5.957E+00 9.993E-05 4.208E-13  3.34E-07
5.623E+00 9.844E-05 5.775E-13  3.75E-07
5.309E+00 9.845E-05 7.788E-13  4.20E-07
5.012E+00 9.983E-05 1.037E-12  4.71E-07
4.732E+00 1.024E-04 1.364E-12  5.29E-07
4.467E+00 1.057E-04 1.781E-12  5.94E-07
4.217E+00 1.098E-04 2.308E-12  6.66E-07
3.981E+00 1.195E-04 2.128E-12  5.27E-07
3.758E+00 1.237E-04 2.721E-12  5.93E-07
3.548E+00 1.282E-04 3.469E-12  6.67E-07
3.350E+00 1.328E-04 4.411E-12  7.50E-07
3.162E+00 1.369E-04 5.602E-12  8.44E-07
2.985E+00 1.415E-04 7.108E-12  9.48E-07
2.818E+00 1.466E-04 9.010E-12  1.07E-06
2.661E+00 1.521E-04 1.141E-11  1.20E-06
2.512E+00 1.581E-04 1.443E-11  1.34E-06
2.371E+00 1.646E-04 1.824E-11  1.51E-06
2.239E+00 1.715E-04 2.304E-11  1.70E-06
2.113E+00 1.789E-04 2.908E-11  1.90E-06
1.995E+00 1.868E-04 3.669E-11  2.14E-06
1.884E+00 1.951E-04 4.628E-11  2.40E-06
1.778E+00 2.041E-04 5.837E-11  2.69E-06
1.679E+00 2.140E-04 7.357E-11  3.02E-06
1.585E+00 2.249E-04 9.266E-11  3.39E-06
1.496E+00 2.363E-04 1.167E-10  3.80E-06
1.413E+00 2.482E-04 1.470E-10  4.27E-06
1.334E+00 2.607E-04 1.851E-10  4.79E-06
1.259E+00 2.740E-04 2.331E-10  5.37E-06
1.189E+00 2.889E-04 2.936E-10  6.03E-06
1.122E+00 3.048E-04 3.697E-10  6.77E-06
1.059E+00 3.216E-04 4.655E-10  7.59E-06
1.000E+00 3.394E-04 5.860E-10  8.52E-06
9.441E-01 3.585E-04 7.376E-10  9.56E-06
8.913E-01 3.786E-04 9.285E-10  1.07E-05
8.414E-01 3.997E-04 1.169E-09  1.20E-05
7.943E-01 4.220E-04 1.473E-09  1.35E-05
7.499E-01 4.453E-04 1.856E-09  1.52E-05
7.079E-01 4.699E-04 2.339E-09  1.70E-05
6.683E-01 4.960E-04 2.948E-09  1.91E-05
6.310E-01 5.237E-04 3.717E-09  2.14E-05
5.957E-01 5.530E-04 4.691E-09  2.41E-05
5.623E-01 5.839E-04 5.921E-09  2.70E-05
5.309E-01 6.165E-04 7.478E-09  3.03E-05
5.012E-01 6.509E-04 9.450E-09  3.40E-05
4.732E-01 6.871E-04 1.195E-08  3.82E-05
4.467E-01 7.250E-04 1.513E-08  4.30E-05
4.217E-01 7.647E-04 1.918E-08  4.83E-05
3.981E-01 8.060E-04 2.432E-08  5.42E-05
3.758E-01 8.477E-04 3.091E-08  6.10E-05
3.548E-01 8.912E-04 3.934E-08  6.86E-05
3.350E-01 9.357E-04 5.018E-08  7.72E-05
3.162E-01 9.811E-04 6.413E-08  8.69E-05
2.985E-01 1.026E-03 8.223E-08  9.80E-05
2.818E-01 1.071E-03 1.058E-07  1.10E-04
2.661E-01 1.114E-03 1.367E-07  1.25E-04
2.512E-01 1.154E-03 1.776E-07  1.41E-04
2.371E-01 1.135E-03 2.327E-07  1.60E-04
2.239E-01 1.243E-03 3.099E-07  1.82E-04
2.113E-01 1.788E-03 4.157E-07  2.08E-04
1.995E-01 2.535E-03 5.589E-07  2.38E-04
1.884E-01 3.745E-03 7.624E-07  2.74E-04
1.778E-01 5.788E-03 1.046E-06  3.16E-04
1.679E-01 8.429E-03 1.446E-06  3.65E-04
1.585E-01 1.216E-02 2.080E-06  4.29E-04
1.496E-01 2.451E-02 3.201E-06  4.86E-04
1.413E-01 4.420E-02 3.614E-06  4.38E-04
1.334E-01 4.196E-02 4.229E-06  5.02E-04
1.259E-01 4.650E-02 5.355E-06  5.55E-04
1.189E-01 5.832E-02 7.320E-06  5.92E-04
1.122E-01 6.792E-02 9.320E-06  6.35E-04
1.059E-01 8.348E-02 1.340E-05  6.71E-04
1.000E-01 1.075E-01 1.792E-05  6.71E-04
9.441E-02 1.287E-01 2.301E-05  6.97E-04
8.913E-02 1.456E-01 2.666E-05  7.48E-04
8.414E-02 1.575E-01 3.431E-05  8.30E-04
7.943E-02 1.884E-01 4.784E-05  8.71E-04
7.499E-02 2.251E-01 6.555E-05  9.15E-04
7.079E-02 2.490E-01 8.229E-05  9.99E-04
6.683E-02 2.543E-01 9.678E-05  1.12E-03
6.310E-02 2.144E-01 9.323E-05  1.29E-03
5.957E-02 1.335E-01 5.687E-05  1.53E-03
5.623E-02 1.066E-01 3.620E-05  1.80E-03
5.309E-02 9.975E-02 3.320E-05  2.06E-03
5.012E-02 9.525E-02 3.263E-05  2.34E-03
4.732E-02 9.179E-02 3.337E-05  2.65E-03
4.467E-02 8.882E-02 3.488E-05  2.99E-03
4.217E-02 8.598E-02 3.685E-05  3.37E-03
3.981E-02 8.313E-02 3.916E-05  3.80E-03
3.758E-02 8.014E-02 4.165E-05  4.28E-03
3.548E-02 7.701E-02 4.427E-05  4.82E-03
3.350E-02 7.373E-02 4.690E-05  5.42E-03
3.162E-02 7.024E-02 4.945E-05  6.11E-03
2.985E-02 6.668E-02 5.192E-05  6.87E-03
2.818E-02 6.294E-02 5.411E-05  7.73E-03
2.661E-02 5.923E-02 5.603E-05  8.70E-03
2.512E-02 5.543E-02 5.739E-05  9.79E-03
2.371E-02 5.165E-02 5.778E-05  1.10E-02
2.239E-02 4.988E-02 5.985E-05  1.24E-02
2.113E-02 4.721E-02 6.180E-05  1.39E-02
1.995E-02 4.463E-02 6.190E-05  1.57E-02
1.884E-02 4.621E-02 6.788E-05  1.77E-02
1.778E-02 4.355E-02 7.391E-05  1.98E-02
1.679E-02 4.108E-02 7.732E-05  2.23E-02
1.585E-02 3.874E-02 7.993E-05  2.51E-02
1.496E-02 3.647E-02 8.210E-05  2.82E-02
1.413E-02 3.421E-02 8.302E-05  3.17E-02
1.334E-02 3.362E-02 8.390E-05  3.57E-02
1.259E-02 3.278E-02 9.095E-05  4.01E-02
1.189E-02 3.047E-02 9.490E-05  4.51E-02
1.122E-02 2.814E-02 9.038E-05  5.08E-02
1.059E-02 3.399E-02 9.714E-05  5.72E-02
1.000E-02 3.164E-02 1.220E-04  6.42E-02
9.441E-03 2.917E-02 1.307E-04  7.23E-02
8.913E-03 2.677E-02 1.350E-04  8.13E-02
8.414E-03 2.446E-02 1.369E-04  9.15E-02
7.943E-03 2.228E-02 1.367E-04  1.03E-01
7.499E-03 2.025E-02 1.316E-04  1.16E-01
7.079E-03 2.009E-02 1.413E-04  1.31E-01
6.683E-03 1.821E-02 1.425E-04  1.47E-01
6.310E-03 1.648E-02 1.411E-04  1.65E-01
5.957E-03 1.490E-02 1.385E-04  1.86E-01
5.623E-03 1.340E-02 1.345E-04  2.09E-01
5.309E-03 1.205E-02 1.295E-04  2.35E-01
5.012E-03 1.083E-02 1.237E-04  2.65E-01
4.732E-03 9.713E-03 1.173E-04  2.97E-01
4.467E-03 8.692E-03 1.103E-04  3.33E-01
4.217E-03 7.766E-03 1.029E-04  3.72E-01
3.981E-03 6.924E-03 9.523E-05  4.14E-01
3.758E-03 6.160E-03 8.741E-05  4.59E-01
3.548E-03 5.468E-03 7.953E-05  5.06E-01
3.350E-03 4.842E-03 7.186E-05  5.54E-01
3.162E-03 4.281E-03 6.450E-05  6.01E-01
2.985E-03 3.786E-03 5.770E-05  6.46E-01
2.818E-03 3.323E-03 5.077E-05  6.86E-01
2.661E-03 2.898E-03 4.406E-05  7.20E-01
2.512E-03 2.536E-03 3.656E-05  7.47E-01
2.371E-03 2.217E-03 2.202E-05  7.67E-01
2.239E-03 5.255E-03 3.253E-05  7.82E-01
2.113E-03 4.690E-03 3.400E-05  7.94E-01
1.995E-03 4.154E-03 3.314E-05  8.06E-01
1.884E-03 3.660E-03 3.020E-05  8.21E-01
1.778E-03 3.209E-03 2.612E-05  8.38E-01
1.679E-03 2.802E-03 1.634E-05  8.56E-01
1.585E-03 4.486E-03 2.591E-05  8.72E-01
1.496E-03 3.923E-03 2.438E-05  8.85E-01
1.413E-03 3.809E-03 2.517E-05  8.94E-01
1.334E-03 3.337E-03 2.398E-05  9.01E-01
1.259E-03 2.914E-03 2.224E-05  9.08E-01
1.189E-03 2.540E-03 2.043E-05  9.17E-01
1.122E-03 2.196E-03 1.855E-05  9.27E-01
1.059E-03 1.896E-03 1.668E-05  9.34E-01
1.000E-03 1.629E-03 1.469E-05  9.38E-01
