1.000E+03 4.334E-05 2.530E-11  2.00E-06
9.441E+02 4.863E-05 3.185E-11  2.24E-06
8.913E+02 5.457E-05 4.010E-11  2.52E-06
8.414E+02 6.124E-05 5.048E-11  2.82E-06
7.943E+02 6.872E-05 6.355E-11  3.17E-06
7.499E+02 7.711E-05 8.000E-11  3.55E-06
7.079E+02 8.653E-05 1.007E-10  3.99E-06
6.683E+02 9.710E-05 1.268E-10  4.47E-06
6.310E+02 1.090E-04 1.596E-10  5.02E-06
5.957E+02 1.223E-04 2.010E-10  5.63E-06
5.623E+02 1.372E-04 2.530E-10  6.32E-06
5.309E+02 1.540E-04 3.186E-10  7.09E-06
5.012E+02 1.728E-04 4.011E-10  7.95E-06
4.732E+02 1.939E-04 5.049E-10  8.92E-06
4.467E+02 2.177E-04 6.357E-10  1.00E-05
4.217E+02 2.443E-04 8.003E-10  1.12E-05
3.981E+02 2.742E-04 1.008E-09  1.26E-05
3.758E+02 3.078E-04 1.269E-09  1.41E-05
3.548E+02 3.455E-04 1.597E-09  1.58E-05
3.350E+02 3.879E-04 2.011E-09  1.78E-05
3.162E+02 4.356E-04 2.532E-09  1.99E-05
2.985E+02 4.891E-04 3.187E-09  2.23E-05
2.818E+02 5.491E-04 4.014E-09  2.50E-05
2.661E+02 6.166E-04 5.054E-09  2.81E-05
2.512E+02 6.924E-04 6.364E-09  3.15E-05
2.371E+02 7.778E-04 8.012E-09  3.53E-05
2.239E+02 8.739E-04 1.009E-08  3.95E-05
2.113E+02 9.820E-04 1.270E-08  4.43E-05
1.995E+02 1.104E-03 1.599E-08  4.96E-05
1.884E+02 1.240E-03 2.014E-08  5.56E-05
1.778E+02 1.394E-03 2.536E-08  6.22E-05
1.679E+02 1.567E-03 3.194E-08  6.97E-05
1.585E+02 1.762E-03 4.022E-08  7.80E-05
1.496E+02 1.982E-03 5.066E-08  8.73E-05
1.413E+02 2.230E-03 6.380E-08  9.76E-05
1.334E+02 2.510E-03 8.035E-08  1.09E-04
1.259E+02 2.826E-03 1.012E-07  1.22E-04
1.189E+02 3.182E-03 1.275E-07  1.36E-04
1.122E+02 3.584E-03 1.606E-07  1.52E-04
1.059E+02 4.041E-03 2.023E-07  1.70E-04
1.000E+02 4.557E-03 2.548E-07  1.89E-04
9.441E+01 5.143E-03 3.210E-07  2.10E-04
8.913E+01 5.805E-03 4.043E-07  2.34E-04
8.414E+01 6.557E-03 5.093E-07  2.60E-04
7.943E+01 7.411E-03 6.414E-07  2.88E-04
7.499E+01 8.372E-03 8.080E-07  3.19E-04
7.079E+01 9.470E-03 1.018E-06  3.53E-04
6.683E+01 1.072E-02 1.281E-06  3.89E-04
6.310E+01 1.213E-02 1.613E-06  4.28E-04
5.957E+01 1.372E-02 2.029E-06  4.70E-04
5.623E+01 1.553E-02 2.553E-06  5.14E-04
5.309E+01 1.756E-02 3.209E-06  5.62E-04
5.012E+01 1.985E-02 4.033E-06  6.12E-04
4.732E+01 2.242E-02 5.064E-06  6.66E-04
4.467E+01 2.531E-02 6.357E-06  7.22E-04
4.217E+01 2.856E-02 7.974E-06  7.82E-04
3.981E+01 3.216E-02 9.978E-06  8.46E-04
3.758E+01 3.614E-02 1.248E-05  9.14E-04
3.548E+01 4.040E-02 1.565E-05  9.92E-04
3.350E+01 4.525E-02 1.962E-05  1.07E-03
3.162E+01 5.100E-02 2.459E-05  1.15E-03
2.985E+01 5.762E-02 3.076E-05  1.24E-03
2.818E+01 6.501E-02 3.835E-05  1.33E-03
2.661E+01 7.352E-02 4.781E-05  1.42E-03
2.512E+01 8.338E-02 5.968E-05  1.52E-03
2.371E+01 9.433E-02 7.377E-05  1.62E-03
2.239E+01 1.071E-01 9.123E-05  1.73E-03
2.113E+01 1.220E-01 1.112E-04  1.84E-03
1.995E+01 1.396E-01 1.341E-04  1.95E-03
1.884E+01 1.552E-01 1.498E-04  2.10E-03
1.778E+01 1.558E-01 1.538E-04  2.36E-03
1.679E+01 1.418E-01 1.555E-04  2.75E-03
1.585E+01 1.214E-01 1.693E-04  3.25E-03
1.496E+01 1.033E-01 2.104E-04  3.88E-03
1.413E+01 9.345E-02 3.027E-04  4.71E-03
1.334E+01 1.123E-01 4.678E-04  5.51E-03
1.259E+01 1.489E-01 6.755E-04  5.95E-03
1.189E+01 1.983E-01 9.331E-04  6.06E-03
1.122E+01 2.578E-01 1.236E-03  6.02E-03
1.059E+01 3.397E-01 1.629E-03  5.85E-03
1.000E+01 4.092E-01 1.804E-03  6.03E-03
9.441E+00 4.515E-01 1.795E-03  6.46E-03
8.913E+00 3.326E-01 9.470E-04  7.62E-03
8.414E+00 2.154E-01 4.739E-04  9.03E-03
7.943E+00 1.007E-01 2.355E-04  1.07E-02
7.499E+00 4.527E-02 5.073E-04  1.27E-02
7.079E+00 3.601E-02 1.019E-03  1.49E-02
6.683E+00 3.597E-02 1.615E-03  1.71E-02
6.310E+00 3.607E-02 2.333E-03  1.96E-02
5.957E+00 3.558E-02 3.237E-03  2.22E-02
5.623E+00 3.535E-02 4.390E-03  2.52E-02
5.309E+00 3.571E-02 5.865E-03  2.85E-02
5.012E+00 3.661E-02 7.752E-03  3.22E-02
4.732E+00 3.801E-02 1.015E-02  3.64E-02
4.467E+00 3.979E-02 1.320E-02  4.10E-02
4.217E+00 4.193E-02 1.706E-02  4.61E-02
3.981E+00 4.421E-02 2.196E-02  5.19E-02
3.758E+00 4.662E-02 2.818E-02  5.84E-02
3.548E+00 4.929E-02 3.605E-02  6.56E-02
3.350E+00 5.219E-02 4.600E-02  7.37E-02
3.162E+00 5.509E-02 5.859E-02  8.29E-02
2.985E+00 5.844E-02 7.451E-02  9.31E-02
2.818E+00 6.226E-02 9.459E-02  1.05E-01
2.661E+00 6.653E-02 1.198E-01  1.18E-01
2.512E+00 7.133E-02 1.512E-01  1.33E-01
2.371E+00 7.676E-02 1.901E-01  1.50E-01
2.239E+00 8.276E-02 2.380E-01  1.70E-01
2.113E+00 8.947E-02 2.960E-01  1.92E-01
1.995E+00 9.702E-02 3.658E-01  2.19E-01
1.884E+00 1.055E-01 4.484E-01  2.50E-01
1.778E+00 1.152E-01 5.445E-01  2.87E-01
1.679E+00 1.269E-01 6.550E-01  3.31E-01
1.585E+00 1.413E-01 7.816E-01  3.82E-01
1.496E+00 1.593E-01 9.304E-01  4.41E-01
1.413E+00 1.821E-01 1.113E+00  5.01E-01
1.334E+00 2.101E-01 1.349E+00  5.56E-01
1.259E+00 2.402E-01 1.649E+00  5.90E-01
1.189E+00 2.643E-01 1.988E+00  5.99E-01
1.122E+00 2.726E-01 2.279E+00  5.88E-01
1.059E+00 2.683E-01 2.456E+00  5.76E-01
1.000E+00 2.667E-01 2.554E+00  5.76E-01
9.441E-01 2.837E-01 2.668E+00  5.97E-01
8.913E-01 3.286E-01 2.906E+00  6.35E-01
8.414E-01 3.895E-01 3.313E+00  6.79E-01
7.943E-01 4.140E-01 3.658E+00  7.00E-01
7.499E-01 3.946E-01 3.670E+00  6.94E-01
7.079E-01 3.897E-01 3.531E+00  6.74E-01
6.683E-01 4.447E-01 3.561E+00  6.64E-01
6.310E-01 5.272E-01 3.863E+00  6.88E-01
5.957E-01 5.011E-01 3.762E+00  7.06E-01
5.623E-01 4.875E-01 3.320E+00  6.85E-01
5.309E-01 5.834E-01 3.111E+00  6.37E-01
5.012E-01 6.148E-01 3.091E+00  6.47E-01
4.732E-01 5.589E-01 2.555E+00  6.29E-01
4.467E-01 6.745E-01 2.100E+00  5.52E-01
4.217E-01 6.690E-01 1.955E+00  5.44E-01
3.981E-01 6.377E-01 1.514E+00  4.86E-01
3.758E-01 7.693E-01 1.368E+00  4.83E-01
3.548E-01 6.956E-01 1.378E+00  5.21E-01
3.350E-01 7.900E-01 1.366E+00  5.96E-01
3.162E-01 7.509E-01 1.677E+00  6.99E-01
2.985E-01 7.361E-01 1.868E+00  7.69E-01
2.818E-01 7.852E-01 2.062E+00  8.16E-01
2.661E-01 7.923E-01 2.174E+00  8.06E-01
2.512E-01 7.384E-01 1.901E+00  8.06E-01
2.371E-01 7.504E-01 1.543E+00  7.41E-01
2.239E-01 7.975E-01 1.384E+00  7.02E-01
2.113E-01 9.471E-01 1.534E+00  8.00E-01
1.995E-01 1.048E+00 1.486E+00  8.55E-01
1.884E-01 1.108E+00 1.234E+00  8.65E-01
1.778E-01 1.116E+00 1.261E+00  8.76E-01
1.679E-01 1.097E+00 1.262E+00  8.72E-01
1.585E-01 1.067E+00 1.277E+00  8.62E-01
1.496E-01 1.028E+00 1.308E+00  8.44E-01
1.413E-01 1.040E+00 1.289E+00  8.60E-01
1.334E-01 1.038E+00 1.276E+00  8.67E-01
1.259E-01 1.028E+00 1.276E+00  8.68E-01
1.189E-01 1.009E+00 1.288E+00  8.63E-01
1.122E-01 9.988E-01 1.288E+00  8.63E-01
1.059E-01 9.742E-01 1.309E+00  8.54E-01
1.000E-01 9.563E-01 1.318E+00  8.52E-01
9.441E-02 9.420E-01 1.321E+00  8.53E-01
8.913E-02 9.359E-01 1.308E+00  8.61E-01
8.414E-02 9.255E-01 1.311E+00  8.59E-01
7.943E-02 8.989E-01 1.328E+00  8.52E-01
7.499E-02 8.661E-01 1.348E+00  8.45E-01
7.079E-02 8.365E-01 1.361E+00  8.41E-01
6.683E-02 8.015E-01 1.377E+00  8.36E-01
6.310E-02 7.639E-01 1.390E+00  8.34E-01
5.957E-02 7.702E-01 1.351E+00  8.62E-01
5.623E-02 8.452E-01 1.252E+00  9.10E-01
5.309E-02 8.743E-01 1.211E+00  9.28E-01
5.012E-02 8.921E-01 1.184E+00  9.39E-01
4.732E-02 9.033E-01 1.166E+00  9.47E-01
4.467E-02 9.108E-01 1.151E+00  9.53E-01
4.217E-02 9.160E-01 1.140E+00  9.58E-01
3.981E-02 9.198E-01 1.131E+00  9.62E-01
3.758E-02 9.226E-01 1.122E+00  9.66E-01
3.548E-02 9.248E-01 1.115E+00  9.69E-01
3.350E-02 9.267E-01 1.108E+00  9.72E-01
3.162E-02 9.283E-01 1.101E+00  9.75E-01
2.985E-02 9.298E-01 1.095E+00  9.77E-01
2.818E-02 9.313E-01 1.089E+00  9.80E-01
2.661E-02 9.330E-01 1.083E+00  9.82E-01
2.512E-02 9.349E-01 1.076E+00  9.84E-01
2.371E-02 9.376E-01 1.069E+00  9.86E-01
2.239E-02 9.420E-01 1.061E+00  9.88E-01
2.113E-02 9.441E-01 1.055E+00  9.89E-01
1.995E-02 9.478E-01 1.048E+00  9.91E-01
1.884E-02 9.543E-01 1.040E+00  9.92E-01
1.778E-02 9.522E-01 1.041E+00  9.93E-01
1.679E-02 9.526E-01 1.038E+00  9.94E-01
1.585E-02 9.535E-01 1.035E+00  9.94E-01
1.496E-02 9.545E-01 1.032E+00  9.95E-01
1.413E-02 9.557E-01 1.029E+00  9.96E-01
1.334E-02 9.599E-01 1.024E+00  9.96E-01
1.259E-02 9.605E-01 1.023E+00  9.97E-01
1.189E-02 9.595E-01 1.024E+00  9.97E-01
1.122E-02 9.606E-01 1.023E+00  9.98E-01
1.059E-02 9.742E-01 1.005E+00  9.98E-01
1.000E-02 9.672E-01 1.017E+00  9.98E-01
9.441E-03 9.646E-01 1.021E+00  9.98E-01
8.913E-03 9.627E-01 1.024E+00  9.98E-01
8.414E-03 9.609E-01 1.027E+00  9.99E-01
7.943E-03 9.589E-01 1.032E+00  9.99E-01
7.499E-03 9.568E-01 1.037E+00  9.99E-01
7.079E-03 9.576E-01 1.038E+00  9.99E-01
6.683E-03 9.537E-01 1.045E+00  9.99E-01
6.310E-03 9.490E-01 1.053E+00  9.99E-01
5.957E-03 9.432E-01 1.065E+00  9.99E-01
5.623E-03 9.355E-01 1.080E+00  9.99E-01
5.309E-03 9.260E-01 1.102E+00  1.00E+00
5.012E-03 9.143E-01 1.133E+00  1.00E+00
4.732E-03 8.999E-01 1.176E+00  1.00E+00
4.467E-03 8.824E-01 1.232E+00  1.00E+00
4.217E-03 8.616E-01 1.304E+00  1.00E+00
3.981E-03 8.372E-01 1.389E+00  1.00E+00
3.758E-03 8.092E-01 1.485E+00  1.00E+00
3.548E-03 7.776E-01 1.588E+00  1.00E+00
3.350E-03 7.426E-01 1.691E+00  1.00E+00
3.162E-03 7.047E-01 1.786E+00  1.00E+00
2.985E-03 6.652E-01 1.862E+00  1.00E+00
2.818E-03 6.219E-01 1.914E+00  1.00E+00
2.661E-03 5.759E-01 1.928E+00  1.00E+00
2.512E-03 5.313E-01 1.863E+00  1.00E+00
2.371E-03 4.873E-01 1.434E+00  1.00E+00
2.239E-03 7.701E-01 1.215E+00  1.00E+00
2.113E-03 7.359E-01 1.311E+00  1.00E+00
1.995E-03 6.975E-01 1.360E+00  1.00E+00
1.884E-03 6.559E-01 1.190E+00  1.00E+00
1.778E-03 6.117E-01 1.186E+00  1.00E+00
1.679E-03 5.659E-01 1.061E+00  1.00E+00
1.585E-03 7.228E-01 1.099E+00  1.00E+00
1.496E-03 6.794E-01 1.112E+00  1.00E+00
1.413E-03 6.697E-01 1.123E+00  1.00E+00
1.334E-03 6.253E-01 1.137E+00  1.00E+00
1.259E-03 5.794E-01 1.141E+00  1.00E+00
1.189E-03 5.329E-01 1.138E+00  1.00E+00
1.122E-03 4.848E-01 1.124E+00  1.00E+00
1.059E-03 4.381E-01 1.098E+00  1.00E+00
1.000E-03 3.924E-01 1.052E+00  1.00E+00
