1.000E+03 1.089E-06 1.007E-17  0.00E+00
9.441E+02 1.222E-06 1.268E-17  0.00E+00
8.913E+02 1.371E-06 1.596E-17  0.00E+00
8.414E+02 1.538E-06 2.010E-17  0.00E+00
7.943E+02 1.726E-06 2.530E-17  0.00E+00
7.499E+02 1.937E-06 3.185E-17  0.00E+00
7.079E+02 2.173E-06 4.010E-17  0.00E+00
6.683E+02 2.439E-06 5.048E-17  0.00E+00
6.310E+02 2.737E-06 6.355E-17  0.00E+00
5.957E+02 3.071E-06 8.001E-17  0.00E+00
5.623E+02 3.446E-06 1.007E-16  0.00E+00
5.309E+02 3.867E-06 1.268E-16  0.00E+00
5.012E+02 4.340E-06 1.597E-16  0.00E+00
4.732E+02 4.871E-06 2.010E-16  0.00E+00
4.467E+02 5.467E-06 2.531E-16  0.00E+00
4.217E+02 6.137E-06 3.186E-16  0.00E+00
3.981E+02 6.888E-06 4.011E-16  0.00E+00
3.758E+02 7.730E-06 5.050E-16  0.00E+00
3.548E+02 8.677E-06 6.359E-16  0.00E+00
3.350E+02 9.742E-06 8.006E-16  0.00E+00
3.162E+02 1.094E-05 1.008E-15  0.00E+00
2.985E+02 1.228E-05 1.269E-15  0.00E+00
2.818E+02 1.379E-05 1.598E-15  0.00E+00
2.661E+02 1.548E-05 2.012E-15  0.00E+00
2.512E+02 1.739E-05 2.533E-15  0.00E+00
2.371E+02 1.953E-05 3.190E-15  0.00E+00
2.239E+02 2.195E-05 4.016E-15  0.00E+00
2.113E+02 2.466E-05 5.056E-15  0.00E+00
1.995E+02 2.771E-05 6.367E-15  0.00E+00
1.884E+02 3.114E-05 8.017E-15  0.00E+00
1.778E+02 3.499E-05 1.010E-14  0.00E+00
1.679E+02 3.933E-05 1.271E-14  0.00E+00
1.585E+02 4.423E-05 1.601E-14  0.00E+00
1.496E+02 4.976E-05 2.016E-14  0.00E+00
1.413E+02 5.599E-05 2.539E-14  0.00E+00
1.334E+02 6.301E-05 3.198E-14  0.00E+00
1.259E+02 7.093E-05 4.028E-14  0.00E+00
1.189E+02 7.987E-05 5.074E-14  0.00E+00
1.122E+02 8.995E-05 6.392E-14  0.00E+00
1.059E+02 1.014E-04 8.050E-14  0.00E+00
1.000E+02 1.143E-04 1.014E-13  0.00E+00
9.441E+01 1.290E-04 1.277E-13  0.00E+00
8.913E+01 1.456E-04 1.609E-13  0.00E+00
8.414E+01 1.644E-04 2.026E-13  0.00E+00
7.943E+01 1.858E-04 2.552E-13  0.00E+00
7.499E+01 2.099E-04 3.215E-13  0.00E+00
7.079E+01 2.373E-04 4.048E-13  0.00E+00
6.683E+01 2.685E-04 5.096E-13  0.00E+00
6.310E+01 3.038E-04 6.414E-13  0.00E+00
5.957E+01 3.436E-04 8.072E-13  0.00E+00
5.623E+01 3.887E-04 1.015E-12  0.00E+00
5.309E+01 4.395E-04 1.276E-12  0.00E+00
5.012E+01 4.965E-04 1.603E-12  0.00E+00
4.732E+01 5.607E-04 2.013E-12  4.20E-07
4.467E+01 6.328E-04 2.527E-12  4.56E-07
4.217E+01 7.138E-04 3.169E-12  4.94E-07
3.981E+01 8.034E-04 3.964E-12  5.34E-07
3.758E+01 9.022E-04 4.957E-12  5.78E-07
3.548E+01 1.008E-03 6.214E-12  6.26E-07
3.350E+01 1.128E-03 7.790E-12  6.78E-07
3.162E+01 1.271E-03 9.759E-12  7.29E-07
2.985E+01 1.435E-03 1.221E-11  7.83E-07
2.818E+01 1.618E-03 1.521E-11  8.39E-07
2.661E+01 1.829E-03 1.896E-11  8.98E-07
2.512E+01 2.073E-03 2.365E-11  9.59E-07
2.371E+01 2.344E-03 2.923E-11  1.02E-06
2.239E+01 2.661E-03 3.613E-11  1.09E-06
2.113E+01 3.028E-03 4.404E-11  1.16E-06
1.995E+01 3.465E-03 5.308E-11  1.23E-06
1.884E+01 3.853E-03 5.933E-11  1.33E-06
1.778E+01 3.869E-03 6.095E-11  1.50E-06
1.679E+01 3.521E-03 6.165E-11  1.74E-06
1.585E+01 3.011E-03 6.712E-11  2.05E-06
1.496E+01 2.553E-03 8.332E-11  2.45E-06
1.413E+01 2.300E-03 1.196E-10  2.98E-06
1.334E+01 2.747E-03 1.843E-10  3.49E-06
1.259E+01 3.628E-03 2.656E-10  3.77E-06
1.189E+01 4.821E-03 3.664E-10  3.85E-06
1.122E+01 6.267E-03 4.854E-10  3.83E-06
1.059E+01 8.276E-03 6.407E-10  3.72E-06
1.000E+01 1.005E-02 7.148E-10  3.82E-06
9.441E+00 1.122E-02 7.197E-10  4.07E-06
8.913E+00 8.345E-03 3.841E-10  4.79E-06
8.414E+00 5.391E-03 1.923E-10  5.68E-06
7.943E+00 2.503E-03 9.526E-11  6.72E-06
7.499E+00 1.111E-03 2.036E-10  8.03E-06
7.079E+00 8.741E-04 4.066E-10  9.43E-06
6.683E+00 8.651E-04 6.419E-10  1.09E-05
6.310E+00 8.596E-04 9.240E-10  1.24E-05
5.957E+00 8.397E-04 1.278E-09  1.41E-05
5.623E+00 8.259E-04 1.728E-09  1.61E-05
5.309E+00 8.250E-04 2.302E-09  1.82E-05
5.012E+00 8.355E-04 3.032E-09  2.06E-05
4.732E+00 8.561E-04 3.956E-09  2.32E-05
4.467E+00 8.833E-04 5.127E-09  2.62E-05
4.217E+00 9.163E-04 6.606E-09  2.95E-05
3.981E+00 9.496E-04 8.473E-09  3.33E-05
3.758E+00 9.828E-04 1.083E-08  3.74E-05
3.548E+00 1.018E-03 1.381E-08  4.21E-05
3.350E+00 1.055E-03 1.756E-08  4.74E-05
3.162E+00 1.087E-03 2.230E-08  5.32E-05
2.985E+00 1.124E-03 2.830E-08  5.98E-05
2.818E+00 1.165E-03 3.587E-08  6.72E-05
2.661E+00 1.209E-03 4.543E-08  7.55E-05
2.512E+00 1.256E-03 5.746E-08  8.48E-05
2.371E+00 1.308E-03 7.263E-08  9.52E-05
2.239E+00 1.363E-03 9.174E-08  1.07E-04
2.113E+00 1.421E-03 1.158E-07  1.20E-04
1.995E+00 1.484E-03 1.461E-07  1.35E-04
1.884E+00 1.551E-03 1.843E-07  1.51E-04
1.778E+00 1.622E-03 2.324E-07  1.70E-04
1.679E+00 1.701E-03 2.929E-07  1.91E-04
1.585E+00 1.788E-03 3.690E-07  2.14E-04
1.496E+00 1.878E-03 4.648E-07  2.40E-04
1.413E+00 1.973E-03 5.853E-07  2.69E-04
1.334E+00 2.073E-03 7.372E-07  3.02E-04
1.259E+00 2.179E-03 9.282E-07  3.39E-04
1.189E+00 2.298E-03 1.169E-06  3.80E-04
1.122E+00 2.424E-03 1.473E-06  4.27E-04
1.059E+00 2.559E-03 1.854E-06  4.79E-04
1.000E+00 2.701E-03 2.334E-06  5.37E-04
9.441E-01 2.853E-03 2.938E-06  6.03E-04
8.913E-01 3.014E-03 3.699E-06  6.76E-04
8.414E-01 3.183E-03 4.658E-06  7.59E-04
7.943E-01 3.361E-03 5.869E-06  8.52E-04
7.499E-01 3.549E-03 7.395E-06  9.56E-04
7.079E-01 3.746E-03 9.321E-06  1.07E-03
6.683E-01 3.956E-03 1.175E-05  1.20E-03
6.310E-01 4.179E-03 1.482E-05  1.35E-03
5.957E-01 4.415E-03 1.870E-05  1.52E-03
5.623E-01 4.665E-03 2.361E-05  1.70E-03
5.309E-01 4.929E-03 2.982E-05  1.91E-03
5.012E-01 5.208E-03 3.770E-05  2.15E-03
4.732E-01 5.502E-03 4.768E-05  2.41E-03
4.467E-01 5.812E-03 6.037E-05  2.71E-03
4.217E-01 6.138E-03 7.656E-05  3.04E-03
3.981E-01 6.477E-03 9.715E-05  3.42E-03
3.758E-01 6.823E-03 1.235E-04  3.84E-03
3.548E-01 7.185E-03 1.573E-04  4.32E-03
3.350E-01 7.559E-03 2.007E-04  4.86E-03
3.162E-01 7.942E-03 2.567E-04  5.47E-03
2.985E-01 8.330E-03 3.294E-04  6.16E-03
2.818E-01 8.721E-03 4.242E-04  6.95E-03
2.661E-01 9.101E-03 5.488E-04  7.84E-03
2.512E-01 9.462E-03 7.139E-04  8.87E-03
2.371E-01 9.349E-03 9.371E-04  1.00E-02
2.239E-01 1.030E-02 1.251E-03  1.14E-02
2.113E-01 1.492E-02 1.683E-03  1.31E-02
1.995E-01 2.133E-02 2.270E-03  1.49E-02
1.884E-01 3.184E-02 3.109E-03  1.72E-02
1.778E-01 4.983E-02 4.286E-03  1.98E-02
1.679E-01 7.366E-02 5.963E-03  2.29E-02
1.585E-01 1.085E-01 8.648E-03  2.69E-02
1.496E-01 2.243E-01 1.343E-02  3.04E-02
1.413E-01 3.930E-01 1.493E-02  2.72E-02
1.334E-01 3.775E-01 1.752E-02  3.13E-02
1.259E-01 4.225E-01 2.221E-02  3.46E-02
1.189E-01 5.334E-01 3.033E-02  3.68E-02
1.122E-01 6.218E-01 3.838E-02  3.95E-02
1.059E-01 7.690E-01 5.500E-02  4.17E-02
1.000E-01 9.615E-01 7.132E-02  4.22E-02
9.441E-02 1.112E+00 8.794E-02  4.47E-02
8.913E-02 1.195E+00 9.605E-02  4.90E-02
8.414E-02 1.275E+00 1.200E-01  5.50E-02
7.943E-02 1.427E+00 1.545E-01  5.96E-02
7.499E-02 1.531E+00 1.869E-01  6.56E-02
7.079E-02 1.511E+00 2.046E-01  7.48E-02
6.683E-02 1.383E+00 2.094E-01  8.67E-02
6.310E-02 1.099E+00 1.840E-01  1.01E-01
5.957E-02 7.300E-01 1.169E-01  1.15E-01
5.623E-02 6.284E-01 7.785E-02  1.32E-01
5.309E-02 5.983E-01 6.997E-02  1.50E-01
5.012E-02 5.756E-01 6.642E-02  1.70E-01
4.732E-02 5.559E-01 6.496E-02  1.93E-01
4.467E-02 5.376E-01 6.447E-02  2.18E-01
4.217E-02 5.196E-01 6.433E-02  2.46E-01
3.981E-02 5.017E-01 6.425E-02  2.77E-01
3.758E-02 4.833E-01 6.399E-02  3.10E-01
3.548E-02 4.648E-01 6.350E-02  3.47E-01
3.350E-02 4.459E-01 6.265E-02  3.85E-01
3.162E-02 4.265E-01 6.139E-02  4.26E-01
2.985E-02 4.071E-01 5.979E-02  4.69E-01
2.818E-02 3.871E-01 5.775E-02  5.13E-01
2.661E-02 3.674E-01 5.535E-02  5.57E-01
2.512E-02 3.473E-01 5.246E-02  6.01E-01
2.371E-02 3.273E-01 4.889E-02  6.43E-01
2.239E-02 3.183E-01 4.655E-02  6.82E-01
2.113E-02 3.037E-01 4.431E-02  7.17E-01
1.995E-02 2.898E-01 4.101E-02  7.46E-01
1.884E-02 2.992E-01 4.096E-02  7.69E-01
1.778E-02 2.832E-01 4.114E-02  7.87E-01
1.679E-02 2.690E-01 3.981E-02  8.02E-01
1.585E-02 2.556E-01 3.809E-02  8.14E-01
1.496E-02 2.427E-01 3.620E-02  8.27E-01
1.413E-02 2.298E-01 3.385E-02  8.41E-01
1.334E-02 2.271E-01 3.141E-02  8.57E-01
1.259E-02 2.222E-01 3.119E-02  8.73E-01
1.189E-02 2.084E-01 3.001E-02  8.86E-01
1.122E-02 1.947E-01 2.647E-02  8.96E-01
1.059E-02 2.318E-01 2.553E-02  9.03E-01
1.000E-02 2.164E-01 2.954E-02  9.10E-01
9.441E-03 2.013E-01 2.934E-02  9.18E-01
8.913E-03 1.866E-01 2.811E-02  9.27E-01
8.414E-03 1.723E-01 2.650E-02  9.34E-01
7.943E-03 1.585E-01 2.465E-02  9.39E-01
7.499E-03 1.455E-01 2.217E-02  9.44E-01
7.079E-03 1.446E-01 2.206E-02  9.50E-01
6.683E-03 1.323E-01 2.085E-02  9.55E-01
6.310E-03 1.207E-01 1.943E-02  9.58E-01
5.957E-03 1.100E-01 1.798E-02  9.62E-01
5.623E-03 9.968E-02 1.652E-02  9.66E-01
5.309E-03 9.024E-02 1.510E-02  9.69E-01
5.012E-03 8.159E-02 1.376E-02  9.71E-01
4.732E-03 7.358E-02 1.250E-02  9.74E-01
4.467E-03 6.618E-02 1.131E-02  9.76E-01
4.217E-03 5.940E-02 1.020E-02  9.79E-01
3.981E-03 5.318E-02 9.166E-03  9.81E-01
3.758E-03 4.749E-02 8.208E-03  9.82E-01
3.548E-03 4.230E-02 7.311E-03  9.84E-01
3.350E-03 3.757E-02 6.487E-03  9.86E-01
3.162E-03 3.332E-02 5.729E-03  9.87E-01
2.985E-03 2.954E-02 5.046E-03  9.88E-01
2.818E-03 2.598E-02 4.370E-03  9.89E-01
2.661E-03 2.271E-02 3.727E-03  9.90E-01
2.512E-03 1.991E-02 3.032E-03  9.91E-01
2.371E-03 1.744E-02 1.787E-03  9.92E-01
2.239E-03 4.084E-02 2.545E-03  9.93E-01
2.113E-03 3.653E-02 2.604E-03  9.93E-01
1.995E-03 3.243E-02 2.490E-03  9.94E-01
1.884E-03 2.863E-02 2.233E-03  9.95E-01
1.778E-03 2.515E-02 1.907E-03  9.95E-01
1.679E-03 2.200E-02 1.181E-03  9.96E-01
1.585E-03 3.499E-02 1.839E-03  9.96E-01
1.496E-03 3.067E-02 1.716E-03  9.96E-01
1.413E-03 2.980E-02 1.751E-03  9.97E-01
1.334E-03 2.615E-02 1.653E-03  9.97E-01
1.259E-03 2.288E-02 1.521E-03  9.97E-01
1.189E-03 1.997E-02 1.388E-03  9.98E-01
1.122E-03 1.729E-02 1.254E-03  9.98E-01
1.059E-03 1.494E-02 1.121E-03  9.98E-01
1.000E-03 1.286E-02 9.814E-04  9.98E-01
