1.000E+03 1.538E-07 4.010E-21  0.00E+00
9.441E+02 1.726E-07 5.048E-21  0.00E+00
8.913E+02 1.936E-07 6.355E-21  0.00E+00
8.414E+02 2.173E-07 8.000E-21  0.00E+00
7.943E+02 2.438E-07 1.007E-20  0.00E+00
7.499E+02 2.736E-07 1.268E-20  0.00E+00
7.079E+02 3.070E-07 1.596E-20  0.00E+00
6.683E+02 3.445E-07 2.010E-20  0.00E+00
6.310E+02 3.866E-07 2.530E-20  0.00E+00
5.957E+02 4.338E-07 3.185E-20  0.00E+00
5.623E+02 4.868E-07 4.010E-20  0.00E+00
5.309E+02 5.463E-07 5.049E-20  0.00E+00
5.012E+02 6.130E-07 6.357E-20  0.00E+00
4.732E+02 6.880E-07 8.003E-20  0.00E+00
4.467E+02 7.723E-07 1.007E-19  0.00E+00
4.217E+02 8.669E-07 1.268E-19  0.00E+00
3.981E+02 9.729E-07 1.597E-19  0.00E+00
3.758E+02 1.092E-06 2.011E-19  0.00E+00
3.548E+02 1.226E-06 2.532E-19  0.00E+00
3.350E+02 1.376E-06 3.187E-19  0.00E+00
3.162E+02 1.545E-06 4.012E-19  0.00E+00
2.985E+02 1.735E-06 5.052E-19  0.00E+00
2.818E+02 1.948E-06 6.361E-19  0.00E+00
2.661E+02 2.187E-06 8.009E-19  0.00E+00
2.512E+02 2.456E-06 1.009E-18  0.00E+00
2.371E+02 2.759E-06 1.270E-18  0.00E+00
2.239E+02 3.100E-06 1.599E-18  0.00E+00
2.113E+02 3.483E-06 2.013E-18  0.00E+00
1.995E+02 3.914E-06 2.535E-18  0.00E+00
1.884E+02 4.398E-06 3.192E-18  0.00E+00
1.778E+02 4.942E-06 4.019E-18  0.00E+00
1.679E+02 5.556E-06 5.061E-18  0.00E+00
1.585E+02 6.248E-06 6.374E-18  0.00E+00
1.496E+02 7.028E-06 8.027E-18  0.00E+00
1.413E+02 7.908E-06 1.011E-17  0.00E+00
1.334E+02 8.900E-06 1.273E-17  0.00E+00
1.259E+02 1.002E-05 1.604E-17  0.00E+00
1.189E+02 1.128E-05 2.020E-17  0.00E+00
1.122E+02 1.271E-05 2.545E-17  0.00E+00
1.059E+02 1.432E-05 3.205E-17  0.00E+00
1.000E+02 1.615E-05 4.037E-17  0.00E+00
9.441E+01 1.822E-05 5.085E-17  0.00E+00
8.913E+01 2.057E-05 6.405E-17  0.00E+00
8.414E+01 2.323E-05 8.067E-17  0.00E+00
7.943E+01 2.625E-05 1.016E-16  0.00E+00
7.499E+01 2.964E-05 1.280E-16  0.00E+00
7.079E+01 3.352E-05 1.612E-16  0.00E+00
6.683E+01 3.793E-05 2.029E-16  0.00E+00
6.310E+01 4.291E-05 2.554E-16  0.00E+00
5.957E+01 4.853E-05 3.213E-16  0.00E+00
5.623E+01 5.491E-05 4.041E-16  0.00E+00
5.309E+01 6.209E-05 5.080E-16  0.00E+00
5.012E+01 7.013E-05 6.383E-16  0.00E+00
4.732E+01 7.920E-05 8.015E-16  0.00E+00
4.467E+01 8.939E-05 1.006E-15  0.00E+00
4.217E+01 1.008E-04 1.262E-15  0.00E+00
3.981E+01 1.135E-04 1.578E-15  0.00E+00
3.758E+01 1.274E-04 1.973E-15  0.00E+00
3.548E+01 1.424E-04 2.474E-15  0.00E+00
3.350E+01 1.594E-04 3.101E-15  0.00E+00
3.162E+01 1.795E-04 3.885E-15  0.00E+00
2.985E+01 2.028E-04 4.859E-15  0.00E+00
2.818E+01 2.286E-04 6.055E-15  0.00E+00
2.661E+01 2.584E-04 7.547E-15  0.00E+00
2.512E+01 2.928E-04 9.417E-15  0.00E+00
2.371E+01 3.311E-04 1.164E-14  0.00E+00
2.239E+01 3.759E-04 1.438E-14  0.00E+00
2.113E+01 4.277E-04 1.753E-14  0.00E+00
1.995E+01 4.895E-04 2.113E-14  0.00E+00
1.884E+01 5.443E-04 2.362E-14  0.00E+00
1.778E+01 5.465E-04 2.426E-14  0.00E+00
1.679E+01 4.973E-04 2.454E-14  0.00E+00
1.585E+01 4.253E-04 2.672E-14  0.00E+00
1.496E+01 3.607E-04 3.317E-14  0.00E+00
1.413E+01 3.248E-04 4.761E-14  0.00E+00
1.334E+01 3.881E-04 7.339E-14  0.00E+00
1.259E+01 5.125E-04 1.057E-13  0.00E+00
1.189E+01 6.810E-04 1.459E-13  0.00E+00
1.122E+01 8.853E-04 1.932E-13  0.00E+00
1.059E+01 1.169E-03 2.551E-13  0.00E+00
1.000E+01 1.419E-03 2.845E-13  0.00E+00
9.441E+00 1.584E-03 2.865E-13  0.00E+00
8.913E+00 1.179E-03 1.529E-13  0.00E+00
8.414E+00 7.615E-04 7.656E-14  0.00E+00
7.943E+00 3.535E-04 3.792E-14  0.00E+00
7.499E+00 1.570E-04 8.104E-14  0.00E+00
7.079E+00 1.235E-04 1.619E-13  0.00E+00
6.683E+00 1.152E-04 3.210E-13  3.34E-07
6.310E+00 1.146E-04 4.732E-13  3.75E-07
5.957E+00 1.121E-04 6.669E-13  4.20E-07
5.623E+00 1.104E-04 9.153E-13  4.71E-07
5.309E+00 1.105E-04 1.234E-12  5.29E-07
5.012E+00 1.120E-04 1.643E-12  5.94E-07
4.732E+00 1.149E-04 2.162E-12  6.66E-07
4.467E+00 1.186E-04 2.822E-12  7.47E-07
4.217E+00 1.294E-04 2.630E-12  5.89E-07
3.981E+00 1.341E-04 3.373E-12  6.64E-07
3.758E+00 1.388E-04 4.312E-12  7.47E-07
3.548E+00 1.438E-04 5.498E-12  8.40E-07
3.350E+00 1.490E-04 6.991E-12  9.45E-07
3.162E+00 1.536E-04 8.879E-12  1.06E-06
2.985E+00 1.587E-04 1.126E-11  1.19E-06
2.818E+00 1.645E-04 1.428E-11  1.34E-06
2.661E+00 1.707E-04 1.808E-11  1.51E-06
2.512E+00 1.774E-04 2.287E-11  1.69E-06
2.371E+00 1.847E-04 2.891E-11  1.90E-06
2.239E+00 1.924E-04 3.652E-11  2.13E-06
2.113E+00 2.007E-04 4.608E-11  2.40E-06
1.995E+00 2.095E-04 5.815E-11  2.69E-06
1.884E+00 2.189E-04 7.335E-11  3.02E-06
1.778E+00 2.290E-04 9.250E-11  3.39E-06
1.679E+00 2.401E-04 1.166E-10  3.80E-06
1.585E+00 2.523E-04 1.469E-10  4.27E-06
1.496E+00 2.651E-04 1.850E-10  4.79E-06
1.413E+00 2.785E-04 2.330E-10  5.37E-06
1.334E+00 2.925E-04 2.934E-10  6.03E-06
1.259E+00 3.075E-04 3.694E-10  6.77E-06
1.189E+00 3.242E-04 4.653E-10  7.59E-06
1.122E+00 3.420E-04 5.860E-10  8.52E-06
1.059E+00 3.608E-04 7.378E-10  9.56E-06
1.000E+00 3.809E-04 9.287E-10  1.07E-05
9.441E-01 4.022E-04 1.169E-09  1.20E-05
8.913E-01 4.248E-04 1.472E-09  1.35E-05
8.414E-01 4.485E-04 1.853E-09  1.52E-05
7.943E-01 4.735E-04 2.335E-09  1.70E-05
7.499E-01 4.997E-04 2.942E-09  1.91E-05
7.079E-01 5.273E-04 3.707E-09  2.14E-05
6.683E-01 5.565E-04 4.672E-09  2.40E-05
6.310E-01 5.876E-04 5.892E-09  2.70E-05
5.957E-01 6.205E-04 7.434E-09  3.03E-05
5.623E-01 6.552E-04 9.385E-09  3.40E-05
5.309E-01 6.918E-04 1.185E-08  3.82E-05
5.012E-01 7.303E-04 1.498E-08  4.29E-05
4.732E-01 7.709E-04 1.894E-08  4.81E-05
4.467E-01 8.135E-04 2.398E-08  5.41E-05
4.217E-01 8.580E-04 3.039E-08  6.08E-05
3.981E-01 9.044E-04 3.855E-08  6.83E-05
3.758E-01 9.512E-04 4.898E-08  7.68E-05
3.548E-01 1.000E-03 6.236E-08  8.64E-05
3.350E-01 1.050E-03 7.953E-08  9.72E-05
3.162E-01 1.101E-03 1.016E-07  1.09E-04
2.985E-01 1.152E-03 1.303E-07  1.23E-04
2.818E-01 1.202E-03 1.677E-07  1.39E-04
2.661E-01 1.250E-03 2.167E-07  1.57E-04
2.512E-01 1.295E-03 2.814E-07  1.78E-04
2.371E-01 1.273E-03 3.688E-07  2.01E-04
2.239E-01 1.395E-03 4.912E-07  2.29E-04
2.113E-01 2.006E-03 6.588E-07  2.62E-04
1.995E-01 2.845E-03 8.859E-07  3.00E-04
1.884E-01 4.203E-03 1.208E-06  3.45E-04
1.778E-01 6.497E-03 1.658E-06  3.98E-04
1.679E-01 9.461E-03 2.293E-06  4.60E-04
1.585E-01 1.365E-02 3.297E-06  5.40E-04
1.496E-01 2.752E-02 5.074E-06  6.12E-04
1.413E-01 4.962E-02 5.729E-06  5.51E-04
1.334E-01 4.711E-02 6.703E-06  6.32E-04
1.259E-01 5.221E-02 8.490E-06  6.98E-04
1.189E-01 6.549E-02 1.160E-05  7.45E-04
1.122E-01 7.626E-02 1.478E-05  7.99E-04
1.059E-01 9.374E-02 2.125E-05  8.44E-04
1.000E-01 1.207E-01 2.842E-05  8.44E-04
9.441E-02 1.446E-01 3.648E-05  8.78E-04
8.913E-02 1.635E-01 4.226E-05  9.42E-04
8.414E-02 1.769E-01 5.439E-05  1.04E-03
7.943E-02 2.115E-01 7.583E-05  1.10E-03
7.499E-02 2.526E-01 1.039E-04  1.15E-03
7.079E-02 2.793E-01 1.303E-04  1.26E-03
6.683E-02 2.852E-01 1.532E-04  1.41E-03
6.310E-02 2.403E-01 1.474E-04  1.62E-03
5.957E-02 1.496E-01 8.991E-05  1.93E-03
5.623E-02 1.195E-01 5.723E-05  2.27E-03
5.309E-02 1.118E-01 5.249E-05  2.59E-03
5.012E-02 1.068E-01 5.158E-05  2.94E-03
4.732E-02 1.029E-01 5.273E-05  3.33E-03
4.467E-02 9.956E-02 5.511E-05  3.77E-03
4.217E-02 9.637E-02 5.822E-05  4.25E-03
3.981E-02 9.316E-02 6.184E-05  4.79E-03
3.758E-02 8.980E-02 6.574E-05  5.39E-03
3.548E-02 8.629E-02 6.985E-05  6.07E-03
3.350E-02 8.261E-02 7.397E-05  6.84E-03
3.162E-02 7.869E-02 7.794E-05  7.69E-03
2.985E-02 7.469E-02 8.179E-05  8.66E-03
2.818E-02 7.050E-02 8.519E-05  9.74E-03
2.661E-02 6.635E-02 8.815E-05  1.10E-02
2.512E-02 6.209E-02 9.022E-05  1.23E-02
2.371E-02 5.785E-02 9.076E-05  1.39E-02
2.239E-02 5.586E-02 9.393E-05  1.56E-02
2.113E-02 5.287E-02 9.687E-05  1.76E-02
1.995E-02 4.997E-02 9.693E-05  1.98E-02
1.884E-02 5.174E-02 1.061E-04  2.23E-02
1.778E-02 4.876E-02 1.154E-04  2.50E-02
1.679E-02 4.599E-02 1.205E-04  2.82E-02
1.585E-02 4.337E-02 1.244E-04  3.17E-02
1.496E-02 4.083E-02 1.275E-04  3.56E-02
1.413E-02 3.829E-02 1.287E-04  4.01E-02
1.334E-02 3.764E-02 1.297E-04  4.51E-02
1.259E-02 3.669E-02 1.402E-04  5.07E-02
1.189E-02 3.410E-02 1.458E-04  5.70E-02
1.122E-02 3.150E-02 1.385E-04  6.42E-02
1.059E-02 3.805E-02 1.483E-04  7.24E-02
1.000E-02 3.540E-02 1.853E-04  8.13E-02
9.441E-03 3.264E-02 1.977E-04  9.15E-02
8.913E-03 2.995E-02 2.031E-04  1.03E-01
8.414E-03 2.737E-02 2.048E-04  1.16E-01
7.943E-03 2.493E-02 2.033E-04  1.31E-01
7.499E-03 2.266E-02 1.945E-04  1.47E-01
7.079E-03 2.248E-02 2.072E-04  1.65E-01
6.683E-03 2.039E-02 2.073E-04  1.86E-01
6.310E-03 1.845E-02 2.036E-04  2.09E-01
5.957E-03 1.668E-02 1.980E-04  2.36E-01
5.623E-03 1.501E-02 1.905E-04  2.65E-01
5.309E-03 1.350E-02 1.815E-04  2.97E-01
5.012E-03 1.214E-02 1.716E-04  3.33E-01
4.732E-03 1.089E-02 1.610E-04  3.72E-01
4.467E-03 9.743E-03 1.498E-04  4.14E-01
4.217E-03 8.706E-03 1.383E-04  4.59E-01
3.981E-03 7.763E-03 1.268E-04  5.06E-01
3.758E-03 6.907E-03 1.155E-04  5.54E-01
3.548E-03 6.131E-03 1.045E-04  6.01E-01
3.350E-03 5.429E-03 9.410E-05  6.46E-01
3.162E-03 4.801E-03 8.438E-05  6.86E-01
2.985E-03 4.246E-03 7.558E-05  7.20E-01
2.818E-03 3.726E-03 6.671E-05  7.47E-01
2.661E-03 3.250E-03 5.809E-05  7.67E-01
2.512E-03 2.844E-03 4.832E-05  7.82E-01
2.371E-03 2.487E-03 2.911E-05  7.94E-01
2.239E-03 5.893E-03 4.288E-05  8.07E-01
2.113E-03 5.260E-03 4.458E-05  8.21E-01
1.995E-03 4.659E-03 4.315E-05  8.38E-01
1.884E-03 4.105E-03 3.908E-05  8.56E-01
1.778E-03 3.600E-03 3.367E-05  8.72E-01
1.679E-03 3.143E-03 2.104E-05  8.85E-01
1.585E-03 5.032E-03 3.338E-05  8.94E-01
1.496E-03 4.400E-03 3.142E-05  9.01E-01
1.413E-03 4.273E-03 3.238E-05  9.08E-01
1.334E-03 3.743E-03 3.074E-05  9.17E-01
1.259E-03 3.269E-03 2.842E-05  9.27E-01
1.189E-03 2.849E-03 2.608E-05  9.34E-01
1.122E-03 2.463E-03 2.368E-05  9.38E-01
1.059E-03 2.126E-03 2.128E-05  9.43E-01
1.000E-03 1.828E-03 1.870E-05  9.49E-01
