1.000E+03 1.725E-06 6.355E-17  0.00E+00
9.441E+02 1.936E-06 8.000E-17  0.00E+00
8.913E+02 2.173E-06 1.007E-16  0.00E+00
8.414E+02 2.438E-06 1.268E-16  0.00E+00
7.943E+02 2.736E-06 1.596E-16  0.00E+00
7.499E+02 3.070E-06 2.010E-16  0.00E+00
7.079E+02 3.445E-06 2.530E-16  0.00E+00
6.683E+02 3.865E-06 3.185E-16  0.00E+00
6.310E+02 4.337E-06 4.010E-16  0.00E+00
5.957E+02 4.867E-06 5.049E-16  0.00E+00
5.623E+02 5.462E-06 6.356E-16  0.00E+00
5.309E+02 6.129E-06 8.002E-16  0.00E+00
5.012E+02 6.878E-06 1.007E-15  0.00E+00
4.732E+02 7.720E-06 1.268E-15  0.00E+00
4.467E+02 8.665E-06 1.597E-15  0.00E+00
4.217E+02 9.726E-06 2.010E-15  0.00E+00
3.981E+02 1.092E-05 2.531E-15  0.00E+00
3.758E+02 1.225E-05 3.187E-15  0.00E+00
3.548E+02 1.375E-05 4.012E-15  0.00E+00
3.350E+02 1.544E-05 5.051E-15  0.00E+00
3.162E+02 1.734E-05 6.359E-15  0.00E+00
2.985E+02 1.947E-05 8.006E-15  0.00E+00
2.818E+02 2.186E-05 1.008E-14  0.00E+00
2.661E+02 2.454E-05 1.269E-14  0.00E+00
2.512E+02 2.756E-05 1.598E-14  0.00E+00
2.371E+02 3.096E-05 2.013E-14  0.00E+00
2.239E+02 3.478E-05 2.534E-14  0.00E+00
2.113E+02 3.908E-05 3.190E-14  0.00E+00
1.995E+02 4.392E-05 4.017E-14  0.00E+00
1.884E+02 4.935E-05 5.058E-14  0.00E+00
1.778E+02 5.546E-05 6.370E-14  0.00E+00
1.679E+02 6.234E-05 8.022E-14  0.00E+00
1.585E+02 7.011E-05 1.010E-13  0.00E+00
1.496E+02 7.886E-05 1.272E-13  0.00E+00
1.413E+02 8.873E-05 1.602E-13  0.00E+00
1.334E+02 9.986E-05 2.018E-13  0.00E+00
1.259E+02 1.124E-04 2.542E-13  0.00E+00
1.189E+02 1.266E-04 3.201E-13  0.00E+00
1.122E+02 1.426E-04 4.033E-13  0.00E+00
1.059E+02 1.607E-04 5.079E-13  0.00E+00
1.000E+02 1.812E-04 6.398E-13  0.00E+00
9.441E+01 2.045E-04 8.059E-13  0.00E+00
8.913E+01 2.308E-04 1.015E-12  0.00E+00
8.414E+01 2.606E-04 1.279E-12  0.00E+00
7.943E+01 2.945E-04 1.610E-12  0.00E+00
7.499E+01 3.326E-04 2.028E-12  5.06E-07
7.079E+01 3.762E-04 2.554E-12  5.59E-07
6.683E+01 4.256E-04 3.215E-12  6.16E-07
6.310E+01 4.815E-04 4.047E-12  6.78E-07
5.957E+01 5.446E-04 5.093E-12  7.44E-07
5.623E+01 6.161E-04 6.405E-12  8.15E-07
5.309E+01 6.966E-04 8.052E-12  8.90E-07
5.012E+01 7.869E-04 1.012E-11  9.71E-07
4.732E+01 8.886E-04 1.270E-11  1.06E-06
4.467E+01 1.003E-03 1.594E-11  1.15E-06
4.217E+01 1.131E-03 1.999E-11  1.24E-06
3.981E+01 1.273E-03 2.501E-11  1.34E-06
3.758E+01 1.430E-03 3.128E-11  1.45E-06
3.548E+01 1.598E-03 3.921E-11  1.57E-06
3.350E+01 1.788E-03 4.915E-11  1.70E-06
3.162E+01 2.015E-03 6.157E-11  1.83E-06
2.985E+01 2.275E-03 7.702E-11  1.97E-06
2.818E+01 2.565E-03 9.597E-11  2.11E-06
2.661E+01 2.899E-03 1.196E-10  2.26E-06
2.512E+01 3.286E-03 1.493E-10  2.41E-06
2.371E+01 3.715E-03 1.844E-10  2.57E-06
2.239E+01 4.217E-03 2.280E-10  2.74E-06
2.113E+01 4.799E-03 2.779E-10  2.92E-06
1.995E+01 5.492E-03 3.349E-10  3.10E-06
1.884E+01 6.107E-03 3.744E-10  3.33E-06
1.778E+01 6.132E-03 3.846E-10  3.76E-06
1.679E+01 5.580E-03 3.890E-10  4.37E-06
1.585E+01 4.772E-03 4.235E-10  5.16E-06
1.496E+01 4.047E-03 5.257E-10  6.16E-06
1.413E+01 3.645E-03 7.546E-10  7.48E-06
1.334E+01 4.354E-03 1.163E-09  8.76E-06
1.259E+01 5.750E-03 1.676E-09  9.48E-06
1.189E+01 7.641E-03 2.312E-09  9.67E-06
1.122E+01 9.934E-03 3.063E-09  9.62E-06
1.059E+01 1.312E-02 4.042E-09  9.34E-06
1.000E+01 1.592E-02 4.510E-09  9.59E-06
9.441E+00 1.778E-02 4.541E-09  1.02E-05
8.913E+00 1.323E-02 2.424E-09  1.20E-05
8.414E+00 8.545E-03 1.213E-09  1.43E-05
7.943E+00 3.967E-03 6.010E-10  1.69E-05
7.499E+00 1.761E-03 1.284E-09  2.02E-05
7.079E+00 1.385E-03 2.565E-09  2.37E-05
6.683E+00 1.371E-03 4.050E-09  2.73E-05
6.310E+00 1.362E-03 5.830E-09  3.12E-05
5.957E+00 1.331E-03 8.066E-09  3.55E-05
5.623E+00 1.309E-03 1.091E-08  4.03E-05
5.309E+00 1.308E-03 1.452E-08  4.57E-05
5.012E+00 1.324E-03 1.913E-08  5.17E-05
4.732E+00 1.357E-03 2.496E-08  5.83E-05
4.467E+00 1.400E-03 3.235E-08  6.58E-05
4.217E+00 1.452E-03 4.168E-08  7.42E-05
3.981E+00 1.505E-03 5.346E-08  8.36E-05
3.758E+00 1.558E-03 6.835E-08  9.40E-05
3.548E+00 1.614E-03 8.714E-08  1.06E-04
3.350E+00 1.672E-03 1.108E-07  1.19E-04
3.162E+00 1.724E-03 1.407E-07  1.34E-04
2.985E+00 1.782E-03 1.786E-07  1.50E-04
2.818E+00 1.847E-03 2.263E-07  1.69E-04
2.661E+00 1.916E-03 2.866E-07  1.90E-04
2.512E+00 1.992E-03 3.626E-07  2.13E-04
2.371E+00 2.074E-03 4.583E-07  2.39E-04
2.239E+00 2.161E-03 5.789E-07  2.69E-04
2.113E+00 2.254E-03 7.306E-07  3.02E-04
1.995E+00 2.354E-03 9.219E-07  3.39E-04
1.884E+00 2.459E-03 1.163E-06  3.80E-04
1.778E+00 2.573E-03 1.467E-06  4.26E-04
1.679E+00 2.699E-03 1.849E-06  4.79E-04
1.585E+00 2.836E-03 2.329E-06  5.37E-04
1.496E+00 2.980E-03 2.933E-06  6.03E-04
1.413E+00 3.132E-03 3.695E-06  6.76E-04
1.334E+00 3.291E-03 4.653E-06  7.59E-04
1.259E+00 3.460E-03 5.859E-06  8.51E-04
1.189E+00 3.649E-03 7.381E-06  9.55E-04
1.122E+00 3.851E-03 9.297E-06  1.07E-03
1.059E+00 4.065E-03 1.171E-05  1.20E-03
1.000E+00 4.293E-03 1.474E-05  1.35E-03
9.441E-01 4.537E-03 1.855E-05  1.51E-03
8.913E-01 4.794E-03 2.336E-05  1.70E-03
8.414E-01 5.065E-03 2.942E-05  1.91E-03
7.943E-01 5.351E-03 3.707E-05  2.14E-03
7.499E-01 5.652E-03 4.672E-05  2.40E-03
7.079E-01 5.971E-03 5.890E-05  2.69E-03
6.683E-01 6.308E-03 7.425E-05  3.02E-03
6.310E-01 6.669E-03 9.367E-05  3.39E-03
5.957E-01 7.052E-03 1.182E-04  3.81E-03
5.623E-01 7.459E-03 1.493E-04  4.27E-03
5.309E-01 7.889E-03 1.887E-04  4.79E-03
5.012E-01 8.346E-03 2.386E-04  5.38E-03
4.732E-01 8.830E-03 3.019E-04  6.04E-03
4.467E-01 9.341E-03 3.824E-04  6.79E-03
4.217E-01 9.881E-03 4.851E-04  7.62E-03
3.981E-01 1.045E-02 6.159E-04  8.57E-03
3.758E-01 1.103E-02 7.834E-04  9.63E-03
3.548E-01 1.164E-02 9.986E-04  1.08E-02
3.350E-01 1.229E-02 1.275E-03  1.22E-02
3.162E-01 1.295E-02 1.633E-03  1.37E-02
2.985E-01 1.363E-02 2.098E-03  1.54E-02
2.818E-01 1.433E-02 2.705E-03  1.74E-02
2.661E-01 1.503E-02 3.505E-03  1.96E-02
2.512E-01 1.572E-02 4.568E-03  2.22E-02
2.371E-01 1.564E-02 6.011E-03  2.51E-02
2.239E-01 1.738E-02 8.050E-03  2.86E-02
2.113E-01 2.543E-02 1.087E-02  3.26E-02
1.995E-01 3.677E-02 1.473E-02  3.73E-02
1.884E-01 5.567E-02 2.028E-02  4.29E-02
1.778E-01 8.858E-02 2.812E-02  4.96E-02
1.679E-01 1.336E-01 3.939E-02  5.75E-02
1.585E-01 2.025E-01 5.765E-02  6.78E-02
1.496E-01 4.292E-01 8.982E-02  7.69E-02
1.413E-01 7.054E-01 9.555E-02  6.86E-02
1.334E-01 6.861E-01 1.119E-01  7.92E-02
1.259E-01 7.688E-01 1.402E-01  8.79E-02
1.189E-01 9.548E-01 1.860E-01  9.41E-02
1.122E-01 1.086E+00 2.268E-01  1.02E-01
1.059E-01 1.296E+00 3.082E-01  1.09E-01
1.000E-01 1.485E+00 3.622E-01  1.14E-01
9.441E-02 1.582E+00 4.037E-01  1.24E-01
8.913E-02 1.580E+00 3.999E-01  1.40E-01
8.414E-02 1.609E+00 4.598E-01  1.60E-01
7.943E-02 1.646E+00 5.193E-01  1.80E-01
7.499E-02 1.625E+00 5.511E-01  2.04E-01
7.079E-02 1.540E+00 5.512E-01  2.35E-01
6.683E-02 1.398E+00 5.359E-01  2.66E-01
6.310E-02 1.148E+00 4.780E-01  2.93E-01
5.957E-02 8.342E-01 3.343E-01  3.14E-01
5.623E-02 7.607E-01 2.305E-01  3.52E-01
5.309E-02 7.392E-01 2.038E-01  3.93E-01
5.012E-02 7.213E-01 1.889E-01  4.35E-01
4.732E-02 7.044E-01 1.800E-01  4.79E-01
4.467E-02 6.877E-01 1.741E-01  5.22E-01
4.217E-02 6.705E-01 1.697E-01  5.65E-01
3.981E-02 6.524E-01 1.659E-01  6.06E-01
3.758E-02 6.331E-01 1.624E-01  6.44E-01
3.548E-02 6.130E-01 1.590E-01  6.80E-01
3.350E-02 5.920E-01 1.554E-01  7.12E-01
3.162E-02 5.697E-01 1.513E-01  7.40E-01
2.985E-02 5.469E-01 1.471E-01  7.65E-01
2.818E-02 5.230E-01 1.422E-01  7.85E-01
2.661E-02 4.991E-01 1.368E-01  8.02E-01
2.512E-02 4.747E-01 1.305E-01  8.17E-01
2.371E-02 4.504E-01 1.226E-01  8.30E-01
2.239E-02 4.397E-01 1.171E-01  8.43E-01
2.113E-02 4.221E-01 1.118E-01  8.57E-01
1.995E-02 4.058E-01 1.037E-01  8.72E-01
1.884E-02 4.185E-01 1.024E-01  8.86E-01
1.778E-02 3.988E-01 1.026E-01  8.96E-01
1.679E-02 3.813E-01 9.906E-02  9.04E-01
1.585E-02 3.647E-01 9.454E-02  9.11E-01
1.496E-02 3.484E-01 8.962E-02  9.19E-01
1.413E-02 3.320E-01 8.367E-02  9.27E-01
1.334E-02 3.289E-01 7.730E-02  9.34E-01
1.259E-02 3.226E-01 7.658E-02  9.40E-01
1.189E-02 3.042E-01 7.385E-02  9.44E-01
1.122E-02 2.861E-01 6.522E-02  9.50E-01
1.059E-02 3.365E-01 6.165E-02  9.55E-01
1.000E-02 3.158E-01 7.131E-02  9.59E-01
9.441E-03 2.956E-01 7.098E-02  9.62E-01
8.913E-03 2.757E-01 6.821E-02  9.66E-01
8.414E-03 2.560E-01 6.449E-02  9.69E-01
7.943E-03 2.369E-01 6.015E-02  9.71E-01
7.499E-03 2.186E-01 5.422E-02  9.74E-01
7.079E-03 2.174E-01 5.384E-02  9.77E-01
6.683E-03 1.998E-01 5.103E-02  9.79E-01
6.310E-03 1.831E-01 4.764E-02  9.81E-01
5.957E-03 1.675E-01 4.419E-02  9.82E-01
5.623E-03 1.524E-01 4.071E-02  9.84E-01
5.309E-03 1.385E-01 3.729E-02  9.86E-01
5.012E-03 1.256E-01 3.404E-02  9.87E-01
4.732E-03 1.136E-01 3.097E-02  9.88E-01
4.467E-03 1.025E-01 2.807E-02  9.89E-01
4.217E-03 9.221E-02 2.535E-02  9.90E-01
3.981E-03 8.275E-02 2.281E-02  9.91E-01
3.758E-03 7.405E-02 2.045E-02  9.92E-01
3.548E-03 6.607E-02 1.824E-02  9.93E-01
3.350E-03 5.879E-02 1.620E-02  9.93E-01
3.162E-03 5.221E-02 1.432E-02  9.94E-01
2.985E-03 4.635E-02 1.262E-02  9.95E-01
2.818E-03 4.082E-02 1.094E-02  9.95E-01
2.661E-03 3.572E-02 9.335E-03  9.96E-01
2.512E-03 3.134E-02 7.598E-03  9.96E-01
2.371E-03 2.747E-02 4.482E-03  9.96E-01
2.239E-03 6.384E-02 6.324E-03  9.97E-01
2.113E-03 5.719E-02 6.480E-03  9.97E-01
1.995E-03 5.084E-02 6.202E-03  9.97E-01
1.884E-03 4.495E-02 5.568E-03  9.98E-01
1.778E-03 3.953E-02 4.760E-03  9.98E-01
1.679E-03 3.461E-02 2.950E-03  9.98E-01
1.585E-03 5.482E-02 4.572E-03  9.98E-01
1.496E-03 4.811E-02 4.271E-03  9.98E-01
1.413E-03 4.676E-02 4.360E-03  9.99E-01
1.334E-03 4.108E-02 4.120E-03  9.99E-01
1.259E-03 3.599E-02 3.794E-03  9.99E-01
1.189E-03 3.144E-02 3.467E-03  9.99E-01
1.122E-03 2.724E-02 3.134E-03  9.99E-01
1.059E-03 2.356E-02 2.804E-03  9.99E-01
1.000E-03 2.029E-02 2.456E-03  9.99E-01
