1.000E+03 1.538E-06 4.010E-17  0.00E+00
9.441E+02 1.726E-06 5.048E-17  0.00E+00
8.913E+02 1.936E-06 6.355E-17  0.00E+00
8.414E+02 2.173E-06 8.000E-17  0.00E+00
7.943E+02 2.438E-06 1.007E-16  0.00E+00
7.499E+02 2.736E-06 1.268E-16  0.00E+00
7.079E+02 3.070E-06 1.596E-16  0.00E+00
6.683E+02 3.445E-06 2.010E-16  0.00E+00
6.310E+02 3.866E-06 2.530E-16  0.00E+00
5.957E+02 4.338E-06 3.185E-16  0.00E+00
5.623E+02 4.868E-06 4.010E-16  0.00E+00
5.309E+02 5.463E-06 5.049E-16  0.00E+00
5.012E+02 6.130E-06 6.357E-16  0.00E+00
4.732E+02 6.880E-06 8.003E-16  0.00E+00
4.467E+02 7.723E-06 1.007E-15  0.00E+00
4.217E+02 8.669E-06 1.268E-15  0.00E+00
3.981E+02 9.729E-06 1.597E-15  0.00E+00
3.758E+02 1.092E-05 2.011E-15  0.00E+00
3.548E+02 1.226E-05 2.532E-15  0.00E+00
3.350E+02 1.376E-05 3.187E-15  0.00E+00
3.162E+02 1.545E-05 4.012E-15  0.00E+00
2.985E+02 1.735E-05 5.052E-15  0.00E+00
2.818E+02 1.948E-05 6.361E-15  0.00E+00
2.661E+02 2.187E-05 8.009E-15  0.00E+00
2.512E+02 2.456E-05 1.009E-14  0.00E+00
2.371E+02 2.759E-05 1.270E-14  0.00E+00
2.239E+02 3.100E-05 1.599E-14  0.00E+00
2.113E+02 3.483E-05 2.013E-14  0.00E+00
1.995E+02 3.914E-05 2.535E-14  0.00E+00
1.884E+02 4.398E-05 3.192E-14  0.00E+00
1.778E+02 4.942E-05 4.019E-14  0.00E+00
1.679E+02 5.556E-05 5.061E-14  0.00E+00
1.585E+02 6.248E-05 6.374E-14  0.00E+00
1.496E+02 7.028E-05 8.027E-14  0.00E+00
1.413E+02 7.908E-05 1.011E-13  0.00E+00
1.334E+02 8.900E-05 1.273E-13  0.00E+00
1.259E+02 1.002E-04 1.604E-13  0.00E+00
1.189E+02 1.128E-04 2.020E-13  0.00E+00
1.122E+02 1.271E-04 2.545E-13  0.00E+00
1.059E+02 1.432E-04 3.205E-13  0.00E+00
1.000E+02 1.615E-04 4.037E-13  0.00E+00
9.441E+01 1.822E-04 5.085E-13  0.00E+00
8.913E+01 2.057E-04 6.405E-13  0.00E+00
8.414E+01 2.323E-04 8.067E-13  0.00E+00
7.943E+01 2.625E-04 1.016E-12  0.00E+00
7.499E+01 2.964E-04 1.280E-12  0.00E+00
7.079E+01 3.352E-04 1.612E-12  0.00E+00
6.683E+01 3.793E-04 2.029E-12  4.89E-07
6.310E+01 4.291E-04 2.554E-12  5.38E-07
5.957E+01 4.853E-04 3.213E-12  5.91E-07
5.623E+01 5.491E-04 4.041E-12  6.47E-07
5.309E+01 6.209E-04 5.080E-12  7.07E-07
5.012E+01 7.013E-04 6.383E-12  7.71E-07
4.732E+01 7.920E-04 8.015E-12  8.38E-07
4.467E+01 8.939E-04 1.006E-11  9.10E-07
4.217E+01 1.008E-03 1.262E-11  9.86E-07
3.981E+01 1.135E-03 1.578E-11  1.07E-06
3.758E+01 1.274E-03 1.973E-11  1.15E-06
3.548E+01 1.424E-03 2.474E-11  1.25E-06
3.350E+01 1.594E-03 3.101E-11  1.35E-06
3.162E+01 1.795E-03 3.885E-11  1.46E-06
2.985E+01 2.028E-03 4.859E-11  1.56E-06
2.818E+01 2.286E-03 6.055E-11  1.67E-06
2.661E+01 2.584E-03 7.547E-11  1.79E-06
2.512E+01 2.929E-03 9.417E-11  1.91E-06
2.371E+01 3.311E-03 1.164E-10  2.04E-06
2.239E+01 3.759E-03 1.438E-10  2.18E-06
2.113E+01 4.277E-03 1.753E-10  2.32E-06
1.995E+01 4.895E-03 2.113E-10  2.46E-06
1.884E+01 5.443E-03 2.362E-10  2.65E-06
1.778E+01 5.465E-03 2.426E-10  2.98E-06
1.679E+01 4.973E-03 2.454E-10  3.47E-06
1.585E+01 4.253E-03 2.672E-10  4.10E-06
1.496E+01 3.607E-03 3.317E-10  4.89E-06
1.413E+01 3.248E-03 4.761E-10  5.94E-06
1.334E+01 3.881E-03 7.339E-10  6.95E-06
1.259E+01 5.125E-03 1.057E-09  7.53E-06
1.189E+01 6.810E-03 1.459E-09  7.69E-06
1.122E+01 8.853E-03 1.932E-09  7.64E-06
1.059E+01 1.169E-02 2.551E-09  7.42E-06
1.000E+01 1.419E-02 2.846E-09  7.62E-06
9.441E+00 1.585E-02 2.865E-09  8.12E-06
8.913E+00 1.179E-02 1.529E-09  9.55E-06
8.414E+00 7.615E-03 7.656E-10  1.13E-05
7.943E+00 3.535E-03 3.792E-10  1.34E-05
7.499E+00 1.570E-03 8.104E-10  1.60E-05
7.079E+00 1.235E-03 1.619E-09  1.88E-05
6.683E+00 1.222E-03 2.555E-09  2.17E-05
6.310E+00 1.214E-03 3.679E-09  2.48E-05
5.957E+00 1.186E-03 5.089E-09  2.82E-05
5.623E+00 1.167E-03 6.881E-09  3.20E-05
5.309E+00 1.165E-03 9.164E-09  3.63E-05
5.012E+00 1.180E-03 1.207E-08  4.10E-05
4.732E+00 1.209E-03 1.575E-08  4.63E-05
4.467E+00 1.248E-03 2.041E-08  5.23E-05
4.217E+00 1.294E-03 2.630E-08  5.89E-05
3.981E+00 1.341E-03 3.373E-08  6.64E-05
3.758E+00 1.388E-03 4.313E-08  7.47E-05
3.548E+00 1.439E-03 5.498E-08  8.40E-05
3.350E+00 1.490E-03 6.992E-08  9.45E-05
3.162E+00 1.536E-03 8.880E-08  1.06E-04
2.985E+00 1.588E-03 1.127E-07  1.19E-04
2.818E+00 1.646E-03 1.428E-07  1.34E-04
2.661E+00 1.708E-03 1.809E-07  1.51E-04
2.512E+00 1.775E-03 2.288E-07  1.69E-04
2.371E+00 1.848E-03 2.892E-07  1.90E-04
2.239E+00 1.925E-03 3.653E-07  2.13E-04
2.113E+00 2.008E-03 4.609E-07  2.40E-04
1.995E+00 2.097E-03 5.816E-07  2.69E-04
1.884E+00 2.191E-03 7.337E-07  3.02E-04
1.778E+00 2.292E-03 9.253E-07  3.39E-04
1.679E+00 2.405E-03 1.166E-06  3.80E-04
1.585E+00 2.527E-03 1.469E-06  4.27E-04
1.496E+00 2.655E-03 1.851E-06  4.79E-04
1.413E+00 2.790E-03 2.331E-06  5.37E-04
1.334E+00 2.931E-03 2.936E-06  6.03E-04
1.259E+00 3.082E-03 3.696E-06  6.76E-04
1.189E+00 3.250E-03 4.656E-06  7.59E-04
1.122E+00 3.430E-03 5.865E-06  8.52E-04
1.059E+00 3.620E-03 7.384E-06  9.55E-04
1.000E+00 3.823E-03 9.296E-06  1.07E-03
9.441E-01 4.039E-03 1.170E-05  1.20E-03
8.913E-01 4.268E-03 1.473E-05  1.35E-03
8.414E-01 4.508E-03 1.856E-05  1.51E-03
7.943E-01 4.762E-03 2.338E-05  1.70E-03
7.499E-01 5.029E-03 2.947E-05  1.91E-03
7.079E-01 5.311E-03 3.715E-05  2.14E-03
6.683E-01 5.610E-03 4.682E-05  2.40E-03
6.310E-01 5.930E-03 5.906E-05  2.69E-03
5.957E-01 6.269E-03 7.455E-05  3.02E-03
5.623E-01 6.628E-03 9.414E-05  3.39E-03
5.309E-01 7.008E-03 1.189E-04  3.81E-03
5.012E-01 7.410E-03 1.504E-04  4.28E-03
4.732E-01 7.836E-03 1.902E-04  4.80E-03
4.467E-01 8.286E-03 2.410E-04  5.39E-03
4.217E-01 8.760E-03 3.056E-04  6.06E-03
3.981E-01 9.257E-03 3.880E-04  6.81E-03
3.758E-01 9.765E-03 4.934E-04  7.65E-03
3.548E-01 1.030E-02 6.287E-04  8.60E-03
3.350E-01 1.086E-02 8.028E-04  9.68E-03
3.162E-01 1.143E-02 1.027E-03  1.09E-02
2.985E-01 1.202E-02 1.319E-03  1.23E-02
2.818E-01 1.262E-02 1.700E-03  1.38E-02
2.661E-01 1.321E-02 2.203E-03  1.56E-02
2.512E-01 1.379E-02 2.869E-03  1.76E-02
2.371E-01 1.369E-02 3.772E-03  2.00E-02
2.239E-01 1.517E-02 5.046E-03  2.27E-02
2.113E-01 2.212E-02 6.805E-03  2.60E-02
1.995E-01 3.187E-02 9.208E-03  2.97E-02
1.884E-01 4.802E-02 1.266E-02  3.42E-02
1.778E-01 7.600E-02 1.752E-02  3.94E-02
1.679E-01 1.139E-01 2.449E-02  4.56E-02
1.585E-01 1.710E-01 3.576E-02  5.37E-02
1.496E-01 3.599E-01 5.574E-02  6.08E-02
1.413E-01 6.060E-01 6.034E-02  5.43E-02
1.334E-01 5.873E-01 7.075E-02  6.26E-02
1.259E-01 6.589E-01 8.918E-02  6.93E-02
1.189E-01 8.255E-01 1.199E-01  7.40E-02
1.122E-01 9.495E-01 1.485E-01  7.99E-02
1.059E-01 1.152E+00 2.066E-01  8.51E-02
1.000E-01 1.362E+00 2.519E-01  8.78E-02
9.441E-02 1.491E+00 2.906E-01  9.50E-02
8.913E-02 1.518E+00 2.964E-01  1.06E-01
8.414E-02 1.567E+00 3.504E-01  1.21E-01
7.943E-02 1.638E+00 4.107E-01  1.35E-01
7.499E-02 1.639E+00 4.494E-01  1.53E-01
7.079E-02 1.556E+00 4.571E-01  1.76E-01
6.683E-02 1.406E+00 4.468E-01  2.03E-01
6.310E-02 1.143E+00 3.943E-01  2.27E-01
5.957E-02 8.113E-01 2.678E-01  2.48E-01
5.623E-02 7.289E-01 1.829E-01  2.80E-01
5.309E-02 7.043E-01 1.622E-01  3.15E-01
5.012E-02 6.846E-01 1.511E-01  3.53E-01
4.732E-02 6.666E-01 1.446E-01  3.93E-01
4.467E-02 6.494E-01 1.404E-01  4.35E-01
4.217E-02 6.319E-01 1.372E-01  4.78E-01
3.981E-02 6.139E-01 1.344E-01  5.21E-01
3.758E-02 5.950E-01 1.317E-01  5.64E-01
3.548E-02 5.753E-01 1.290E-01  6.05E-01
3.350E-02 5.550E-01 1.259E-01  6.44E-01
3.162E-02 5.334E-01 1.225E-01  6.80E-01
2.985E-02 5.115E-01 1.188E-01  7.13E-01
2.818E-02 4.884E-01 1.146E-01  7.42E-01
2.661E-02 4.654E-01 1.100E-01  7.66E-01
2.512E-02 4.417E-01 1.047E-01  7.86E-01
2.371E-02 4.181E-01 9.824E-02  8.03E-01
2.239E-02 4.074E-01 9.391E-02  8.17E-01
2.113E-02 3.901E-01 8.978E-02  8.29E-01
1.995E-02 3.741E-01 8.337E-02  8.43E-01
1.884E-02 3.860E-01 8.263E-02  8.58E-01
1.778E-02 3.673E-01 8.276E-02  8.72E-01
1.679E-02 3.507E-01 7.977E-02  8.86E-01
1.585E-02 3.350E-01 7.602E-02  8.96E-01
1.496E-02 3.194E-01 7.205E-02  9.04E-01
1.413E-02 3.037E-01 6.732E-02  9.11E-01
1.334E-02 3.007E-01 6.228E-02  9.19E-01
1.259E-02 2.948E-01 6.169E-02  9.27E-01
1.189E-02 2.776E-01 5.940E-02  9.35E-01
1.122E-02 2.605E-01 5.243E-02  9.40E-01
1.059E-02 3.075E-01 4.984E-02  9.45E-01
1.000E-02 2.882E-01 5.761E-02  9.50E-01
9.441E-03 2.693E-01 5.726E-02  9.55E-01
8.913E-03 2.507E-01 5.498E-02  9.59E-01
8.414E-03 2.324E-01 5.194E-02  9.62E-01
7.943E-03 2.147E-01 4.837E-02  9.66E-01
7.499E-03 1.978E-01 4.356E-02  9.69E-01
7.079E-03 1.967E-01 4.328E-02  9.71E-01
6.683E-03 1.806E-01 4.097E-02  9.74E-01
6.310E-03 1.653E-01 3.822E-02  9.77E-01
5.957E-03 1.510E-01 3.542E-02  9.79E-01
5.623E-03 1.373E-01 3.259E-02  9.81E-01
5.309E-03 1.246E-01 2.984E-02  9.82E-01
5.012E-03 1.129E-01 2.721E-02  9.84E-01
4.732E-03 1.020E-01 2.474E-02  9.86E-01
4.467E-03 9.196E-02 2.241E-02  9.87E-01
4.217E-03 8.268E-02 2.023E-02  9.88E-01
3.981E-03 7.414E-02 1.819E-02  9.89E-01
3.758E-03 6.631E-02 1.630E-02  9.90E-01
3.548E-03 5.914E-02 1.453E-02  9.91E-01
3.350E-03 5.259E-02 1.290E-02  9.92E-01
3.162E-03 4.668E-02 1.140E-02  9.93E-01
2.985E-03 4.143E-02 1.005E-02  9.93E-01
2.818E-03 3.647E-02 8.704E-03  9.94E-01
2.661E-03 3.191E-02 7.426E-03  9.95E-01
2.512E-03 2.799E-02 6.043E-03  9.95E-01
2.371E-03 2.453E-02 3.564E-03  9.96E-01
2.239E-03 5.712E-02 5.041E-03  9.96E-01
2.113E-03 5.116E-02 5.164E-03  9.96E-01
1.995E-03 4.545E-02 4.941E-03  9.97E-01
1.884E-03 4.017E-02 4.434E-03  9.97E-01
1.778E-03 3.532E-02 3.789E-03  9.97E-01
1.679E-03 3.092E-02 2.348E-03  9.98E-01
1.585E-03 4.902E-02 3.644E-03  9.98E-01
1.496E-03 4.301E-02 3.402E-03  9.98E-01
1.413E-03 4.179E-02 3.473E-03  9.98E-01
1.334E-03 3.671E-02 3.281E-03  9.98E-01
1.259E-03 3.215E-02 3.021E-03  9.99E-01
1.189E-03 2.807E-02 2.759E-03  9.99E-01
1.122E-03 2.432E-02 2.493E-03  9.99E-01
1.059E-03 2.103E-02 2.231E-03  9.99E-01
1.000E-03 1.810E-02 1.953E-03  9.99E-01
