1.000E+03 2.437E-06 2.530E-16  0.00E+00
9.441E+02 2.735E-06 3.185E-16  0.00E+00
8.913E+02 3.069E-06 4.010E-16  0.00E+00
8.414E+02 3.444E-06 5.048E-16  0.00E+00
7.943E+02 3.864E-06 6.355E-16  0.00E+00
7.499E+02 4.336E-06 8.000E-16  0.00E+00
7.079E+02 4.866E-06 1.007E-15  0.00E+00
6.683E+02 5.460E-06 1.268E-15  0.00E+00
6.310E+02 6.127E-06 1.596E-15  0.00E+00
5.957E+02 6.875E-06 2.010E-15  0.00E+00
5.623E+02 7.715E-06 2.530E-15  0.00E+00
5.309E+02 8.658E-06 3.186E-15  0.00E+00
5.012E+02 9.716E-06 4.011E-15  0.00E+00
4.732E+02 1.090E-05 5.049E-15  0.00E+00
4.467E+02 1.224E-05 6.357E-15  0.00E+00
4.217E+02 1.374E-05 8.003E-15  0.00E+00
3.981E+02 1.542E-05 1.008E-14  0.00E+00
3.758E+02 1.731E-05 1.269E-14  0.00E+00
3.548E+02 1.942E-05 1.597E-14  0.00E+00
3.350E+02 2.181E-05 2.011E-14  0.00E+00
3.162E+02 2.449E-05 2.532E-14  0.00E+00
2.985E+02 2.750E-05 3.187E-14  0.00E+00
2.818E+02 3.087E-05 4.013E-14  0.00E+00
2.661E+02 3.467E-05 5.054E-14  0.00E+00
2.512E+02 3.893E-05 6.363E-14  0.00E+00
2.371E+02 4.373E-05 8.012E-14  0.00E+00
2.239E+02 4.913E-05 1.009E-13  0.00E+00
2.113E+02 5.520E-05 1.270E-13  0.00E+00
1.995E+02 6.204E-05 1.599E-13  0.00E+00
1.884E+02 6.971E-05 2.014E-13  0.00E+00
1.778E+02 7.833E-05 2.536E-13  0.00E+00
1.679E+02 8.806E-05 3.194E-13  0.00E+00
1.585E+02 9.903E-05 4.022E-13  0.00E+00
1.496E+02 1.114E-04 5.065E-13  0.00E+00
1.413E+02 1.253E-04 6.379E-13  0.00E+00
1.334E+02 1.411E-04 8.034E-13  0.00E+00
1.259E+02 1.588E-04 1.012E-12  0.00E+00
1.189E+02 1.788E-04 1.275E-12  0.00E+00
1.122E+02 2.014E-04 1.606E-12  0.00E+00
1.059E+02 2.270E-04 2.022E-12  5.37E-07
1.000E+02 2.560E-04 2.547E-12  5.98E-07
9.441E+01 2.888E-04 3.208E-12  6.66E-07
8.913E+01 3.260E-04 4.041E-12  7.40E-07
8.414E+01 3.681E-04 5.090E-12  8.22E-07
7.943E+01 4.160E-04 6.411E-12  9.11E-07
7.499E+01 4.698E-04 8.076E-12  1.01E-06
7.079E+01 5.313E-04 1.017E-11  1.11E-06
6.683E+01 6.012E-04 1.280E-11  1.23E-06
6.310E+01 6.801E-04 1.611E-11  1.35E-06
5.957E+01 7.692E-04 2.027E-11  1.48E-06
5.623E+01 8.702E-04 2.550E-11  1.63E-06
5.309E+01 9.840E-04 3.205E-11  1.78E-06
5.012E+01 1.111E-03 4.028E-11  1.94E-06
4.732E+01 1.255E-03 5.057E-11  2.11E-06
4.467E+01 1.417E-03 6.347E-11  2.29E-06
4.217E+01 1.598E-03 7.960E-11  2.48E-06
3.981E+01 1.799E-03 9.958E-11  2.68E-06
3.758E+01 2.020E-03 1.245E-10  2.89E-06
3.548E+01 2.257E-03 1.561E-10  3.14E-06
3.350E+01 2.526E-03 1.957E-10  3.40E-06
3.162E+01 2.846E-03 2.451E-10  3.66E-06
2.985E+01 3.213E-03 3.066E-10  3.92E-06
2.818E+01 3.623E-03 3.821E-10  4.21E-06
2.661E+01 4.095E-03 4.762E-10  4.50E-06
2.512E+01 4.641E-03 5.942E-10  4.81E-06
2.371E+01 5.248E-03 7.342E-10  5.14E-06
2.239E+01 5.957E-03 9.076E-10  5.47E-06
2.113E+01 6.779E-03 1.106E-09  5.83E-06
1.995E+01 7.758E-03 1.333E-09  6.18E-06
1.884E+01 8.627E-03 1.490E-09  6.65E-06
1.778E+01 8.662E-03 1.531E-09  7.50E-06
1.679E+01 7.883E-03 1.548E-09  8.71E-06
1.585E+01 6.741E-03 1.686E-09  1.03E-05
1.496E+01 5.717E-03 2.093E-09  1.23E-05
1.413E+01 5.148E-03 3.004E-09  1.49E-05
1.334E+01 6.151E-03 4.631E-09  1.75E-05
1.259E+01 8.123E-03 6.672E-09  1.89E-05
1.189E+01 1.079E-02 9.205E-09  1.93E-05
1.122E+01 1.403E-02 1.219E-08  1.92E-05
1.059E+01 1.853E-02 1.609E-08  1.86E-05
1.000E+01 2.249E-02 1.795E-08  1.91E-05
9.441E+00 2.511E-02 1.808E-08  2.04E-05
8.913E+00 1.868E-02 9.648E-09  2.40E-05
8.414E+00 1.207E-02 4.831E-09  2.85E-05
7.943E+00 5.603E-03 2.393E-09  3.37E-05
7.499E+00 2.488E-03 5.113E-09  4.03E-05
7.079E+00 1.957E-03 1.021E-08  4.72E-05
6.683E+00 1.937E-03 1.612E-08  5.45E-05
6.310E+00 1.925E-03 2.321E-08  6.23E-05
5.957E+00 1.880E-03 3.211E-08  7.09E-05
5.623E+00 1.849E-03 4.342E-08  8.04E-05
5.309E+00 1.847E-03 5.782E-08  9.11E-05
5.012E+00 1.871E-03 7.617E-08  1.03E-04
4.732E+00 1.917E-03 9.938E-08  1.16E-04
4.467E+00 1.978E-03 1.288E-07  1.31E-04
4.217E+00 2.052E-03 1.660E-07  1.48E-04
3.981E+00 2.127E-03 2.128E-07  1.67E-04
3.758E+00 2.201E-03 2.721E-07  1.88E-04
3.548E+00 2.281E-03 3.470E-07  2.11E-04
3.350E+00 2.363E-03 4.412E-07  2.37E-04
3.162E+00 2.436E-03 5.604E-07  2.67E-04
2.985E+00 2.518E-03 7.109E-07  3.00E-04
2.818E+00 2.610E-03 9.012E-07  3.37E-04
2.661E+00 2.708E-03 1.141E-06  3.78E-04
2.512E+00 2.815E-03 1.444E-06  4.25E-04
2.371E+00 2.932E-03 1.825E-06  4.77E-04
2.239E+00 3.055E-03 2.305E-06  5.36E-04
2.113E+00 3.187E-03 2.909E-06  6.02E-04
1.995E+00 3.329E-03 3.671E-06  6.75E-04
1.884E+00 3.479E-03 4.631E-06  7.58E-04
1.778E+00 3.640E-03 5.841E-06  8.51E-04
1.679E+00 3.818E-03 7.363E-06  9.55E-04
1.585E+00 4.014E-03 9.276E-06  1.07E-03
1.496E+00 4.219E-03 1.168E-05  1.20E-03
1.413E+00 4.434E-03 1.472E-05  1.35E-03
1.334E+00 4.660E-03 1.854E-05  1.51E-03
1.259E+00 4.901E-03 2.334E-05  1.70E-03
1.189E+00 5.171E-03 2.941E-05  1.91E-03
1.122E+00 5.459E-03 3.705E-05  2.14E-03
1.059E+00 5.766E-03 4.665E-05  2.40E-03
1.000E+00 6.092E-03 5.874E-05  2.69E-03
9.441E-01 6.441E-03 7.396E-05  3.02E-03
8.913E-01 6.811E-03 9.314E-05  3.39E-03
8.414E-01 7.201E-03 1.173E-04  3.80E-03
7.943E-01 7.613E-03 1.479E-04  4.26E-03
7.499E-01 8.049E-03 1.864E-04  4.78E-03
7.079E-01 8.510E-03 2.351E-04  5.37E-03
6.683E-01 9.002E-03 2.964E-04  6.02E-03
6.310E-01 9.528E-03 3.740E-04  6.76E-03
5.957E-01 1.009E-02 4.723E-04  7.58E-03
5.623E-01 1.069E-02 5.967E-04  8.51E-03
5.309E-01 1.132E-02 7.543E-04  9.55E-03
5.012E-01 1.200E-02 9.542E-04  1.07E-02
4.732E-01 1.273E-02 1.208E-03  1.20E-02
4.467E-01 1.350E-02 1.531E-03  1.35E-02
4.217E-01 1.432E-02 1.944E-03  1.52E-02
3.981E-01 1.519E-02 2.471E-03  1.70E-02
3.758E-01 1.609E-02 3.145E-03  1.91E-02
3.548E-01 1.705E-02 4.014E-03  2.15E-02
3.350E-01 1.807E-02 5.133E-03  2.42E-02
3.162E-01 1.914E-02 6.580E-03  2.72E-02
2.985E-01 2.027E-02 8.468E-03  3.06E-02
2.818E-01 2.145E-02 1.094E-02  3.45E-02
2.661E-01 2.266E-02 1.421E-02  3.89E-02
2.512E-01 2.390E-02 1.856E-02  4.40E-02
2.371E-01 2.402E-02 2.451E-02  4.98E-02
2.239E-01 2.703E-02 3.297E-02  5.67E-02
2.113E-01 4.011E-02 4.472E-02  6.47E-02
1.995E-01 5.898E-02 6.090E-02  7.42E-02
1.884E-01 9.112E-02 8.433E-02  8.57E-02
1.778E-01 1.483E-01 1.175E-01  9.96E-02
1.679E-01 2.299E-01 1.651E-01  1.17E-01
1.585E-01 3.625E-01 2.423E-01  1.40E-01
1.496E-01 7.784E-01 3.667E-01  1.60E-01
1.413E-01 1.106E+00 3.495E-01  1.43E-01
1.334E-01 1.087E+00 4.018E-01  1.67E-01
1.259E-01 1.191E+00 4.785E-01  1.87E-01
1.189E-01 1.384E+00 5.777E-01  2.02E-01
1.122E-01 1.477E+00 6.408E-01  2.21E-01
1.059E-01 1.606E+00 7.617E-01  2.39E-01
1.000E-01 1.650E+00 7.761E-01  2.57E-01
9.441E-02 1.648E+00 7.752E-01  2.86E-01
8.913E-02 1.606E+00 7.197E-01  3.24E-01
8.414E-02 1.607E+00 7.662E-01  3.67E-01
7.943E-02 1.609E+00 8.015E-01  4.07E-01
7.499E-02 1.578E+00 8.158E-01  4.45E-01
7.079E-02 1.499E+00 8.089E-01  4.78E-01
6.683E-02 1.367E+00 7.949E-01  5.02E-01
6.310E-02 1.149E+00 7.409E-01  5.15E-01
5.957E-02 8.910E-01 5.685E-01  5.36E-01
5.623E-02 8.482E-01 4.072E-01  5.87E-01
5.309E-02 8.360E-01 3.605E-01  6.30E-01
5.012E-02 8.232E-01 3.337E-01  6.68E-01
4.732E-02 8.089E-01 3.176E-01  7.01E-01
4.467E-02 7.934E-01 3.070E-01  7.31E-01
4.217E-02 7.764E-01 2.993E-01  7.56E-01
3.981E-02 7.581E-01 2.933E-01  7.78E-01
3.758E-02 7.383E-01 2.879E-01  7.97E-01
3.548E-02 7.175E-01 2.830E-01  8.13E-01
3.350E-02 6.959E-01 2.776E-01  8.28E-01
3.162E-02 6.732E-01 2.717E-01  8.41E-01
2.985E-02 6.504E-01 2.651E-01  8.55E-01
2.818E-02 6.267E-01 2.573E-01  8.68E-01
2.661E-02 6.031E-01 2.483E-01  8.81E-01
2.512E-02 5.787E-01 2.376E-01  8.93E-01
2.371E-02 5.541E-01 2.241E-01  9.02E-01
2.239E-02 5.434E-01 2.140E-01  9.10E-01
2.113E-02 5.249E-01 2.049E-01  9.17E-01
1.995E-02 5.077E-01 1.907E-01  9.26E-01
1.884E-02 5.224E-01 1.871E-01  9.33E-01
1.778E-02 5.009E-01 1.880E-01  9.39E-01
1.679E-02 4.818E-01 1.820E-01  9.44E-01
1.585E-02 4.637E-01 1.741E-01  9.49E-01
1.496E-02 4.455E-01 1.655E-01  9.54E-01
1.413E-02 4.268E-01 1.551E-01  9.58E-01
1.334E-02 4.237E-01 1.433E-01  9.62E-01
1.259E-02 4.166E-01 1.419E-01  9.65E-01
1.189E-02 3.952E-01 1.373E-01  9.69E-01
1.122E-02 3.738E-01 1.219E-01  9.71E-01
1.059E-02 4.340E-01 1.134E-01  9.74E-01
1.000E-02 4.095E-01 1.315E-01  9.76E-01
9.441E-03 3.856E-01 1.315E-01  9.78E-01
8.913E-03 3.617E-01 1.270E-01  9.81E-01
8.414E-03 3.379E-01 1.207E-01  9.82E-01
7.943E-03 3.144E-01 1.132E-01  9.84E-01
7.499E-03 2.917E-01 1.025E-01  9.85E-01
7.079E-03 2.903E-01 1.018E-01  9.87E-01
6.683E-03 2.681E-01 9.688E-02  9.88E-01
6.310E-03 2.468E-01 9.085E-02  9.89E-01
5.957E-03 2.268E-01 8.461E-02  9.90E-01
5.623E-03 2.072E-01 7.825E-02  9.91E-01
5.309E-03 1.890E-01 7.195E-02  9.92E-01
5.012E-03 1.720E-01 6.588E-02  9.93E-01
4.732E-03 1.561E-01 6.013E-02  9.93E-01
4.467E-03 1.412E-01 5.464E-02  9.94E-01
4.217E-03 1.274E-01 4.948E-02  9.95E-01
3.981E-03 1.146E-01 4.464E-02  9.95E-01
3.758E-03 1.027E-01 4.010E-02  9.96E-01
3.548E-03 9.185E-02 3.584E-02  9.96E-01
3.350E-03 8.187E-02 3.189E-02  9.96E-01
3.162E-03 7.283E-02 2.823E-02  9.97E-01
2.985E-03 6.475E-02 2.492E-02  9.97E-01
2.818E-03 5.710E-02 2.163E-02  9.97E-01
2.661E-03 5.003E-02 1.848E-02  9.98E-01
2.512E-03 4.395E-02 1.506E-02  9.98E-01
2.371E-03 3.855E-02 8.892E-03  9.98E-01
2.239E-03 8.881E-02 1.243E-02  9.98E-01
2.113E-03 7.970E-02 1.275E-02  9.98E-01
1.995E-03 7.095E-02 1.223E-02  9.99E-01
1.884E-03 6.282E-02 1.099E-02  9.99E-01
1.778E-03 5.532E-02 9.408E-03  9.99E-01
1.679E-03 4.850E-02 5.840E-03  9.99E-01
1.585E-03 7.643E-02 9.001E-03  9.99E-01
1.496E-03 6.719E-02 8.422E-03  9.99E-01
1.413E-03 6.532E-02 8.600E-03  9.99E-01
1.334E-03 5.747E-02 8.137E-03  9.99E-01
1.259E-03 5.040E-02 7.504E-03  9.99E-01
1.189E-03 4.408E-02 6.864E-03  9.99E-01
1.122E-03 3.824E-02 6.211E-03  9.99E-01
1.059E-03 3.310E-02 5.563E-03  1.00E+00
1.000E-03 2.852E-02 4.877E-03  1.00E+00
