1.000E+03 7.707E-07 2.530E-18  0.00E+00
9.441E+02 8.648E-07 3.185E-18  0.00E+00
8.913E+02 9.704E-07 4.010E-18  0.00E+00
8.414E+02 1.089E-06 5.048E-18  0.00E+00
7.943E+02 1.222E-06 6.355E-18  0.00E+00
7.499E+02 1.371E-06 8.000E-18  0.00E+00
7.079E+02 1.539E-06 1.007E-17  0.00E+00
6.683E+02 1.727E-06 1.268E-17  0.00E+00
6.310E+02 1.937E-06 1.596E-17  0.00E+00
5.957E+02 2.174E-06 2.010E-17  0.00E+00
5.623E+02 2.440E-06 2.530E-17  0.00E+00
5.309E+02 2.738E-06 3.186E-17  0.00E+00
5.012E+02 3.072E-06 4.011E-17  0.00E+00
4.732E+02 3.448E-06 5.049E-17  0.00E+00
4.467E+02 3.871E-06 6.357E-17  0.00E+00
4.217E+02 4.345E-06 8.003E-17  0.00E+00
3.981E+02 4.876E-06 1.008E-16  0.00E+00
3.758E+02 5.473E-06 1.269E-16  0.00E+00
3.548E+02 6.143E-06 1.597E-16  0.00E+00
3.350E+02 6.897E-06 2.011E-16  0.00E+00
3.162E+02 7.744E-06 2.532E-16  0.00E+00
2.985E+02 8.696E-06 3.187E-16  0.00E+00
2.818E+02 9.763E-06 4.013E-16  0.00E+00
2.661E+02 1.096E-05 5.054E-16  0.00E+00
2.512E+02 1.231E-05 6.363E-16  0.00E+00
2.371E+02 1.383E-05 8.012E-16  0.00E+00
2.239E+02 1.554E-05 1.009E-15  0.00E+00
2.113E+02 1.746E-05 1.270E-15  0.00E+00
1.995E+02 1.962E-05 1.599E-15  0.00E+00
1.884E+02 2.204E-05 2.014E-15  0.00E+00
1.778E+02 2.477E-05 2.536E-15  0.00E+00
1.679E+02 2.785E-05 3.194E-15  0.00E+00
1.585E+02 3.131E-05 4.022E-15  0.00E+00
1.496E+02 3.523E-05 5.065E-15  0.00E+00
1.413E+02 3.963E-05 6.379E-15  0.00E+00
1.334E+02 4.461E-05 8.034E-15  0.00E+00
1.259E+02 5.022E-05 1.012E-14  0.00E+00
1.189E+02 5.654E-05 1.275E-14  0.00E+00
1.122E+02 6.368E-05 1.606E-14  0.00E+00
1.059E+02 7.179E-05 2.022E-14  0.00E+00
1.000E+02 8.094E-05 2.547E-14  0.00E+00
9.441E+01 9.133E-05 3.208E-14  0.00E+00
8.913E+01 1.031E-04 4.041E-14  0.00E+00
8.414E+01 1.164E-04 5.090E-14  0.00E+00
7.943E+01 1.315E-04 6.411E-14  0.00E+00
7.499E+01 1.486E-04 8.076E-14  0.00E+00
7.079E+01 1.680E-04 1.017E-13  0.00E+00
6.683E+01 1.901E-04 1.280E-13  0.00E+00
6.310E+01 2.151E-04 1.611E-13  0.00E+00
5.957E+01 2.432E-04 2.027E-13  0.00E+00
5.623E+01 2.752E-04 2.550E-13  0.00E+00
5.309E+01 3.112E-04 3.205E-13  0.00E+00
5.012E+01 3.515E-04 4.028E-13  0.00E+00
4.732E+01 3.969E-04 5.057E-13  0.00E+00
4.467E+01 4.480E-04 6.347E-13  0.00E+00
4.217E+01 5.053E-04 7.960E-13  0.00E+00
3.981E+01 5.687E-04 9.958E-13  0.00E+00
3.758E+01 6.387E-04 1.245E-12  0.00E+00
3.548E+01 7.136E-04 1.561E-12  0.00E+00
3.350E+01 7.988E-04 1.957E-12  3.40E-07
3.162E+01 8.999E-04 2.451E-12  3.65E-07
2.985E+01 1.016E-03 3.066E-12  3.92E-07
2.818E+01 1.146E-03 3.821E-12  4.21E-07
2.661E+01 1.295E-03 4.762E-12  4.50E-07
2.512E+01 1.468E-03 5.942E-12  4.81E-07
2.371E+01 1.659E-03 7.342E-12  5.13E-07
2.239E+01 1.884E-03 9.076E-12  5.47E-07
2.113E+01 2.144E-03 1.106E-11  5.82E-07
1.995E+01 2.453E-03 1.333E-11  6.18E-07
1.884E+01 2.728E-03 1.490E-11  6.65E-07
1.778E+01 2.739E-03 1.531E-11  7.50E-07
1.679E+01 2.493E-03 1.548E-11  8.71E-07
1.585E+01 2.132E-03 1.686E-11  1.03E-06
1.496E+01 1.808E-03 2.093E-11  1.23E-06
1.413E+01 1.628E-03 3.004E-11  1.49E-06
1.334E+01 1.945E-03 4.630E-11  1.75E-06
1.259E+01 2.568E-03 6.672E-11  1.89E-06
1.189E+01 3.413E-03 9.204E-11  1.93E-06
1.122E+01 4.437E-03 1.219E-10  1.92E-06
1.059E+01 5.859E-03 1.609E-10  1.86E-06
1.000E+01 7.112E-03 1.795E-10  1.91E-06
9.441E+00 7.941E-03 1.808E-10  2.04E-06
8.913E+00 5.908E-03 9.649E-11  2.40E-06
8.414E+00 3.817E-03 4.831E-11  2.85E-06
7.943E+00 1.772E-03 2.393E-11  3.37E-06
7.499E+00 7.867E-04 5.113E-11  4.03E-06
7.079E+00 6.188E-04 1.021E-10  4.72E-06
6.683E+00 6.124E-04 1.612E-10  5.45E-06
6.310E+00 6.085E-04 2.321E-10  6.23E-06
5.957E+00 5.944E-04 3.211E-10  7.09E-06
5.623E+00 5.847E-04 4.342E-10  8.04E-06
5.309E+00 5.840E-04 5.782E-10  9.11E-06
5.012E+00 5.915E-04 7.617E-10  1.03E-05
4.732E+00 6.061E-04 9.937E-10  1.16E-05
4.467E+00 6.253E-04 1.288E-09  1.31E-05
4.217E+00 6.486E-04 1.659E-09  1.48E-05
3.981E+00 6.722E-04 2.128E-09  1.67E-05
3.758E+00 6.957E-04 2.721E-09  1.88E-05
3.548E+00 7.209E-04 3.469E-09  2.11E-05
3.350E+00 7.466E-04 4.411E-09  2.37E-05
3.162E+00 7.696E-04 5.603E-09  2.67E-05
2.985E+00 7.956E-04 7.108E-09  3.00E-05
2.818E+00 8.245E-04 9.010E-09  3.37E-05
2.661E+00 8.555E-04 1.141E-08  3.78E-05
2.512E+00 8.891E-04 1.443E-08  4.25E-05
2.371E+00 9.258E-04 1.824E-08  4.77E-05
2.239E+00 9.644E-04 2.304E-08  5.36E-05
2.113E+00 1.006E-03 2.908E-08  6.02E-05
1.995E+00 1.050E-03 3.669E-08  6.76E-05
1.884E+00 1.097E-03 4.628E-08  7.58E-05
1.778E+00 1.148E-03 5.837E-08  8.51E-05
1.679E+00 1.204E-03 7.357E-08  9.55E-05
1.585E+00 1.265E-03 9.267E-08  1.07E-04
1.496E+00 1.329E-03 1.167E-07  1.20E-04
1.413E+00 1.396E-03 1.470E-07  1.35E-04
1.334E+00 1.467E-03 1.851E-07  1.51E-04
1.259E+00 1.542E-03 2.331E-07  1.70E-04
1.189E+00 1.626E-03 2.936E-07  1.91E-04
1.122E+00 1.715E-03 3.698E-07  2.14E-04
1.059E+00 1.810E-03 4.656E-07  2.40E-04
1.000E+00 1.911E-03 5.861E-07  2.69E-04
9.441E-01 2.018E-03 7.378E-07  3.02E-04
8.913E-01 2.131E-03 9.288E-07  3.39E-04
8.414E-01 2.251E-03 1.170E-06  3.80E-04
7.943E-01 2.376E-03 1.474E-06  4.27E-04
7.499E-01 2.508E-03 1.857E-06  4.79E-04
7.079E-01 2.647E-03 2.340E-06  5.38E-04
6.683E-01 2.795E-03 2.949E-06  6.03E-04
6.310E-01 2.951E-03 3.720E-06  6.77E-04
5.957E-01 3.118E-03 4.694E-06  7.60E-04
5.623E-01 3.293E-03 5.926E-06  8.54E-04
5.309E-01 3.478E-03 7.485E-06  9.58E-04
5.012E-01 3.673E-03 9.459E-06  1.08E-03
4.732E-01 3.879E-03 1.196E-05  1.21E-03
4.467E-01 4.095E-03 1.515E-05  1.36E-03
4.217E-01 4.322E-03 1.920E-05  1.53E-03
3.981E-01 4.559E-03 2.436E-05  1.71E-03
3.758E-01 4.798E-03 3.096E-05  1.93E-03
3.548E-01 5.048E-03 3.943E-05  2.17E-03
3.350E-01 5.306E-03 5.030E-05  2.44E-03
3.162E-01 5.569E-03 6.430E-05  2.75E-03
2.985E-01 5.833E-03 8.249E-05  3.09E-03
2.818E-01 6.098E-03 1.062E-04  3.49E-03
2.661E-01 6.354E-03 1.373E-04  3.94E-03
2.512E-01 6.592E-03 1.784E-04  4.45E-03
2.371E-01 6.498E-03 2.340E-04  5.05E-03
2.239E-01 7.140E-03 3.120E-04  5.75E-03
2.113E-01 1.031E-02 4.191E-04  6.57E-03
1.995E-01 1.467E-02 5.646E-04  7.51E-03
1.884E-01 2.179E-02 7.717E-04  8.64E-03
1.778E-01 3.389E-02 1.061E-03  9.96E-03
1.679E-01 4.973E-02 1.472E-03  1.15E-02
1.585E-01 7.250E-02 2.127E-03  1.35E-02
1.496E-01 1.481E-01 3.290E-03  1.53E-02
1.413E-01 2.638E-01 3.692E-03  1.37E-02
1.334E-01 2.520E-01 4.327E-03  1.57E-02
1.259E-01 2.809E-01 5.489E-03  1.74E-02
1.189E-01 3.542E-01 7.513E-03  1.85E-02
1.122E-01 4.136E-01 9.557E-03  1.98E-02
1.059E-01 5.118E-01 1.377E-02  2.09E-02
1.000E-01 6.527E-01 1.823E-02  2.10E-02
9.441E-02 7.721E-01 2.307E-02  2.20E-02
8.913E-02 8.544E-01 2.606E-02  2.38E-02
8.414E-02 9.226E-01 3.324E-02  2.66E-02
7.943E-02 1.075E+00 4.492E-02  2.83E-02
7.499E-02 1.220E+00 5.812E-02  3.04E-02
7.079E-02 1.268E+00 6.791E-02  3.41E-02
6.683E-02 1.207E+00 7.355E-02  3.90E-02
6.310E-02 9.662E-01 6.626E-02  4.55E-02
5.957E-02 6.155E-01 4.075E-02  5.33E-02
5.623E-02 5.125E-01 2.661E-02  6.17E-02
5.309E-02 4.839E-01 2.416E-02  7.04E-02
5.012E-02 4.634E-01 2.331E-02  8.01E-02
4.732E-02 4.462E-01 2.326E-02  9.10E-02
4.467E-02 4.305E-01 2.361E-02  1.03E-01
4.217E-02 4.152E-01 2.412E-02  1.17E-01
3.981E-02 3.997E-01 2.470E-02  1.32E-01
3.758E-02 3.837E-01 2.523E-02  1.49E-01
3.548E-02 3.674E-01 2.567E-02  1.69E-01
3.350E-02 3.508E-01 2.596E-02  1.90E-01
3.162E-02 3.337E-01 2.604E-02  2.15E-01
2.985E-02 3.167E-01 2.593E-02  2.41E-01
2.818E-02 2.994E-01 2.556E-02  2.71E-01
2.661E-02 2.825E-01 2.495E-02  3.03E-01
2.512E-02 2.656E-01 2.403E-02  3.39E-01
2.371E-02 2.490E-01 2.269E-02  3.78E-01
2.239E-02 2.415E-01 2.187E-02  4.19E-01
2.113E-02 2.297E-01 2.097E-02  4.63E-01
1.995E-02 2.186E-01 1.947E-02  5.09E-01
1.884E-02 2.262E-01 1.953E-02  5.57E-01
1.778E-02 2.139E-01 1.957E-02  6.01E-01
1.679E-02 2.027E-01 1.885E-02  6.44E-01
1.585E-02 1.922E-01 1.795E-02  6.84E-01
1.496E-02 1.819E-01 1.700E-02  7.18E-01
1.413E-02 1.716E-01 1.589E-02  7.47E-01
1.334E-02 1.692E-01 1.482E-02  7.69E-01
1.259E-02 1.652E-01 1.484E-02  7.86E-01
1.189E-02 1.543E-01 1.438E-02  7.99E-01
1.122E-02 1.436E-01 1.276E-02  8.11E-01
1.059E-02 1.720E-01 1.249E-02  8.25E-01
1.000E-02 1.602E-01 1.449E-02  8.40E-01
9.441E-03 1.486E-01 1.441E-02  8.57E-01
8.913E-03 1.373E-01 1.382E-02  8.72E-01
8.414E-03 1.263E-01 1.303E-02  8.86E-01
7.943E-03 1.159E-01 1.214E-02  8.95E-01
7.499E-03 1.060E-01 1.093E-02  9.02E-01
7.079E-03 1.053E-01 1.093E-02  9.09E-01
6.683E-03 9.611E-02 1.034E-02  9.18E-01
6.310E-03 8.746E-02 9.632E-03  9.27E-01
5.957E-03 7.950E-02 8.916E-03  9.34E-01
5.623E-03 7.190E-02 8.204E-03  9.39E-01
5.309E-03 6.497E-02 7.508E-03  9.44E-01
5.012E-03 5.864E-02 6.841E-03  9.49E-01
4.732E-03 5.280E-02 6.215E-03  9.55E-01
4.467E-03 4.742E-02 5.627E-03  9.58E-01
4.217E-03 4.250E-02 5.078E-03  9.62E-01
3.981E-03 3.801E-02 4.564E-03  9.66E-01
3.758E-03 3.391E-02 4.089E-03  9.69E-01
3.548E-03 3.017E-02 3.644E-03  9.71E-01
3.350E-03 2.678E-02 3.234E-03  9.74E-01
3.162E-03 2.373E-02 2.857E-03  9.76E-01
2.985E-03 2.102E-02 2.517E-03  9.79E-01
2.818E-03 1.848E-02 2.180E-03  9.81E-01
2.661E-03 1.614E-02 1.860E-03  9.82E-01
2.512E-03 1.414E-02 1.513E-03  9.84E-01
2.371E-03 1.238E-02 8.923E-04  9.86E-01
2.239E-03 2.911E-02 1.277E-03  9.87E-01
2.113E-03 2.602E-02 1.306E-03  9.88E-01
1.995E-03 2.308E-02 1.249E-03  9.89E-01
1.884E-03 2.037E-02 1.120E-03  9.90E-01
1.778E-03 1.788E-02 9.560E-04  9.91E-01
1.679E-03 1.563E-02 5.919E-04  9.92E-01
1.585E-03 2.492E-02 9.243E-04  9.93E-01
1.496E-03 2.182E-02 8.619E-04  9.93E-01
1.413E-03 2.120E-02 8.800E-04  9.94E-01
1.334E-03 1.859E-02 8.302E-04  9.95E-01
1.259E-03 1.626E-02 7.636E-04  9.95E-01
1.189E-03 1.418E-02 6.968E-04  9.96E-01
1.122E-03 1.227E-02 6.292E-04  9.96E-01
1.059E-03 1.060E-02 5.625E-04  9.96E-01
1.000E-03 9.121E-03 4.922E-04  9.97E-01
