1.000E+03 9.703E-06 6.355E-14  0.00E+00
9.441E+02 1.089E-05 8.000E-14  0.00E+00
8.913E+02 1.222E-05 1.007E-13  0.00E+00
8.414E+02 1.371E-05 1.268E-13  0.00E+00
7.943E+02 1.538E-05 1.596E-13  0.00E+00
7.499E+02 1.726E-05 2.010E-13  0.00E+00
7.079E+02 1.937E-05 2.530E-13  0.00E+00
6.683E+02 2.174E-05 3.185E-13  0.00E+00
6.310E+02 2.439E-05 4.010E-13  0.00E+00
5.957E+02 2.737E-05 5.049E-13  0.00E+00
5.623E+02 3.071E-05 6.356E-13  0.00E+00
5.309E+02 3.447E-05 8.002E-13  0.00E+00
5.012E+02 3.868E-05 1.007E-12  0.00E+00
4.732E+02 4.341E-05 1.268E-12  0.00E+00
4.467E+02 4.873E-05 1.597E-12  0.00E+00
4.217E+02 5.470E-05 2.010E-12  5.62E-07
3.981E+02 6.139E-05 2.531E-12  6.31E-07
3.758E+02 6.890E-05 3.187E-12  7.07E-07
3.548E+02 7.733E-05 4.012E-12  7.94E-07
3.350E+02 8.683E-05 5.051E-12  8.90E-07
3.162E+02 9.750E-05 6.359E-12  9.98E-07
2.985E+02 1.095E-04 8.006E-12  1.12E-06
2.818E+02 1.229E-04 1.008E-11  1.25E-06
2.661E+02 1.380E-04 1.269E-11  1.41E-06
2.512E+02 1.550E-04 1.598E-11  1.58E-06
2.371E+02 1.741E-04 2.013E-11  1.77E-06
2.239E+02 1.956E-04 2.534E-11  1.98E-06
2.113E+02 2.198E-04 3.190E-11  2.22E-06
1.995E+02 2.470E-04 4.017E-11  2.49E-06
1.884E+02 2.775E-04 5.058E-11  2.78E-06
1.778E+02 3.119E-04 6.370E-11  3.12E-06
1.679E+02 3.506E-04 8.022E-11  3.49E-06
1.585E+02 3.942E-04 1.010E-10  3.91E-06
1.496E+02 4.435E-04 1.272E-10  4.37E-06
1.413E+02 4.990E-04 1.602E-10  4.89E-06
1.334E+02 5.616E-04 2.018E-10  5.47E-06
1.259E+02 6.322E-04 2.542E-10  6.11E-06
1.189E+02 7.119E-04 3.201E-10  6.83E-06
1.122E+02 8.017E-04 4.033E-10  7.62E-06
1.059E+02 9.038E-04 5.080E-10  8.50E-06
1.000E+02 1.019E-03 6.398E-10  9.48E-06
9.441E+01 1.150E-03 8.059E-10  1.05E-05
8.913E+01 1.298E-03 1.015E-09  1.17E-05
8.414E+01 1.466E-03 1.279E-09  1.30E-05
7.943E+01 1.656E-03 1.610E-09  1.44E-05
7.499E+01 1.870E-03 2.029E-09  1.60E-05
7.079E+01 2.115E-03 2.554E-09  1.77E-05
6.683E+01 2.394E-03 3.216E-09  1.95E-05
6.310E+01 2.708E-03 4.047E-09  2.14E-05
5.957E+01 3.063E-03 5.093E-09  2.35E-05
5.623E+01 3.465E-03 6.405E-09  2.58E-05
5.309E+01 3.918E-03 8.052E-09  2.81E-05
5.012E+01 4.426E-03 1.012E-08  3.07E-05
4.732E+01 4.998E-03 1.270E-08  3.34E-05
4.467E+01 5.641E-03 1.594E-08  3.62E-05
4.217E+01 6.363E-03 2.000E-08  3.92E-05
3.981E+01 7.162E-03 2.502E-08  4.24E-05
3.758E+01 8.044E-03 3.128E-08  4.59E-05
3.548E+01 8.987E-03 3.921E-08  4.97E-05
3.350E+01 1.006E-02 4.916E-08  5.38E-05
3.162E+01 1.133E-02 6.158E-08  5.79E-05
2.985E+01 1.280E-02 7.703E-08  6.22E-05
2.818E+01 1.443E-02 9.599E-08  6.67E-05
2.661E+01 1.631E-02 1.196E-07  7.13E-05
2.512E+01 1.849E-02 1.493E-07  7.62E-05
2.371E+01 2.090E-02 1.845E-07  8.14E-05
2.239E+01 2.373E-02 2.280E-07  8.67E-05
2.113E+01 2.700E-02 2.780E-07  9.23E-05
1.995E+01 3.090E-02 3.350E-07  9.79E-05
1.884E+01 3.436E-02 3.745E-07  1.05E-04
1.778E+01 3.450E-02 3.846E-07  1.19E-04
1.679E+01 3.140E-02 3.890E-07  1.38E-04
1.585E+01 2.685E-02 4.236E-07  1.63E-04
1.496E+01 2.278E-02 5.259E-07  1.95E-04
1.413E+01 2.052E-02 7.548E-07  2.37E-04
1.334E+01 2.452E-02 1.164E-06  2.77E-04
1.259E+01 3.239E-02 1.677E-06  3.00E-04
1.189E+01 4.304E-02 2.314E-06  3.06E-04
1.122E+01 5.596E-02 3.065E-06  3.04E-04
1.059E+01 7.389E-02 4.045E-06  2.95E-04
1.000E+01 8.966E-02 4.512E-06  3.03E-04
9.441E+00 1.001E-01 4.540E-06  3.23E-04
8.913E+00 7.439E-02 2.422E-06  3.80E-04
8.414E+00 4.807E-02 1.212E-06  4.51E-04
7.943E+00 2.232E-02 6.006E-07  5.33E-04
7.499E+00 9.916E-03 1.284E-06  6.38E-04
7.079E+00 7.804E-03 2.565E-06  7.49E-04
6.683E+00 7.728E-03 4.051E-06  8.63E-04
6.310E+00 7.682E-03 5.832E-06  9.86E-04
5.957E+00 7.508E-03 8.070E-06  1.12E-03
5.623E+00 7.389E-03 1.091E-05  1.27E-03
5.309E+00 7.385E-03 1.454E-05  1.44E-03
5.012E+00 7.485E-03 1.915E-05  1.63E-03
4.732E+00 7.675E-03 2.499E-05  1.84E-03
4.467E+00 7.925E-03 3.240E-05  2.08E-03
4.217E+00 8.228E-03 4.176E-05  2.34E-03
3.981E+00 8.536E-03 5.357E-05  2.64E-03
3.758E+00 8.845E-03 6.851E-05  2.97E-03
3.548E+00 9.176E-03 8.738E-05  3.34E-03
3.350E+00 9.517E-03 1.112E-04  3.76E-03
3.162E+00 9.826E-03 1.412E-04  4.22E-03
2.985E+00 1.018E-02 1.793E-04  4.74E-03
2.818E+00 1.057E-02 2.274E-04  5.33E-03
2.661E+00 1.099E-02 2.881E-04  5.98E-03
2.512E+00 1.145E-02 3.646E-04  6.72E-03
2.371E+00 1.195E-02 4.612E-04  7.54E-03
2.239E+00 1.249E-02 5.831E-04  8.46E-03
2.113E+00 1.307E-02 7.365E-04  9.50E-03
1.995E+00 1.370E-02 9.302E-04  1.07E-02
1.884E+00 1.438E-02 1.175E-03  1.20E-02
1.778E+00 1.511E-02 1.483E-03  1.34E-02
1.679E+00 1.594E-02 1.872E-03  1.50E-02
1.585E+00 1.684E-02 2.362E-03  1.69E-02
1.496E+00 1.781E-02 2.980E-03  1.89E-02
1.413E+00 1.885E-02 3.759E-03  2.12E-02
1.334E+00 1.997E-02 4.744E-03  2.38E-02
1.259E+00 2.118E-02 5.986E-03  2.67E-02
1.189E+00 2.256E-02 7.558E-03  2.99E-02
1.122E+00 2.407E-02 9.543E-03  3.35E-02
1.059E+00 2.571E-02 1.205E-02  3.76E-02
1.000E+00 2.751E-02 1.521E-02  4.21E-02
9.441E-01 2.950E-02 1.920E-02  4.72E-02
8.913E-01 3.167E-02 2.425E-02  5.29E-02
8.414E-01 3.406E-02 3.065E-02  5.93E-02
7.943E-01 3.667E-02 3.873E-02  6.65E-02
7.499E-01 3.956E-02 4.896E-02  7.45E-02
7.079E-01 4.274E-02 6.187E-02  8.36E-02
6.683E-01 4.627E-02 7.815E-02  9.39E-02
6.310E-01 5.023E-02 9.869E-02  1.05E-01
5.957E-01 5.463E-02 1.245E-01  1.19E-01
5.623E-01 5.954E-02 1.569E-01  1.34E-01
5.309E-01 6.502E-02 1.973E-01  1.51E-01
5.012E-01 7.113E-02 2.472E-01  1.71E-01
4.732E-01 7.797E-02 3.084E-01  1.94E-01
4.467E-01 8.567E-02 3.828E-01  2.21E-01
4.217E-01 9.443E-02 4.723E-01  2.53E-01
3.981E-01 1.045E-01 5.781E-01  2.91E-01
3.758E-01 1.165E-01 7.031E-01  3.37E-01
3.548E-01 1.316E-01 8.522E-01  3.91E-01
3.350E-01 1.514E-01 1.036E+00  4.52E-01
3.162E-01 1.779E-01 1.278E+00  5.16E-01
2.985E-01 2.116E-01 1.615E+00  5.67E-01
2.818E-01 2.460E-01 2.064E+00  5.88E-01
2.661E-01 2.634E-01 2.532E+00  5.74E-01
2.512E-01 2.548E-01 2.833E+00  5.47E-01
2.371E-01 2.319E-01 2.972E+00  5.30E-01
2.239E-01 2.676E-01 3.123E+00  5.43E-01
2.113E-01 4.901E-01 3.532E+00  6.00E-01
1.995E-01 7.569E-01 3.934E+00  6.49E-01
1.884E-01 8.568E-01 3.321E+00  6.20E-01
1.778E-01 1.138E+00 2.492E+00  5.83E-01
1.679E-01 1.497E+00 1.860E+00  6.40E-01
1.585E-01 1.566E+00 1.351E+00  6.81E-01
1.496E-01 1.497E+00 1.301E+00  7.29E-01
1.413E-01 1.471E+00 1.311E+00  7.58E-01
1.334E-01 1.465E+00 1.297E+00  7.73E-01
1.259E-01 1.444E+00 1.290E+00  7.83E-01
1.189E-01 1.405E+00 1.297E+00  7.87E-01
1.122E-01 1.378E+00 1.293E+00  7.93E-01
1.059E-01 1.340E+00 1.317E+00  7.90E-01
1.000E-01 1.310E+00 1.319E+00  7.95E-01
9.441E-02 1.282E+00 1.315E+00  8.00E-01
8.913E-02 1.257E+00 1.285E+00  8.12E-01
8.414E-02 1.236E+00 1.295E+00  8.15E-01
7.943E-02 1.196E+00 1.317E+00  8.12E-01
7.499E-02 1.143E+00 1.338E+00  8.09E-01
7.079E-02 1.086E+00 1.347E+00  8.08E-01
6.683E-02 1.013E+00 1.359E+00  8.05E-01
6.310E-02 9.214E-01 1.362E+00  8.06E-01
5.957E-02 8.618E-01 1.287E+00  8.35E-01
5.623E-02 9.145E-01 1.140E+00  8.83E-01
5.309E-02 9.340E-01 1.081E+00  9.02E-01
5.012E-02 9.435E-01 1.043E+00  9.16E-01
4.732E-02 9.467E-01 1.018E+00  9.25E-01
4.467E-02 9.463E-01 1.000E+00  9.33E-01
4.217E-02 9.436E-01 9.882E-01  9.40E-01
3.981E-02 9.393E-01 9.794E-01  9.45E-01
3.758E-02 9.340E-01 9.730E-01  9.50E-01
3.548E-02 9.280E-01 9.685E-01  9.55E-01
3.350E-02 9.216E-01 9.651E-01  9.59E-01
3.162E-02 9.148E-01 9.628E-01  9.63E-01
2.985E-02 9.078E-01 9.615E-01  9.67E-01
2.818E-02 9.005E-01 9.608E-01  9.71E-01
2.661E-02 8.933E-01 9.597E-01  9.74E-01
2.512E-02 8.857E-01 9.577E-01  9.77E-01
2.371E-02 8.784E-01 9.508E-01  9.80E-01
2.239E-02 8.777E-01 9.362E-01  9.82E-01
2.113E-02 8.716E-01 9.311E-01  9.84E-01
1.995E-02 8.669E-01 9.116E-01  9.86E-01
1.884E-02 8.788E-01 8.835E-01  9.88E-01
1.778E-02 8.672E-01 9.065E-01  9.89E-01
1.679E-02 8.583E-01 9.094E-01  9.90E-01
1.585E-02 8.496E-01 9.058E-01  9.91E-01
1.496E-02 8.401E-01 8.991E-01  9.92E-01
1.413E-02 8.296E-01 8.850E-01  9.93E-01
1.334E-02 8.305E-01 8.425E-01  9.94E-01
1.259E-02 8.263E-01 8.445E-01  9.95E-01
1.189E-02 8.105E-01 8.518E-01  9.95E-01
1.122E-02 7.945E-01 8.080E-01  9.96E-01
1.059E-02 8.476E-01 6.974E-01  9.96E-01
1.000E-02 8.263E-01 8.055E-01  9.97E-01
9.441E-03 8.068E-01 8.352E-01  9.97E-01
8.913E-03 7.859E-01 8.457E-01  9.97E-01
8.414E-03 7.627E-01 8.466E-01  9.98E-01
7.943E-03 7.374E-01 8.381E-01  9.98E-01
7.499E-03 7.104E-01 8.065E-01  9.98E-01
7.079E-03 7.092E-01 8.031E-01  9.98E-01
6.683E-03 6.794E-01 8.020E-01  9.99E-01
6.310E-03 6.480E-01 7.898E-01  9.99E-01
5.957E-03 6.156E-01 7.711E-01  9.99E-01
5.623E-03 5.813E-01 7.473E-01  9.99E-01
5.309E-03 5.467E-01 7.182E-01  9.99E-01
5.012E-03 5.120E-01 6.856E-01  9.99E-01
4.732E-03 4.773E-01 6.507E-01  9.99E-01
4.467E-03 4.427E-01 6.134E-01  9.99E-01
4.217E-03 4.089E-01 5.747E-01  9.99E-01
3.981E-03 3.758E-01 5.351E-01  1.00E+00
3.758E-03 3.439E-01 4.950E-01  1.00E+00
3.548E-03 3.132E-01 4.544E-01  1.00E+00
3.350E-03 2.839E-01 4.144E-01  1.00E+00
3.162E-03 2.564E-01 3.752E-01  1.00E+00
2.985E-03 2.311E-01 3.379E-01  1.00E+00
2.818E-03 2.065E-01 2.990E-01  1.00E+00
2.661E-03 1.831E-01 2.601E-01  1.00E+00
2.512E-03 1.625E-01 2.155E-01  1.00E+00
2.371E-03 1.439E-01 1.298E-01  1.00E+00
2.239E-03 3.047E-01 1.648E-01  1.00E+00
2.113E-03 2.776E-01 1.718E-01  1.00E+00
1.995E-03 2.508E-01 1.674E-01  1.00E+00
1.884E-03 2.251E-01 1.530E-01  1.00E+00
1.778E-03 2.007E-01 1.331E-01  1.00E+00
1.679E-03 1.780E-01 8.412E-02  1.00E+00
1.585E-03 2.677E-01 1.227E-01  1.00E+00
1.496E-03 2.390E-01 1.168E-01  1.00E+00
1.413E-03 2.331E-01 1.196E-01  1.00E+00
1.334E-03 2.078E-01 1.149E-01  1.00E+00
1.259E-03 1.844E-01 1.074E-01  1.00E+00
1.189E-03 1.630E-01 9.944E-02  1.00E+00
1.122E-03 1.428E-01 9.103E-02  1.00E+00
1.059E-03 1.247E-01 8.237E-02  1.00E+00
1.000E-03 1.082E-01 7.288E-02  1.00E+00
