1.000E+03 3.863E-07 1.596E-19  0.00E+00
9.441E+02 4.334E-07 2.010E-19  0.00E+00
8.913E+02 4.864E-07 2.530E-19  0.00E+00
8.414E+02 5.458E-07 3.185E-19  0.00E+00
7.943E+02 6.124E-07 4.010E-19  0.00E+00
7.499E+02 6.872E-07 5.048E-19  0.00E+00
7.079E+02 7.712E-07 6.355E-19  0.00E+00
6.683E+02 8.654E-07 8.001E-19  0.00E+00
6.310E+02 9.710E-07 1.007E-18  0.00E+00
5.957E+02 1.090E-06 1.268E-18  0.00E+00
5.623E+02 1.223E-06 1.597E-18  0.00E+00
5.309E+02 1.372E-06 2.010E-18  0.00E+00
5.012E+02 1.540E-06 2.531E-18  0.00E+00
4.732E+02 1.728E-06 3.186E-18  0.00E+00
4.467E+02 1.940E-06 4.011E-18  0.00E+00
4.217E+02 2.177E-06 5.049E-18  0.00E+00
3.981E+02 2.444E-06 6.357E-18  0.00E+00
3.758E+02 2.743E-06 8.004E-18  0.00E+00
3.548E+02 3.079E-06 1.008E-17  0.00E+00
3.350E+02 3.457E-06 1.269E-17  0.00E+00
3.162E+02 3.881E-06 1.597E-17  0.00E+00
2.985E+02 4.358E-06 2.011E-17  0.00E+00
2.818E+02 4.893E-06 2.532E-17  0.00E+00
2.661E+02 5.494E-06 3.189E-17  0.00E+00
2.512E+02 6.170E-06 4.015E-17  0.00E+00
2.371E+02 6.931E-06 5.055E-17  0.00E+00
2.239E+02 7.787E-06 6.365E-17  0.00E+00
2.113E+02 8.749E-06 8.014E-17  0.00E+00
1.995E+02 9.832E-06 1.009E-16  0.00E+00
1.884E+02 1.105E-05 1.271E-16  0.00E+00
1.778E+02 1.241E-05 1.600E-16  0.00E+00
1.679E+02 1.396E-05 2.015E-16  0.00E+00
1.585E+02 1.569E-05 2.538E-16  0.00E+00
1.496E+02 1.765E-05 3.196E-16  0.00E+00
1.413E+02 1.986E-05 4.025E-16  0.00E+00
1.334E+02 2.236E-05 5.069E-16  0.00E+00
1.259E+02 2.517E-05 6.384E-16  0.00E+00
1.189E+02 2.834E-05 8.042E-16  0.00E+00
1.122E+02 3.191E-05 1.013E-15  0.00E+00
1.059E+02 3.598E-05 1.276E-15  0.00E+00
1.000E+02 4.057E-05 1.607E-15  0.00E+00
9.441E+01 4.577E-05 2.024E-15  0.00E+00
8.913E+01 5.166E-05 2.550E-15  0.00E+00
8.414E+01 5.834E-05 3.212E-15  0.00E+00
7.943E+01 6.592E-05 4.045E-15  0.00E+00
7.499E+01 7.446E-05 5.095E-15  0.00E+00
7.079E+01 8.421E-05 6.416E-15  0.00E+00
6.683E+01 9.528E-05 8.077E-15  0.00E+00
6.310E+01 1.078E-04 1.017E-14  0.00E+00
5.957E+01 1.219E-04 1.279E-14  0.00E+00
5.623E+01 1.379E-04 1.609E-14  0.00E+00
5.309E+01 1.560E-04 2.022E-14  0.00E+00
5.012E+01 1.762E-04 2.541E-14  0.00E+00
4.732E+01 1.989E-04 3.191E-14  0.00E+00
4.467E+01 2.245E-04 4.004E-14  0.00E+00
4.217E+01 2.532E-04 5.022E-14  0.00E+00
3.981E+01 2.850E-04 6.283E-14  0.00E+00
3.758E+01 3.201E-04 7.856E-14  0.00E+00
3.548E+01 3.576E-04 9.849E-14  0.00E+00
3.350E+01 4.004E-04 1.235E-13  0.00E+00
3.162E+01 4.510E-04 1.547E-13  0.00E+00
2.985E+01 5.093E-04 1.935E-13  0.00E+00
2.818E+01 5.742E-04 2.411E-13  0.00E+00
2.661E+01 6.490E-04 3.005E-13  0.00E+00
2.512E+01 7.356E-04 3.749E-13  0.00E+00
2.371E+01 8.317E-04 4.632E-13  0.00E+00
2.239E+01 9.441E-04 5.727E-13  0.00E+00
2.113E+01 1.074E-03 6.980E-13  0.00E+00
1.995E+01 1.230E-03 8.413E-13  0.00E+00
1.884E+01 1.367E-03 9.403E-13  0.00E+00
1.778E+01 1.373E-03 9.659E-13  0.00E+00
1.679E+01 1.249E-03 9.770E-13  2.19E-07
1.585E+01 1.068E-03 1.064E-12  2.58E-07
1.496E+01 9.060E-04 1.320E-12  3.09E-07
1.413E+01 8.159E-04 1.895E-12  3.75E-07
1.334E+01 9.748E-04 2.922E-12  4.39E-07
1.259E+01 1.287E-03 4.210E-12  4.75E-07
1.189E+01 1.710E-03 5.808E-12  4.85E-07
1.122E+01 2.224E-03 7.693E-12  4.82E-07
1.059E+01 2.936E-03 1.015E-11  4.68E-07
1.000E+01 3.565E-03 1.133E-11  4.81E-07
9.441E+00 3.980E-03 1.141E-11  5.12E-07
8.913E+00 2.961E-03 6.088E-12  6.02E-07
8.414E+00 1.764E-03 3.020E-12  1.33E-06
7.943E+00 8.434E-04 1.604E-12  1.49E-06
7.499E+00 3.722E-04 3.703E-12  1.67E-06
7.079E+00 3.101E-04 6.444E-12  1.19E-06
6.683E+00 3.069E-04 1.017E-11  1.37E-06
6.310E+00 3.050E-04 1.464E-11  1.56E-06
5.957E+00 2.979E-04 2.026E-11  1.78E-06
5.623E+00 2.930E-04 2.739E-11  2.02E-06
5.309E+00 2.927E-04 3.648E-11  2.29E-06
5.012E+00 2.964E-04 4.806E-11  2.59E-06
4.732E+00 3.037E-04 6.270E-11  2.92E-06
4.467E+00 3.134E-04 8.126E-11  3.30E-06
4.217E+00 3.251E-04 1.047E-10  3.72E-06
3.981E+00 3.369E-04 1.343E-10  4.19E-06
3.758E+00 3.487E-04 1.717E-10  4.71E-06
3.548E+00 3.613E-04 2.189E-10  5.30E-06
3.350E+00 3.742E-04 2.783E-10  5.96E-06
3.162E+00 3.857E-04 3.535E-10  6.70E-06
2.985E+00 3.987E-04 4.485E-10  7.53E-06
2.818E+00 4.132E-04 5.685E-10  8.46E-06
2.661E+00 4.287E-04 7.199E-10  9.51E-06
2.512E+00 4.455E-04 9.106E-10  1.07E-05
2.371E+00 4.639E-04 1.151E-09  1.20E-05
2.239E+00 4.833E-04 1.454E-09  1.35E-05
2.113E+00 5.041E-04 1.835E-09  1.51E-05
1.995E+00 5.264E-04 2.315E-09  1.70E-05
1.884E+00 5.499E-04 2.920E-09  1.90E-05
1.778E+00 5.752E-04 3.683E-09  2.14E-05
1.679E+00 6.033E-04 4.642E-09  2.40E-05
1.585E+00 6.339E-04 5.847E-09  2.69E-05
1.496E+00 6.659E-04 7.365E-09  3.02E-05
1.413E+00 6.995E-04 9.275E-09  3.39E-05
1.334E+00 7.349E-04 1.168E-08  3.80E-05
1.259E+00 7.724E-04 1.471E-08  4.27E-05
1.189E+00 8.144E-04 1.852E-08  4.79E-05
1.122E+00 8.591E-04 2.333E-08  5.38E-05
1.059E+00 9.065E-04 2.937E-08  6.03E-05
1.000E+00 9.569E-04 3.698E-08  6.77E-05
9.441E-01 1.011E-03 4.654E-08  7.59E-05
8.913E-01 1.067E-03 5.859E-08  8.52E-05
8.414E-01 1.127E-03 7.379E-08  9.56E-05
7.943E-01 1.190E-03 9.295E-08  1.07E-04
7.499E-01 1.256E-03 1.171E-07  1.20E-04
7.079E-01 1.325E-03 1.476E-07  1.35E-04
6.683E-01 1.398E-03 1.860E-07  1.52E-04
6.310E-01 1.477E-03 2.346E-07  1.70E-04
5.957E-01 1.559E-03 2.960E-07  1.91E-04
5.623E-01 1.647E-03 3.737E-07  2.14E-04
5.309E-01 1.739E-03 4.720E-07  2.41E-04
5.012E-01 1.836E-03 5.964E-07  2.70E-04
4.732E-01 1.938E-03 7.542E-07  3.04E-04
4.467E-01 2.045E-03 9.547E-07  3.41E-04
4.217E-01 2.158E-03 1.210E-06  3.83E-04
3.981E-01 2.275E-03 1.535E-06  4.31E-04
3.758E-01 2.393E-03 1.951E-06  4.84E-04
3.548E-01 2.516E-03 2.484E-06  5.45E-04
3.350E-01 2.642E-03 3.168E-06  6.13E-04
3.162E-01 2.771E-03 4.049E-06  6.90E-04
2.985E-01 2.900E-03 5.192E-06  7.78E-04
2.818E-01 3.028E-03 6.680E-06  8.77E-04
2.661E-01 3.150E-03 8.633E-06  9.91E-04
2.512E-01 3.264E-03 1.122E-05  1.12E-03
2.371E-01 3.211E-03 1.470E-05  1.27E-03
2.239E-01 3.521E-03 1.958E-05  1.45E-03
2.113E-01 5.067E-03 2.628E-05  1.65E-03
1.995E-01 7.191E-03 3.535E-05  1.89E-03
1.884E-01 1.064E-02 4.824E-05  2.18E-03
1.778E-01 1.647E-02 6.621E-05  2.51E-03
1.679E-01 2.402E-02 9.163E-05  2.90E-03
1.585E-01 3.473E-02 1.319E-04  3.40E-03
1.496E-01 7.025E-02 2.033E-04  3.86E-03
1.413E-01 1.264E-01 2.293E-04  3.47E-03
1.334E-01 1.201E-01 2.684E-04  3.98E-03
1.259E-01 1.333E-01 3.401E-04  4.39E-03
1.189E-01 1.675E-01 4.652E-04  4.68E-03
1.122E-01 1.953E-01 5.925E-04  5.02E-03
1.059E-01 2.406E-01 8.530E-04  5.30E-03
1.000E-01 3.096E-01 1.140E-03  5.30E-03
9.441E-02 3.702E-01 1.460E-03  5.52E-03
8.913E-02 4.171E-01 1.684E-03  5.93E-03
8.414E-02 4.516E-01 2.166E-03  6.59E-03
7.943E-02 5.382E-01 3.006E-03  6.93E-03
7.499E-02 6.369E-01 4.076E-03  7.32E-03
7.079E-02 6.951E-01 5.040E-03  8.04E-03
6.683E-02 6.975E-01 5.810E-03  9.04E-03
6.310E-02 5.781E-01 5.485E-03  1.05E-02
5.957E-02 3.601E-01 3.336E-03  1.24E-02
5.623E-02 2.905E-01 2.136E-03  1.45E-02
5.309E-02 2.724E-01 1.955E-03  1.66E-02
5.012E-02 2.603E-01 1.914E-03  1.89E-02
4.732E-02 2.507E-01 1.946E-03  2.14E-02
4.467E-02 2.424E-01 2.020E-03  2.42E-02
4.217E-02 2.343E-01 2.117E-03  2.74E-02
3.981E-02 2.261E-01 2.229E-03  3.09E-02
3.758E-02 2.176E-01 2.346E-03  3.49E-02
3.548E-02 2.087E-01 2.466E-03  3.93E-02
3.350E-02 1.994E-01 2.580E-03  4.43E-02
3.162E-02 1.896E-01 2.683E-03  5.00E-02
2.985E-02 1.796E-01 2.775E-03  5.64E-02
2.818E-02 1.693E-01 2.846E-03  6.36E-02
2.661E-02 1.591E-01 2.895E-03  7.17E-02
2.512E-02 1.488E-01 2.909E-03  8.09E-02
2.371E-02 1.386E-01 2.869E-03  9.12E-02
2.239E-02 1.338E-01 2.903E-03  1.03E-01
2.113E-02 1.266E-01 2.921E-03  1.16E-01
1.995E-02 1.197E-01 2.846E-03  1.31E-01
1.884E-02 1.238E-01 3.020E-03  1.48E-01
1.778E-02 1.166E-01 3.173E-03  1.66E-01
1.679E-02 1.099E-01 3.196E-03  1.87E-01
1.585E-02 1.038E-01 3.171E-03  2.11E-01
1.496E-02 9.778E-02 3.115E-03  2.37E-01
1.413E-02 9.186E-02 3.003E-03  2.66E-01
1.334E-02 9.042E-02 2.878E-03  2.99E-01
1.259E-02 8.819E-02 2.945E-03  3.34E-01
1.189E-02 8.212E-02 2.893E-03  3.73E-01
1.122E-02 7.610E-02 2.589E-03  4.15E-01
1.059E-02 9.177E-02 2.585E-03  4.62E-01
1.000E-02 8.535E-02 3.022E-03  5.08E-01
9.441E-03 7.886E-02 3.021E-03  5.54E-01
8.913E-03 7.256E-02 2.908E-03  6.01E-01
8.414E-03 6.649E-02 2.753E-03  6.45E-01
7.943E-03 6.073E-02 2.572E-03  6.85E-01
7.499E-03 5.534E-02 2.326E-03  7.19E-01
7.079E-03 5.492E-02 2.349E-03  7.47E-01
6.683E-03 4.991E-02 2.245E-03  7.68E-01
6.310E-03 4.525E-02 2.118E-03  7.83E-01
5.957E-03 4.099E-02 1.987E-03  7.96E-01
5.623E-03 3.697E-02 1.850E-03  8.08E-01
5.309E-03 3.331E-02 1.710E-03  8.22E-01
5.012E-03 2.999E-02 1.571E-03  8.38E-01
4.732E-03 2.695E-02 1.436E-03  8.55E-01
4.467E-03 2.415E-02 1.306E-03  8.72E-01
4.217E-03 2.161E-02 1.184E-03  8.85E-01
3.981E-03 1.929E-02 1.071E-03  8.94E-01
3.758E-03 1.719E-02 9.663E-04  9.01E-01
3.548E-03 1.527E-02 8.662E-04  9.08E-01
3.350E-03 1.354E-02 7.720E-04  9.17E-01
3.162E-03 1.198E-02 6.843E-04  9.27E-01
2.985E-03 1.061E-02 6.051E-04  9.34E-01
2.818E-03 9.315E-03 5.264E-04  9.38E-01
2.661E-03 8.131E-03 4.507E-04  9.43E-01
2.512E-03 7.120E-03 3.677E-04  9.49E-01
2.371E-03 6.228E-03 2.173E-04  9.54E-01
2.239E-03 1.472E-02 3.136E-04  9.58E-01
2.113E-03 1.314E-02 3.216E-04  9.62E-01
1.995E-03 1.165E-02 3.078E-04  9.66E-01
1.884E-03 1.027E-02 2.764E-04  9.69E-01
1.778E-03 9.010E-03 2.364E-04  9.71E-01
1.679E-03 7.871E-03 1.465E-04  9.74E-01
1.585E-03 1.258E-02 2.299E-04  9.76E-01
1.496E-03 1.101E-02 2.145E-04  9.79E-01
1.413E-03 1.069E-02 2.193E-04  9.81E-01
1.334E-03 9.369E-03 2.070E-04  9.82E-01
1.259E-03 8.187E-03 1.905E-04  9.84E-01
1.189E-03 7.138E-03 1.739E-04  9.86E-01
1.122E-03 6.174E-03 1.571E-04  9.87E-01
1.059E-03 5.331E-03 1.405E-04  9.88E-01
1.000E-03 4.583E-03 1.230E-04  9.89E-01
