1.000E+03 7.707E-06 2.530E-14  0.00E+00
9.441E+02 8.648E-06 3.185E-14  0.00E+00
8.913E+02 9.704E-06 4.010E-14  0.00E+00
8.414E+02 1.089E-05 5.048E-14  0.00E+00
7.943E+02 1.222E-05 6.355E-14  0.00E+00
7.499E+02 1.371E-05 8.000E-14  0.00E+00
7.079E+02 1.539E-05 1.007E-13  0.00E+00
6.683E+02 1.727E-05 1.268E-13  0.00E+00
6.310E+02 1.937E-05 1.596E-13  0.00E+00
5.957E+02 2.174E-05 2.010E-13  0.00E+00
5.623E+02 2.440E-05 2.530E-13  0.00E+00
5.309E+02 2.738E-05 3.186E-13  0.00E+00
5.012E+02 3.072E-05 4.011E-13  0.00E+00
4.732E+02 3.448E-05 5.049E-13  0.00E+00
4.467E+02 3.871E-05 6.357E-13  0.00E+00
4.217E+02 4.345E-05 8.003E-13  0.00E+00
3.981E+02 4.876E-05 1.008E-12  0.00E+00
3.758E+02 5.473E-05 1.269E-12  0.00E+00
3.548E+02 6.143E-05 1.597E-12  0.00E+00
3.350E+02 6.897E-05 2.011E-12  5.61E-07
3.162E+02 7.744E-05 2.532E-12  6.29E-07
2.985E+02 8.696E-05 3.187E-12  7.06E-07
2.818E+02 9.763E-05 4.013E-12  7.91E-07
2.661E+02 1.096E-04 5.054E-12  8.87E-07
2.512E+02 1.231E-04 6.363E-12  9.95E-07
2.371E+02 1.383E-04 8.012E-12  1.12E-06
2.239E+02 1.554E-04 1.009E-11  1.25E-06
2.113E+02 1.746E-04 1.270E-11  1.40E-06
1.995E+02 1.962E-04 1.599E-11  1.57E-06
1.884E+02 2.204E-04 2.014E-11  1.76E-06
1.778E+02 2.477E-04 2.536E-11  1.97E-06
1.679E+02 2.785E-04 3.194E-11  2.20E-06
1.585E+02 3.132E-04 4.022E-11  2.47E-06
1.496E+02 3.523E-04 5.065E-11  2.76E-06
1.413E+02 3.964E-04 6.379E-11  3.09E-06
1.334E+02 4.461E-04 8.034E-11  3.45E-06
1.259E+02 5.022E-04 1.012E-10  3.86E-06
1.189E+02 5.655E-04 1.275E-10  4.31E-06
1.122E+02 6.368E-04 1.606E-10  4.81E-06
1.059E+02 7.179E-04 2.022E-10  5.36E-06
1.000E+02 8.095E-04 2.547E-10  5.98E-06
9.441E+01 9.133E-04 3.208E-10  6.65E-06
8.913E+01 1.031E-03 4.041E-10  7.40E-06
8.414E+01 1.164E-03 5.090E-10  8.22E-06
7.943E+01 1.315E-03 6.411E-10  9.11E-06
7.499E+01 1.486E-03 8.076E-10  1.01E-05
7.079E+01 1.680E-03 1.017E-09  1.11E-05
6.683E+01 1.901E-03 1.280E-09  1.23E-05
6.310E+01 2.151E-03 1.611E-09  1.35E-05
5.957E+01 2.433E-03 2.028E-09  1.48E-05
5.623E+01 2.752E-03 2.550E-09  1.63E-05
5.309E+01 3.112E-03 3.205E-09  1.78E-05
5.012E+01 3.515E-03 4.028E-09  1.94E-05
4.732E+01 3.970E-03 5.057E-09  2.11E-05
4.467E+01 4.481E-03 6.347E-09  2.29E-05
4.217E+01 5.054E-03 7.960E-09  2.48E-05
3.981E+01 5.688E-03 9.958E-09  2.68E-05
3.758E+01 6.389E-03 1.245E-08  2.89E-05
3.548E+01 7.137E-03 1.561E-08  3.14E-05
3.350E+01 7.990E-03 1.957E-08  3.40E-05
3.162E+01 9.001E-03 2.451E-08  3.66E-05
2.985E+01 1.016E-02 3.066E-08  3.92E-05
2.818E+01 1.146E-02 3.821E-08  4.21E-05
2.661E+01 1.295E-02 4.763E-08  4.50E-05
2.512E+01 1.468E-02 5.943E-08  4.81E-05
2.371E+01 1.660E-02 7.343E-08  5.13E-05
2.239E+01 1.884E-02 9.078E-08  5.47E-05
2.113E+01 2.144E-02 1.107E-07  5.82E-05
1.995E+01 2.454E-02 1.334E-07  6.18E-05
1.884E+01 2.729E-02 1.491E-07  6.65E-05
1.778E+01 2.740E-02 1.531E-07  7.50E-05
1.679E+01 2.494E-02 1.549E-07  8.71E-05
1.585E+01 2.132E-02 1.686E-07  1.03E-04
1.496E+01 1.809E-02 2.093E-07  1.23E-04
1.413E+01 1.629E-02 3.005E-07  1.49E-04
1.334E+01 1.947E-02 4.632E-07  1.75E-04
1.259E+01 2.571E-02 6.675E-07  1.89E-04
1.189E+01 3.417E-02 9.209E-07  1.93E-04
1.122E+01 4.442E-02 1.220E-06  1.92E-04
1.059E+01 5.865E-02 1.610E-06  1.86E-04
1.000E+01 7.119E-02 1.796E-06  1.91E-04
9.441E+00 7.945E-02 1.808E-06  2.04E-04
8.913E+00 5.909E-02 9.644E-07  2.40E-04
8.414E+00 3.818E-02 4.828E-07  2.85E-04
7.943E+00 1.773E-02 2.392E-07  3.37E-04
7.499E+00 7.873E-03 5.112E-07  4.03E-04
7.079E+00 6.195E-03 1.021E-06  4.72E-04
6.683E+00 6.133E-03 1.613E-06  5.45E-04
6.310E+00 6.096E-03 2.322E-06  6.22E-04
5.957E+00 5.957E-03 3.212E-06  7.08E-04
5.623E+00 5.861E-03 4.343E-06  8.04E-04
5.309E+00 5.856E-03 5.785E-06  9.11E-04
5.012E+00 5.934E-03 7.622E-06  1.03E-03
4.732E+00 6.083E-03 9.945E-06  1.16E-03
4.467E+00 6.279E-03 1.289E-05  1.31E-03
4.217E+00 6.518E-03 1.661E-05  1.48E-03
3.981E+00 6.759E-03 2.131E-05  1.67E-03
3.758E+00 7.000E-03 2.725E-05  1.87E-03
3.548E+00 7.259E-03 3.475E-05  2.11E-03
3.350E+00 7.525E-03 4.420E-05  2.37E-03
3.162E+00 7.765E-03 5.615E-05  2.66E-03
2.985E+00 8.036E-03 7.126E-05  2.99E-03
2.818E+00 8.338E-03 9.036E-05  3.36E-03
2.661E+00 8.664E-03 1.145E-04  3.78E-03
2.512E+00 9.018E-03 1.449E-04  4.24E-03
2.371E+00 9.407E-03 1.832E-04  4.76E-03
2.239E+00 9.819E-03 2.315E-04  5.35E-03
2.113E+00 1.026E-02 2.923E-04  6.00E-03
1.995E+00 1.074E-02 3.691E-04  6.74E-03
1.884E+00 1.126E-02 4.659E-04  7.56E-03
1.778E+00 1.181E-02 5.881E-04  8.48E-03
1.679E+00 1.243E-02 7.419E-04  9.51E-03
1.585E+00 1.311E-02 9.354E-04  1.07E-02
1.496E+00 1.383E-02 1.180E-03  1.20E-02
1.413E+00 1.460E-02 1.487E-03  1.34E-02
1.334E+00 1.542E-02 1.876E-03  1.51E-02
1.259E+00 1.630E-02 2.365E-03  1.69E-02
1.189E+00 1.731E-02 2.984E-03  1.89E-02
1.122E+00 1.839E-02 3.765E-03  2.12E-02
1.059E+00 1.957E-02 4.749E-03  2.38E-02
1.000E+00 2.084E-02 5.992E-03  2.67E-02
9.441E-01 2.224E-02 7.559E-03  2.99E-02
8.913E-01 2.375E-02 9.541E-03  3.35E-02
8.414E-01 2.539E-02 1.205E-02  3.76E-02
7.943E-01 2.717E-02 1.522E-02  4.21E-02
7.499E-01 2.911E-02 1.924E-02  4.72E-02
7.079E-01 3.124E-02 2.433E-02  5.29E-02
6.683E-01 3.358E-02 3.076E-02  5.93E-02
6.310E-01 3.618E-02 3.893E-02  6.65E-02
5.957E-01 3.905E-02 4.929E-02  7.46E-02
5.623E-01 4.224E-02 6.242E-02  8.38E-02
5.309E-01 4.578E-02 7.903E-02  9.41E-02
5.012E-01 4.971E-02 1.001E-01  1.06E-01
4.732E-01 5.409E-02 1.266E-01  1.19E-01
4.467E-01 5.898E-02 1.601E-01  1.34E-01
4.217E-01 6.444E-02 2.021E-01  1.52E-01
3.981E-01 7.051E-02 2.545E-01  1.72E-01
3.758E-01 7.722E-02 3.196E-01  1.95E-01
3.548E-01 8.484E-02 3.996E-01  2.23E-01
3.350E-01 9.356E-02 4.970E-01  2.56E-01
3.162E-01 1.038E-01 6.144E-01  2.96E-01
2.985E-01 1.164E-01 7.569E-01  3.44E-01
2.818E-01 1.327E-01 9.325E-01  4.01E-01
2.661E-01 1.554E-01 1.162E+00  4.67E-01
2.512E-01 1.874E-01 1.490E+00  5.32E-01
2.371E-01 2.200E-01 1.999E+00  5.74E-01
2.239E-01 2.712E-01 2.678E+00  5.68E-01
2.113E-01 3.564E-01 3.035E+00  5.28E-01
1.995E-01 4.336E-01 3.011E+00  5.05E-01
1.884E-01 6.484E-01 2.941E+00  5.30E-01
1.778E-01 1.150E+00 2.960E+00  6.12E-01
1.679E-01 1.427E+00 2.663E+00  6.48E-01
1.585E-01 1.503E+00 1.965E+00  6.16E-01
1.496E-01 1.587E+00 1.399E+00  6.64E-01
1.413E-01 1.549E+00 1.339E+00  7.10E-01
1.334E-01 1.550E+00 1.348E+00  7.31E-01
1.259E-01 1.531E+00 1.332E+00  7.45E-01
1.189E-01 1.489E+00 1.310E+00  7.50E-01
1.122E-01 1.459E+00 1.295E+00  7.60E-01
1.059E-01 1.423E+00 1.309E+00  7.60E-01
1.000E-01 1.393E+00 1.303E+00  7.68E-01
9.441E-02 1.362E+00 1.294E+00  7.76E-01
8.913E-02 1.332E+00 1.257E+00  7.89E-01
8.414E-02 1.310E+00 1.269E+00  7.94E-01
7.943E-02 1.269E+00 1.291E+00  7.93E-01
7.499E-02 1.213E+00 1.310E+00  7.91E-01
7.079E-02 1.149E+00 1.317E+00  7.92E-01
6.683E-02 1.068E+00 1.327E+00  7.90E-01
6.310E-02 9.612E-01 1.326E+00  7.92E-01
5.957E-02 8.808E-01 1.242E+00  8.23E-01
5.623E-02 9.243E-01 1.077E+00  8.71E-01
5.309E-02 9.402E-01 1.011E+00  8.91E-01
5.012E-02 9.467E-01 9.690E-01  9.05E-01
4.732E-02 9.474E-01 9.420E-01  9.15E-01
4.467E-02 9.446E-01 9.238E-01  9.24E-01
4.217E-02 9.397E-01 9.110E-01  9.31E-01
3.981E-02 9.331E-01 9.018E-01  9.37E-01
3.758E-02 9.255E-01 8.950E-01  9.43E-01
3.548E-02 9.171E-01 8.900E-01  9.49E-01
3.350E-02 9.083E-01 8.858E-01  9.53E-01
3.162E-02 8.989E-01 8.823E-01  9.58E-01
2.985E-02 8.893E-01 8.792E-01  9.62E-01
2.818E-02 8.791E-01 8.760E-01  9.66E-01
2.661E-02 8.689E-01 8.713E-01  9.70E-01
2.512E-02 8.580E-01 8.643E-01  9.73E-01
2.371E-02 8.472E-01 8.505E-01  9.76E-01
2.239E-02 8.446E-01 8.313E-01  9.79E-01
2.113E-02 8.357E-01 8.207E-01  9.81E-01
1.995E-02 8.280E-01 7.943E-01  9.84E-01
1.884E-02 8.413E-01 7.684E-01  9.85E-01
1.778E-02 8.268E-01 7.873E-01  9.87E-01
1.679E-02 8.149E-01 7.846E-01  9.88E-01
1.585E-02 8.031E-01 7.748E-01  9.89E-01
1.496E-02 7.905E-01 7.617E-01  9.91E-01
1.413E-02 7.768E-01 7.411E-01  9.92E-01
1.334E-02 7.767E-01 6.985E-01  9.93E-01
1.259E-02 7.712E-01 6.982E-01  9.93E-01
1.189E-02 7.520E-01 6.981E-01  9.94E-01
1.122E-02 7.323E-01 6.507E-01  9.95E-01
1.059E-02 7.935E-01 5.661E-01  9.95E-01
1.000E-02 7.691E-01 6.590E-01  9.96E-01
9.441E-03 7.460E-01 6.792E-01  9.96E-01
8.913E-03 7.215E-01 6.809E-01  9.96E-01
8.414E-03 6.950E-01 6.734E-01  9.97E-01
7.943E-03 6.667E-01 6.577E-01  9.97E-01
7.499E-03 6.372E-01 6.229E-01  9.98E-01
7.079E-03 6.357E-01 6.195E-01  9.98E-01
6.683E-03 6.042E-01 6.113E-01  9.98E-01
6.310E-03 5.717E-01 5.944E-01  9.98E-01
5.957E-03 5.391E-01 5.730E-01  9.98E-01
5.623E-03 5.051E-01 5.482E-01  9.99E-01
5.309E-03 4.716E-01 5.203E-01  9.99E-01
5.012E-03 4.386E-01 4.909E-01  9.99E-01
4.732E-03 4.062E-01 4.607E-01  9.99E-01
4.467E-03 3.744E-01 4.297E-01  9.99E-01
4.217E-03 3.438E-01 3.985E-01  9.99E-01
3.981E-03 3.143E-01 3.676E-01  9.99E-01
3.758E-03 2.861E-01 3.371E-01  9.99E-01
3.548E-03 2.593E-01 3.070E-01  9.99E-01
3.350E-03 2.340E-01 2.779E-01  1.00E+00
3.162E-03 2.105E-01 2.499E-01  1.00E+00
2.985E-03 1.891E-01 2.237E-01  1.00E+00
2.818E-03 1.683E-01 1.968E-01  1.00E+00
2.661E-03 1.488E-01 1.702E-01  1.00E+00
2.512E-03 1.317E-01 1.403E-01  1.00E+00
2.371E-03 1.163E-01 8.395E-02  1.00E+00
2.239E-03 2.518E-01 1.094E-01  1.00E+00
2.113E-03 2.286E-01 1.136E-01  1.00E+00
1.995E-03 2.057E-01 1.102E-01  1.00E+00
1.884E-03 1.839E-01 1.002E-01  1.00E+00
1.778E-03 1.635E-01 8.678E-02  1.00E+00
1.679E-03 1.445E-01 5.455E-02  1.00E+00
1.585E-03 2.201E-01 8.077E-02  1.00E+00
1.496E-03 1.957E-01 7.654E-02  1.00E+00
1.413E-03 1.907E-01 7.834E-02  1.00E+00
1.334E-03 1.694E-01 7.492E-02  1.00E+00
1.259E-03 1.499E-01 6.977E-02  1.00E+00
1.189E-03 1.321E-01 6.439E-02  1.00E+00
1.122E-03 1.154E-01 5.875E-02  1.00E+00
1.059E-03 1.005E-01 5.301E-02  1.00E+00
1.000E-03 8.711E-02 4.678E-02  1.00E+00
