1.000E+03 1.936E-05 1.007E-12  0.00E+00
9.441E+02 2.172E-05 1.268E-12  0.00E+00
8.913E+02 2.438E-05 1.596E-12  0.00E+00
8.414E+02 2.735E-05 2.010E-12  5.63E-07
7.943E+02 3.069E-05 2.530E-12  6.32E-07
7.499E+02 3.444E-05 3.185E-12  7.09E-07
7.079E+02 3.865E-05 4.010E-12  7.96E-07
6.683E+02 4.337E-05 5.048E-12  8.93E-07
6.310E+02 4.867E-05 6.355E-12  1.00E-06
5.957E+02 5.461E-05 8.001E-12  1.12E-06
5.623E+02 6.128E-05 1.007E-11  1.26E-06
5.309E+02 6.877E-05 1.268E-11  1.41E-06
5.012E+02 7.718E-05 1.597E-11  1.59E-06
4.732E+02 8.662E-05 2.010E-11  1.78E-06
4.467E+02 9.722E-05 2.531E-11  2.00E-06
4.217E+02 1.091E-04 3.186E-11  2.24E-06
3.981E+02 1.225E-04 4.011E-11  2.51E-06
3.758E+02 1.375E-04 5.050E-11  2.82E-06
3.548E+02 1.543E-04 6.359E-11  3.16E-06
3.350E+02 1.732E-04 8.006E-11  3.54E-06
3.162E+02 1.945E-04 1.008E-10  3.97E-06
2.985E+02 2.184E-04 1.269E-10  4.45E-06
2.818E+02 2.452E-04 1.598E-10  4.99E-06
2.661E+02 2.754E-04 2.012E-10  5.60E-06
2.512E+02 3.092E-04 2.533E-10  6.28E-06
2.371E+02 3.474E-04 3.190E-10  7.04E-06
2.239E+02 3.903E-04 4.016E-10  7.88E-06
2.113E+02 4.385E-04 5.057E-10  8.83E-06
1.995E+02 4.928E-04 6.367E-10  9.90E-06
1.884E+02 5.537E-04 8.017E-10  1.11E-05
1.778E+02 6.223E-04 1.010E-09  1.24E-05
1.679E+02 6.995E-04 1.271E-09  1.39E-05
1.585E+02 7.867E-04 1.601E-09  1.56E-05
1.496E+02 8.849E-04 2.016E-09  1.74E-05
1.413E+02 9.957E-04 2.539E-09  1.95E-05
1.334E+02 1.121E-03 3.198E-09  2.18E-05
1.259E+02 1.262E-03 4.028E-09  2.43E-05
1.189E+02 1.421E-03 5.074E-09  2.72E-05
1.122E+02 1.600E-03 6.392E-09  3.04E-05
1.059E+02 1.804E-03 8.051E-09  3.39E-05
1.000E+02 2.034E-03 1.014E-08  3.77E-05
9.441E+01 2.295E-03 1.277E-08  4.20E-05
8.913E+01 2.590E-03 1.609E-08  4.67E-05
8.414E+01 2.925E-03 2.027E-08  5.19E-05
7.943E+01 3.305E-03 2.552E-08  5.75E-05
7.499E+01 3.733E-03 3.215E-08  6.37E-05
7.079E+01 4.222E-03 4.049E-08  7.04E-05
6.683E+01 4.778E-03 5.097E-08  7.76E-05
6.310E+01 5.405E-03 6.416E-08  8.53E-05
5.957E+01 6.114E-03 8.073E-08  9.37E-05
5.623E+01 6.917E-03 1.015E-07  1.03E-04
5.309E+01 7.822E-03 1.276E-07  1.12E-04
5.012E+01 8.836E-03 1.604E-07  1.22E-04
4.732E+01 9.979E-03 2.014E-07  1.33E-04
4.467E+01 1.126E-02 2.527E-07  1.44E-04
4.217E+01 1.271E-02 3.170E-07  1.56E-04
3.981E+01 1.430E-02 3.966E-07  1.69E-04
3.758E+01 1.606E-02 4.959E-07  1.83E-04
3.548E+01 1.795E-02 6.217E-07  1.98E-04
3.350E+01 2.009E-02 7.794E-07  2.14E-04
3.162E+01 2.264E-02 9.764E-07  2.31E-04
2.985E+01 2.557E-02 1.221E-06  2.47E-04
2.818E+01 2.883E-02 1.522E-06  2.65E-04
2.661E+01 3.259E-02 1.897E-06  2.84E-04
2.512E+01 3.694E-02 2.368E-06  3.03E-04
2.371E+01 4.178E-02 2.926E-06  3.24E-04
2.239E+01 4.743E-02 3.617E-06  3.45E-04
2.113E+01 5.398E-02 4.409E-06  3.67E-04
1.995E+01 6.177E-02 5.314E-06  3.90E-04
1.884E+01 6.868E-02 5.940E-06  4.19E-04
1.778E+01 6.896E-02 6.100E-06  4.73E-04
1.679E+01 6.276E-02 6.170E-06  5.49E-04
1.585E+01 5.368E-02 6.718E-06  6.49E-04
1.496E+01 4.555E-02 8.341E-06  7.75E-04
1.413E+01 4.106E-02 1.198E-05  9.41E-04
1.334E+01 4.912E-02 1.847E-05  1.10E-03
1.259E+01 6.492E-02 2.663E-05  1.19E-03
1.189E+01 8.631E-02 3.675E-05  1.22E-03
1.122E+01 1.122E-01 4.869E-05  1.21E-03
1.059E+01 1.482E-01 6.425E-05  1.17E-03
1.000E+01 1.796E-01 7.160E-05  1.21E-03
9.441E+00 2.001E-01 7.193E-05  1.29E-03
8.913E+00 1.485E-01 3.829E-05  1.51E-03
8.414E+00 9.598E-02 1.917E-05  1.80E-03
7.943E+00 4.461E-02 9.498E-06  2.12E-03
7.499E+00 1.986E-02 2.033E-05  2.54E-03
7.079E+00 1.565E-02 4.065E-05  2.98E-03
6.683E+00 1.552E-02 6.423E-05  3.43E-03
6.310E+00 1.545E-02 9.252E-05  3.92E-03
5.957E+00 1.513E-02 1.281E-04  4.46E-03
5.623E+00 1.491E-02 1.733E-04  5.07E-03
5.309E+00 1.493E-02 2.310E-04  5.74E-03
5.012E+00 1.516E-02 3.045E-04  6.49E-03
4.732E+00 1.558E-02 3.976E-04  7.32E-03
4.467E+00 1.613E-02 5.158E-04  8.26E-03
4.217E+00 1.679E-02 6.652E-04  9.30E-03
3.981E+00 1.747E-02 8.541E-04  1.05E-02
3.758E+00 1.816E-02 1.093E-03  1.18E-02
3.548E+00 1.891E-02 1.396E-03  1.32E-02
3.350E+00 1.969E-02 1.777E-03  1.49E-02
3.162E+00 2.042E-02 2.261E-03  1.67E-02
2.985E+00 2.125E-02 2.873E-03  1.88E-02
2.818E+00 2.219E-02 3.649E-03  2.11E-02
2.661E+00 2.322E-02 4.630E-03  2.37E-02
2.512E+00 2.435E-02 5.869E-03  2.66E-02
2.371E+00 2.562E-02 7.437E-03  2.98E-02
2.239E+00 2.699E-02 9.419E-03  3.34E-02
2.113E+00 2.850E-02 1.192E-02  3.75E-02
1.995E+00 3.018E-02 1.508E-02  4.20E-02
1.884E+00 3.201E-02 1.909E-02  4.71E-02
1.778E+00 3.405E-02 2.415E-02  5.28E-02
1.679E+00 3.636E-02 3.054E-02  5.92E-02
1.585E+00 3.898E-02 3.860E-02  6.64E-02
1.496E+00 4.184E-02 4.876E-02  7.45E-02
1.413E+00 4.500E-02 6.158E-02  8.36E-02
1.334E+00 4.848E-02 7.771E-02  9.38E-02
1.259E+00 5.236E-02 9.796E-02  1.05E-01
1.189E+00 5.683E-02 1.233E-01  1.18E-01
1.122E+00 6.183E-02 1.550E-01  1.33E-01
1.059E+00 6.739E-02 1.940E-01  1.50E-01
1.000E+00 7.359E-02 2.420E-01  1.70E-01
9.441E-01 8.052E-02 3.001E-01  1.93E-01
8.913E-01 8.827E-02 3.700E-01  2.19E-01
8.414E-01 9.697E-02 4.526E-01  2.50E-01
7.943E-01 1.069E-01 5.490E-01  2.87E-01
7.499E-01 1.185E-01 6.602E-01  3.31E-01
7.079E-01 1.326E-01 7.885E-01  3.83E-01
6.683E-01 1.504E-01 9.397E-01  4.41E-01
6.310E-01 1.733E-01 1.127E+00  5.02E-01
5.957E-01 2.017E-01 1.372E+00  5.57E-01
5.623E-01 2.325E-01 1.686E+00  5.90E-01
5.309E-01 2.564E-01 2.041E+00  5.97E-01
5.012E-01 2.640E-01 2.341E+00  5.85E-01
4.732E-01 2.591E-01 2.519E+00  5.71E-01
4.467E-01 2.584E-01 2.618E+00  5.72E-01
4.217E-01 2.787E-01 2.750E+00  5.94E-01
3.981E-01 3.305E-01 3.040E+00  6.35E-01
3.758E-01 3.948E-01 3.521E+00  6.78E-01
3.548E-01 4.069E-01 3.836E+00  6.92E-01
3.350E-01 3.799E-01 3.743E+00  6.76E-01
3.162E-01 3.879E-01 3.573E+00  6.45E-01
2.985E-01 4.833E-01 3.737E+00  6.39E-01
2.818E-01 5.279E-01 3.953E+00  6.71E-01
2.661E-01 4.718E-01 3.423E+00  6.59E-01
2.512E-01 5.277E-01 2.848E+00  5.68E-01
2.371E-01 6.081E-01 2.803E+00  5.37E-01
2.239E-01 5.608E-01 1.991E+00  4.81E-01
2.113E-01 9.132E-01 1.391E+00  4.02E-01
1.995E-01 9.844E-01 1.254E+00  5.06E-01
1.884E-01 1.147E+00 1.298E+00  7.48E-01
1.778E-01 1.279E+00 1.475E+00  8.31E-01
1.679E-01 1.284E+00 1.417E+00  8.42E-01
1.585E-01 1.270E+00 1.295E+00  8.24E-01
1.496E-01 1.221E+00 1.326E+00  8.14E-01
1.413E-01 1.230E+00 1.299E+00  8.33E-01
1.334E-01 1.223E+00 1.287E+00  8.42E-01
1.259E-01 1.205E+00 1.287E+00  8.45E-01
1.189E-01 1.178E+00 1.300E+00  8.42E-01
1.122E-01 1.162E+00 1.300E+00  8.44E-01
1.059E-01 1.131E+00 1.325E+00  8.36E-01
1.000E-01 1.107E+00 1.334E+00  8.36E-01
9.441E-02 1.087E+00 1.335E+00  8.38E-01
8.913E-02 1.072E+00 1.317E+00  8.47E-01
8.414E-02 1.057E+00 1.321E+00  8.47E-01
7.943E-02 1.023E+00 1.342E+00  8.41E-01
7.499E-02 9.807E-01 1.363E+00  8.35E-01
7.079E-02 9.384E-01 1.375E+00  8.32E-01
6.683E-02 8.874E-01 1.390E+00  8.28E-01
6.310E-02 8.283E-01 1.400E+00  8.27E-01
5.957E-02 8.103E-01 1.347E+00  8.55E-01
5.623E-02 8.787E-01 1.228E+00  9.02E-01
5.309E-02 9.048E-01 1.180E+00  9.20E-01
5.012E-02 9.197E-01 1.149E+00  9.32E-01
4.732E-02 9.281E-01 1.127E+00  9.40E-01
4.467E-02 9.326E-01 1.112E+00  9.47E-01
4.217E-02 9.348E-01 1.100E+00  9.52E-01
3.981E-02 9.354E-01 1.090E+00  9.57E-01
3.758E-02 9.351E-01 1.082E+00  9.61E-01
3.548E-02 9.341E-01 1.075E+00  9.65E-01
3.350E-02 9.328E-01 1.068E+00  9.68E-01
3.162E-02 9.312E-01 1.063E+00  9.71E-01
2.985E-02 9.296E-01 1.058E+00  9.74E-01
2.818E-02 9.279E-01 1.053E+00  9.77E-01
2.661E-02 9.265E-01 1.049E+00  9.79E-01
2.512E-02 9.252E-01 1.046E+00  9.82E-01
2.371E-02 9.247E-01 1.042E+00  9.84E-01
2.239E-02 9.275E-01 1.036E+00  9.86E-01
2.113E-02 9.271E-01 1.036E+00  9.88E-01
1.995E-02 9.283E-01 1.033E+00  9.90E-01
1.884E-02 9.367E-01 1.019E+00  9.91E-01
1.778E-02 9.315E-01 1.031E+00  9.92E-01
1.679E-02 9.291E-01 1.037E+00  9.93E-01
1.585E-02 9.272E-01 1.043E+00  9.94E-01
1.496E-02 9.251E-01 1.050E+00  9.94E-01
1.413E-02 9.228E-01 1.058E+00  9.95E-01
1.334E-02 9.262E-01 1.046E+00  9.96E-01
1.259E-02 9.254E-01 1.052E+00  9.96E-01
1.189E-02 9.196E-01 1.072E+00  9.97E-01
1.122E-02 9.150E-01 1.075E+00  9.97E-01
1.059E-02 9.422E-01 9.676E-01  9.98E-01
1.000E-02 9.303E-01 1.043E+00  9.98E-01
9.441E-03 9.221E-01 1.076E+00  9.98E-01
8.913E-03 9.136E-01 1.106E+00  9.98E-01
8.414E-03 9.037E-01 1.136E+00  9.98E-01
7.943E-03 8.920E-01 1.167E+00  9.99E-01
7.499E-03 8.787E-01 1.188E+00  9.99E-01
7.079E-03 8.787E-01 1.189E+00  9.99E-01
6.683E-03 8.618E-01 1.230E+00  9.99E-01
6.310E-03 8.425E-01 1.266E+00  9.99E-01
5.957E-03 8.207E-01 1.299E+00  9.99E-01
5.623E-03 7.954E-01 1.328E+00  9.99E-01
5.309E-03 7.676E-01 1.349E+00  1.00E+00
5.012E-03 7.374E-01 1.361E+00  1.00E+00
4.732E-03 7.048E-01 1.364E+00  1.00E+00
4.467E-03 6.699E-01 1.357E+00  1.00E+00
4.217E-03 6.333E-01 1.339E+00  1.00E+00
3.981E-03 5.954E-01 1.310E+00  1.00E+00
3.758E-03 5.565E-01 1.270E+00  1.00E+00
3.548E-03 5.171E-01 1.219E+00  1.00E+00
3.350E-03 4.778E-01 1.159E+00  1.00E+00
3.162E-03 4.392E-01 1.091E+00  1.00E+00
2.985E-03 4.022E-01 1.017E+00  1.00E+00
2.818E-03 3.649E-01 9.313E-01  1.00E+00
2.661E-03 3.282E-01 8.369E-01  1.00E+00
2.512E-03 2.950E-01 7.158E-01  1.00E+00
2.371E-03 2.641E-01 4.511E-01  1.00E+00
2.239E-03 5.064E-01 5.054E-01  1.00E+00
2.113E-03 4.694E-01 5.356E-01  1.00E+00
1.995E-03 4.313E-01 5.329E-01  1.00E+00
1.884E-03 3.933E-01 4.988E-01  1.00E+00
1.778E-03 3.561E-01 4.446E-01  1.00E+00
1.679E-03 3.202E-01 2.907E-01  1.00E+00
1.585E-03 4.556E-01 3.929E-01  1.00E+00
1.496E-03 4.142E-01 3.825E-01  1.00E+00
1.413E-03 4.054E-01 3.929E-01  1.00E+00
1.334E-03 3.671E-01 3.846E-01  1.00E+00
1.259E-03 3.304E-01 3.663E-01  1.00E+00
1.189E-03 2.959E-01 3.451E-01  1.00E+00
1.122E-03 2.623E-01 3.211E-01  1.00E+00
1.059E-03 2.315E-01 2.950E-01  1.00E+00
1.000E-03 2.030E-01 2.646E-01  1.00E+00
