1.000E+03 3.863E-05 1.596E-11  1.59E-06
9.441E+02 4.334E-05 2.010E-11  1.78E-06
8.913E+02 4.864E-05 2.530E-11  2.00E-06
8.414E+02 5.458E-05 3.185E-11  2.24E-06
7.943E+02 6.124E-05 4.010E-11  2.52E-06
7.499E+02 6.872E-05 5.048E-11  2.82E-06
7.079E+02 7.712E-05 6.355E-11  3.17E-06
6.683E+02 8.654E-05 8.001E-11  3.55E-06
6.310E+02 9.711E-05 1.007E-10  3.99E-06
5.957E+02 1.090E-04 1.268E-10  4.47E-06
5.623E+02 1.223E-04 1.597E-10  5.02E-06
5.309E+02 1.372E-04 2.010E-10  5.63E-06
5.012E+02 1.540E-04 2.531E-10  6.32E-06
4.732E+02 1.728E-04 3.186E-10  7.08E-06
4.467E+02 1.940E-04 4.011E-10  7.95E-06
4.217E+02 2.178E-04 5.049E-10  8.91E-06
3.981E+02 2.444E-04 6.357E-10  1.00E-05
3.758E+02 2.743E-04 8.005E-10  1.12E-05
3.548E+02 3.079E-04 1.008E-09  1.26E-05
3.350E+02 3.457E-04 1.269E-09  1.41E-05
3.162E+02 3.882E-04 1.597E-09  1.58E-05
2.985E+02 4.359E-04 2.011E-09  1.77E-05
2.818E+02 4.894E-04 2.532E-09  1.99E-05
2.661E+02 5.495E-04 3.189E-09  2.23E-05
2.512E+02 6.171E-04 4.015E-09  2.50E-05
2.371E+02 6.932E-04 5.055E-09  2.80E-05
2.239E+02 7.788E-04 6.365E-09  3.14E-05
2.113E+02 8.751E-04 8.014E-09  3.52E-05
1.995E+02 9.835E-04 1.009E-08  3.94E-05
1.884E+02 1.105E-03 1.271E-08  4.41E-05
1.778E+02 1.242E-03 1.600E-08  4.94E-05
1.679E+02 1.396E-03 2.015E-08  5.54E-05
1.585E+02 1.570E-03 2.538E-08  6.20E-05
1.496E+02 1.766E-03 3.196E-08  6.93E-05
1.413E+02 1.987E-03 4.025E-08  7.76E-05
1.334E+02 2.237E-03 5.070E-08  8.67E-05
1.259E+02 2.518E-03 6.386E-08  9.69E-05
1.189E+02 2.836E-03 8.043E-08  1.08E-04
1.122E+02 3.194E-03 1.013E-07  1.21E-04
1.059E+02 3.601E-03 1.276E-07  1.35E-04
1.000E+02 4.061E-03 1.608E-07  1.50E-04
9.441E+01 4.582E-03 2.025E-07  1.67E-04
8.913E+01 5.172E-03 2.551E-07  1.86E-04
8.414E+01 5.842E-03 3.213E-07  2.06E-04
7.943E+01 6.602E-03 4.047E-07  2.29E-04
7.499E+01 7.458E-03 5.098E-07  2.54E-04
7.079E+01 8.436E-03 6.419E-07  2.80E-04
6.683E+01 9.547E-03 8.082E-07  3.09E-04
6.310E+01 1.080E-02 1.017E-06  3.40E-04
5.957E+01 1.222E-02 1.280E-06  3.73E-04
5.623E+01 1.383E-02 1.610E-06  4.08E-04
5.309E+01 1.564E-02 2.024E-06  4.46E-04
5.012E+01 1.767E-02 2.544E-06  4.86E-04
4.732E+01 1.996E-02 3.194E-06  5.29E-04
4.467E+01 2.254E-02 4.010E-06  5.74E-04
4.217E+01 2.543E-02 5.029E-06  6.22E-04
3.981E+01 2.863E-02 6.293E-06  6.72E-04
3.758E+01 3.217E-02 7.870E-06  7.26E-04
3.548E+01 3.595E-02 9.868E-06  7.88E-04
3.350E+01 4.027E-02 1.237E-05  8.52E-04
3.162E+01 4.538E-02 1.550E-05  9.17E-04
2.985E+01 5.127E-02 1.940E-05  9.84E-04
2.818E+01 5.783E-02 2.418E-05  1.05E-03
2.661E+01 6.540E-02 3.014E-05  1.13E-03
2.512E+01 7.416E-02 3.762E-05  1.20E-03
2.371E+01 8.389E-02 4.650E-05  1.29E-03
2.239E+01 9.527E-02 5.750E-05  1.37E-03
2.113E+01 1.084E-01 7.010E-05  1.46E-03
1.995E+01 1.241E-01 8.450E-05  1.55E-03
1.884E+01 1.380E-01 9.441E-05  1.67E-03
1.778E+01 1.385E-01 9.693E-05  1.88E-03
1.679E+01 1.261E-01 9.801E-05  2.18E-03
1.585E+01 1.079E-01 1.067E-04  2.58E-03
1.496E+01 9.175E-02 1.326E-04  3.08E-03
1.413E+01 8.294E-02 1.907E-04  3.74E-03
1.334E+01 9.955E-02 2.946E-04  4.38E-03
1.259E+01 1.319E-01 4.252E-04  4.73E-03
1.189E+01 1.756E-01 5.872E-04  4.82E-03
1.122E+01 2.283E-01 7.780E-04  4.79E-03
1.059E+01 3.010E-01 1.026E-03  4.65E-03
1.000E+01 3.632E-01 1.138E-03  4.79E-03
9.441E+00 4.018E-01 1.135E-03  5.13E-03
8.913E+00 2.965E-01 6.001E-04  6.04E-03
8.414E+00 1.919E-01 3.003E-04  7.17E-03
7.943E+00 8.955E-02 1.491E-04  8.46E-03
7.499E+00 4.017E-02 3.207E-04  1.01E-02
7.079E+00 3.188E-02 6.435E-04  1.18E-02
6.683E+00 3.179E-02 1.019E-03  1.36E-02
6.310E+00 3.182E-02 1.471E-03  1.56E-02
5.957E+00 3.132E-02 2.040E-03  1.77E-02
5.623E+00 3.106E-02 2.765E-03  2.01E-02
5.309E+00 3.131E-02 3.692E-03  2.27E-02
5.012E+00 3.203E-02 4.877E-03  2.57E-02
4.732E+00 3.317E-02 6.381E-03  2.89E-02
4.467E+00 3.463E-02 8.295E-03  3.26E-02
4.217E+00 3.639E-02 1.072E-02  3.67E-02
3.981E+00 3.825E-02 1.379E-02  4.13E-02
3.758E+00 4.021E-02 1.769E-02  4.64E-02
3.548E+00 4.238E-02 2.264E-02  5.22E-02
3.350E+00 4.471E-02 2.888E-02  5.86E-02
3.162E+00 4.703E-02 3.681E-02  6.58E-02
2.985E+00 4.969E-02 4.685E-02  7.40E-02
2.818E+00 5.274E-02 5.957E-02  8.31E-02
2.661E+00 5.614E-02 7.561E-02  9.34E-02
2.512E+00 5.998E-02 9.577E-02  1.05E-01
2.371E+00 6.431E-02 1.210E-01  1.18E-01
2.239E+00 6.911E-02 1.525E-01  1.33E-01
2.113E+00 7.448E-02 1.915E-01  1.50E-01
1.995E+00 8.049E-02 2.394E-01  1.70E-01
1.884E+00 8.716E-02 2.977E-01  1.93E-01
1.778E+00 9.467E-02 3.677E-01  2.19E-01
1.679E+00 1.033E-01 4.502E-01  2.50E-01
1.585E+00 1.133E-01 5.460E-01  2.87E-01
1.496E+00 1.250E-01 6.562E-01  3.31E-01
1.413E+00 1.391E-01 7.830E-01  3.82E-01
1.334E+00 1.568E-01 9.320E-01  4.41E-01
1.259E+00 1.794E-01 1.115E+00  5.01E-01
1.189E+00 2.079E-01 1.351E+00  5.56E-01
1.122E+00 2.386E-01 1.653E+00  5.90E-01
1.059E+00 2.626E-01 1.991E+00  5.99E-01
1.000E+00 2.709E-01 2.281E+00  5.88E-01
9.441E-01 2.667E-01 2.458E+00  5.76E-01
8.913E-01 2.653E-01 2.555E+00  5.76E-01
8.414E-01 2.822E-01 2.670E+00  5.96E-01
7.943E-01 3.270E-01 2.910E+00  6.35E-01
7.499E-01 3.878E-01 3.322E+00  6.78E-01
7.079E-01 4.120E-01 3.668E+00  7.00E-01
6.683E-01 3.923E-01 3.676E+00  6.94E-01
6.310E-01 3.879E-01 3.535E+00  6.73E-01
5.957E-01 4.445E-01 3.568E+00  6.63E-01
5.623E-01 5.270E-01 3.874E+00  6.87E-01
5.309E-01 4.990E-01 3.757E+00  7.04E-01
5.012E-01 4.870E-01 3.305E+00  6.82E-01
4.732E-01 5.873E-01 3.104E+00  6.33E-01
4.467E-01 6.108E-01 3.064E+00  6.43E-01
4.217E-01 5.585E-01 2.504E+00  6.21E-01
3.981E-01 6.864E-01 2.067E+00  5.39E-01
3.758E-01 6.597E-01 1.907E+00  5.31E-01
3.548E-01 6.429E-01 1.450E+00  4.67E-01
3.350E-01 7.499E-01 1.345E+00  4.85E-01
3.162E-01 6.917E-01 1.367E+00  5.25E-01
2.985E-01 7.532E-01 1.433E+00  6.33E-01
2.818E-01 7.408E-01 1.743E+00  7.22E-01
2.661E-01 7.171E-01 2.040E+00  7.82E-01
2.512E-01 7.953E-01 2.129E+00  8.19E-01
2.371E-01 7.395E-01 2.049E+00  7.96E-01
2.239E-01 7.652E-01 1.649E+00  7.38E-01
2.113E-01 8.933E-01 1.334E+00  7.47E-01
1.995E-01 1.026E+00 1.428E+00  8.22E-01
1.884E-01 1.119E+00 1.386E+00  8.68E-01
1.778E-01 1.139E+00 1.239E+00  8.70E-01
1.679E-01 1.121E+00 1.266E+00  8.69E-01
1.585E-01 1.090E+00 1.279E+00  8.59E-01
1.496E-01 1.049E+00 1.311E+00  8.41E-01
1.413E-01 1.061E+00 1.291E+00  8.58E-01
1.334E-01 1.059E+00 1.278E+00  8.65E-01
1.259E-01 1.048E+00 1.278E+00  8.66E-01
1.189E-01 1.028E+00 1.290E+00  8.61E-01
1.122E-01 1.017E+00 1.291E+00  8.62E-01
1.059E-01 9.917E-01 1.312E+00  8.52E-01
1.000E-01 9.732E-01 1.321E+00  8.51E-01
9.441E-02 9.581E-01 1.324E+00  8.52E-01
8.913E-02 9.510E-01 1.311E+00  8.60E-01
8.414E-02 9.400E-01 1.313E+00  8.58E-01
7.943E-02 9.126E-01 1.331E+00  8.51E-01
7.499E-02 8.785E-01 1.351E+00  8.44E-01
7.079E-02 8.475E-01 1.364E+00  8.40E-01
6.683E-02 8.107E-01 1.380E+00  8.35E-01
6.310E-02 7.708E-01 1.393E+00  8.34E-01
5.957E-02 7.747E-01 1.352E+00  8.62E-01
5.623E-02 8.491E-01 1.251E+00  9.09E-01
5.309E-02 8.779E-01 1.209E+00  9.27E-01
5.012E-02 8.955E-01 1.182E+00  9.39E-01
4.732E-02 9.064E-01 1.163E+00  9.46E-01
4.467E-02 9.136E-01 1.149E+00  9.53E-01
4.217E-02 9.185E-01 1.137E+00  9.57E-01
3.981E-02 9.220E-01 1.128E+00  9.62E-01
3.758E-02 9.245E-01 1.119E+00  9.65E-01
3.548E-02 9.263E-01 1.112E+00  9.68E-01
3.350E-02 9.279E-01 1.105E+00  9.71E-01
3.162E-02 9.291E-01 1.098E+00  9.74E-01
2.985E-02 9.303E-01 1.092E+00  9.77E-01
2.818E-02 9.315E-01 1.086E+00  9.79E-01
2.661E-02 9.329E-01 1.079E+00  9.82E-01
2.512E-02 9.345E-01 1.073E+00  9.84E-01
2.371E-02 9.369E-01 1.065E+00  9.86E-01
2.239E-02 9.411E-01 1.058E+00  9.88E-01
2.113E-02 9.430E-01 1.052E+00  9.89E-01
1.995E-02 9.464E-01 1.045E+00  9.91E-01
1.884E-02 9.532E-01 1.037E+00  9.92E-01
1.778E-02 9.507E-01 1.038E+00  9.93E-01
1.679E-02 9.509E-01 1.036E+00  9.93E-01
1.585E-02 9.516E-01 1.033E+00  9.94E-01
1.496E-02 9.524E-01 1.031E+00  9.95E-01
1.413E-02 9.533E-01 1.028E+00  9.96E-01
1.334E-02 9.574E-01 1.023E+00  9.96E-01
1.259E-02 9.580E-01 1.023E+00  9.97E-01
1.189E-02 9.566E-01 1.025E+00  9.97E-01
1.122E-02 9.574E-01 1.025E+00  9.98E-01
1.059E-02 9.720E-01 1.003E+00  9.98E-01
1.000E-02 9.645E-01 1.018E+00  9.98E-01
9.441E-03 9.616E-01 1.023E+00  9.98E-01
8.913E-03 9.592E-01 1.027E+00  9.98E-01
8.414E-03 9.568E-01 1.033E+00  9.99E-01
7.943E-03 9.541E-01 1.039E+00  9.99E-01
7.499E-03 9.511E-01 1.049E+00  9.99E-01
7.079E-03 9.519E-01 1.050E+00  9.99E-01
6.683E-03 9.469E-01 1.061E+00  9.99E-01
6.310E-03 9.408E-01 1.076E+00  9.99E-01
5.957E-03 9.334E-01 1.096E+00  9.99E-01
5.623E-03 9.238E-01 1.124E+00  9.99E-01
5.309E-03 9.120E-01 1.161E+00  1.00E+00
5.012E-03 8.978E-01 1.209E+00  1.00E+00
4.732E-03 8.806E-01 1.269E+00  1.00E+00
4.467E-03 8.601E-01 1.340E+00  1.00E+00
4.217E-03 8.363E-01 1.422E+00  1.00E+00
3.981E-03 8.090E-01 1.510E+00  1.00E+00
3.758E-03 7.781E-01 1.601E+00  1.00E+00
3.548E-03 7.440E-01 1.688E+00  1.00E+00
3.350E-03 7.068E-01 1.764E+00  1.00E+00
3.162E-03 6.673E-01 1.824E+00  1.00E+00
2.985E-03 6.267E-01 1.859E+00  1.00E+00
2.818E-03 5.830E-01 1.865E+00  1.00E+00
2.661E-03 5.372E-01 1.832E+00  1.00E+00
2.512E-03 4.933E-01 1.722E+00  1.00E+00
2.371E-03 4.504E-01 1.262E+00  1.00E+00
2.239E-03 7.355E-01 1.123E+00  1.00E+00
2.113E-03 6.995E-01 1.211E+00  1.00E+00
1.995E-03 6.596E-01 1.248E+00  1.00E+00
1.884E-03 6.171E-01 1.228E+00  1.00E+00
1.778E-03 5.726E-01 1.159E+00  1.00E+00
1.679E-03 5.271E-01 9.840E-01  1.00E+00
1.585E-03 6.857E-01 1.068E+00  1.00E+00
1.496E-03 6.411E-01 1.072E+00  1.00E+00
1.413E-03 6.312E-01 1.084E+00  1.00E+00
1.334E-03 5.862E-01 1.089E+00  1.00E+00
1.259E-03 5.405E-01 1.081E+00  1.00E+00
1.189E-03 4.948E-01 1.065E+00  1.00E+00
1.122E-03 4.481E-01 1.038E+00  1.00E+00
1.059E-03 4.031E-01 9.980E-01  1.00E+00
1.000E-03 3.597E-01 9.391E-01  1.00E+00
