1.000E+03 1.936E-06 1.007E-16  0.00E+00
9.441E+02 2.172E-06 1.268E-16  0.00E+00
8.913E+02 2.438E-06 1.596E-16  0.00E+00
8.414E+02 2.735E-06 2.010E-16  0.00E+00
7.943E+02 3.069E-06 2.530E-16  0.00E+00
7.499E+02 3.444E-06 3.185E-16  0.00E+00
7.079E+02 3.865E-06 4.010E-16  0.00E+00
6.683E+02 4.337E-06 5.048E-16  0.00E+00
6.310E+02 4.867E-06 6.355E-16  0.00E+00
5.957E+02 5.461E-06 8.001E-16  0.00E+00
5.623E+02 6.128E-06 1.007E-15  0.00E+00
5.309E+02 6.877E-06 1.268E-15  0.00E+00
5.012E+02 7.717E-06 1.597E-15  0.00E+00
4.732E+02 8.662E-06 2.010E-15  0.00E+00
4.467E+02 9.722E-06 2.531E-15  0.00E+00
4.217E+02 1.091E-05 3.186E-15  0.00E+00
3.981E+02 1.225E-05 4.011E-15  0.00E+00
3.758E+02 1.375E-05 5.050E-15  0.00E+00
3.548E+02 1.543E-05 6.359E-15  0.00E+00
3.350E+02 1.732E-05 8.005E-15  0.00E+00
3.162E+02 1.945E-05 1.008E-14  0.00E+00
2.985E+02 2.184E-05 1.269E-14  0.00E+00
2.818E+02 2.452E-05 1.598E-14  0.00E+00
2.661E+02 2.754E-05 2.012E-14  0.00E+00
2.512E+02 3.092E-05 2.533E-14  0.00E+00
2.371E+02 3.474E-05 3.190E-14  0.00E+00
2.239E+02 3.903E-05 4.016E-14  0.00E+00
2.113E+02 4.385E-05 5.056E-14  0.00E+00
1.995E+02 4.928E-05 6.367E-14  0.00E+00
1.884E+02 5.537E-05 8.017E-14  0.00E+00
1.778E+02 6.222E-05 1.010E-13  0.00E+00
1.679E+02 6.995E-05 1.271E-13  0.00E+00
1.585E+02 7.866E-05 1.601E-13  0.00E+00
1.496E+02 8.848E-05 2.016E-13  0.00E+00
1.413E+02 9.956E-05 2.539E-13  0.00E+00
1.334E+02 1.120E-04 3.198E-13  0.00E+00
1.259E+02 1.261E-04 4.028E-13  0.00E+00
1.189E+02 1.420E-04 5.074E-13  0.00E+00
1.122E+02 1.599E-04 6.392E-13  0.00E+00
1.059E+02 1.803E-04 8.050E-13  0.00E+00
1.000E+02 2.033E-04 1.014E-12  0.00E+00
9.441E+01 2.294E-04 1.277E-12  0.00E+00
8.913E+01 2.589E-04 1.609E-12  0.00E+00
8.414E+01 2.924E-04 2.026E-12  5.18E-07
7.943E+01 3.304E-04 2.552E-12  5.75E-07
7.499E+01 3.732E-04 3.215E-12  6.37E-07
7.079E+01 4.220E-04 4.048E-12  7.03E-07
6.683E+01 4.775E-04 5.096E-12  7.76E-07
6.310E+01 5.402E-04 6.414E-12  8.53E-07
5.957E+01 6.110E-04 8.072E-12  9.37E-07
5.623E+01 6.913E-04 1.015E-11  1.03E-06
5.309E+01 7.816E-04 1.276E-11  1.12E-06
5.012E+01 8.829E-04 1.603E-11  1.22E-06
4.732E+01 9.970E-04 2.013E-11  1.33E-06
4.467E+01 1.125E-03 2.527E-11  1.44E-06
4.217E+01 1.269E-03 3.169E-11  1.56E-06
3.981E+01 1.429E-03 3.964E-11  1.69E-06
3.758E+01 1.604E-03 4.957E-11  1.83E-06
3.548E+01 1.793E-03 6.214E-11  1.98E-06
3.350E+01 2.007E-03 7.790E-11  2.14E-06
3.162E+01 2.260E-03 9.759E-11  2.31E-06
2.985E+01 2.553E-03 1.221E-10  2.48E-06
2.818E+01 2.878E-03 1.521E-10  2.65E-06
2.661E+01 3.253E-03 1.896E-10  2.84E-06
2.512E+01 3.687E-03 2.365E-10  3.03E-06
2.371E+01 4.169E-03 2.923E-10  3.24E-06
2.239E+01 4.732E-03 3.613E-10  3.45E-06
2.113E+01 5.385E-03 4.404E-10  3.68E-06
1.995E+01 6.163E-03 5.308E-10  3.90E-06
1.884E+01 6.852E-03 5.933E-10  4.20E-06
1.778E+01 6.881E-03 6.095E-10  4.73E-06
1.679E+01 6.261E-03 6.165E-10  5.50E-06
1.585E+01 5.354E-03 6.712E-10  6.50E-06
1.496E+01 4.541E-03 8.332E-10  7.76E-06
1.413E+01 4.089E-03 1.196E-09  9.42E-06
1.334E+01 4.886E-03 1.843E-09  1.10E-05
1.259E+01 6.452E-03 2.656E-09  1.19E-05
1.189E+01 8.573E-03 3.664E-09  1.22E-05
1.122E+01 1.115E-02 4.854E-09  1.21E-05
1.059E+01 1.472E-02 6.407E-09  1.18E-05
1.000E+01 1.787E-02 7.148E-09  1.21E-05
9.441E+00 1.995E-02 7.197E-09  1.29E-05
8.913E+00 1.484E-02 3.841E-09  1.51E-05
8.414E+00 9.587E-03 1.923E-09  1.80E-05
7.943E+00 4.451E-03 9.525E-10  2.12E-05
7.499E+00 1.976E-03 2.036E-09  2.54E-05
7.079E+00 1.554E-03 4.066E-09  2.98E-05
6.683E+00 1.538E-03 6.419E-09  3.44E-05
6.310E+00 1.529E-03 9.240E-09  3.93E-05
5.957E+00 1.493E-03 1.278E-08  4.47E-05
5.623E+00 1.469E-03 1.728E-08  5.08E-05
5.309E+00 1.467E-03 2.302E-08  5.75E-05
5.012E+00 1.486E-03 3.032E-08  6.50E-05
4.732E+00 1.523E-03 3.956E-08  7.35E-05
4.467E+00 1.571E-03 5.128E-08  8.29E-05
4.217E+00 1.630E-03 6.606E-08  9.34E-05
3.981E+00 1.689E-03 8.473E-08  1.05E-04
3.758E+00 1.748E-03 1.083E-07  1.18E-04
3.548E+00 1.811E-03 1.381E-07  1.33E-04
3.350E+00 1.876E-03 1.756E-07  1.50E-04
3.162E+00 1.934E-03 2.231E-07  1.68E-04
2.985E+00 1.999E-03 2.830E-07  1.89E-04
2.818E+00 2.072E-03 3.588E-07  2.13E-04
2.661E+00 2.150E-03 4.543E-07  2.39E-04
2.512E+00 2.235E-03 5.747E-07  2.68E-04
2.371E+00 2.327E-03 7.264E-07  3.01E-04
2.239E+00 2.425E-03 9.176E-07  3.38E-04
2.113E+00 2.530E-03 1.158E-06  3.80E-04
1.995E+00 2.642E-03 1.461E-06  4.26E-04
1.884E+00 2.761E-03 1.843E-06  4.78E-04
1.778E+00 2.888E-03 2.325E-06  5.37E-04
1.679E+00 3.029E-03 2.930E-06  6.03E-04
1.585E+00 3.184E-03 3.691E-06  6.76E-04
1.496E+00 3.346E-03 4.650E-06  7.59E-04
1.413E+00 3.516E-03 5.857E-06  8.51E-04
1.334E+00 3.695E-03 7.376E-06  9.55E-04
1.259E+00 3.885E-03 9.288E-06  1.07E-03
1.189E+00 4.098E-03 1.170E-05  1.20E-03
1.122E+00 4.325E-03 1.474E-05  1.35E-03
1.059E+00 4.566E-03 1.856E-05  1.51E-03
1.000E+00 4.823E-03 2.336E-05  1.70E-03
9.441E-01 5.097E-03 2.941E-05  1.91E-03
8.913E-01 5.387E-03 3.704E-05  2.14E-03
8.414E-01 5.693E-03 4.665E-05  2.40E-03
7.943E-01 6.015E-03 5.879E-05  2.69E-03
7.499E-01 6.355E-03 7.409E-05  3.02E-03
7.079E-01 6.715E-03 9.341E-05  3.39E-03
6.683E-01 7.097E-03 1.178E-04  3.80E-03
6.310E-01 7.505E-03 1.486E-04  4.27E-03
5.957E-01 7.939E-03 1.876E-04  4.79E-03
5.623E-01 8.400E-03 2.369E-04  5.37E-03
5.309E-01 8.889E-03 2.994E-04  6.03E-03
5.012E-01 9.409E-03 3.786E-04  6.77E-03
4.732E-01 9.960E-03 4.791E-04  7.60E-03
4.467E-01 1.054E-02 6.070E-04  8.54E-03
4.217E-01 1.116E-02 7.702E-04  9.59E-03
3.981E-01 1.181E-02 9.781E-04  1.08E-02
3.758E-01 1.248E-02 1.244E-03  1.21E-02
3.548E-01 1.319E-02 1.587E-03  1.36E-02
3.350E-01 1.393E-02 2.027E-03  1.53E-02
3.162E-01 1.471E-02 2.596E-03  1.72E-02
2.985E-01 1.551E-02 3.337E-03  1.94E-02
2.818E-01 1.633E-02 4.305E-03  2.19E-02
2.661E-01 1.716E-02 5.582E-03  2.47E-02
2.512E-01 1.799E-02 7.281E-03  2.79E-02
2.371E-01 1.795E-02 9.591E-03  3.15E-02
2.239E-01 2.001E-02 1.286E-02  3.59E-02
2.113E-01 2.939E-02 1.739E-02  4.10E-02
1.995E-01 4.270E-02 2.360E-02  4.69E-02
1.884E-01 6.502E-02 3.256E-02  5.40E-02
1.778E-01 1.041E-01 4.523E-02  6.24E-02
1.679E-01 1.582E-01 6.347E-02  7.25E-02
1.585E-01 2.425E-01 9.311E-02  8.59E-02
1.496E-01 5.176E-01 1.446E-01  9.75E-02
1.413E-01 8.224E-01 1.500E-01  8.71E-02
1.334E-01 8.028E-01 1.751E-01  1.01E-01
1.259E-01 8.963E-01 2.172E-01  1.12E-01
1.189E-01 1.097E+00 2.823E-01  1.20E-01
1.122E-01 1.229E+00 3.363E-01  1.31E-01
1.059E-01 1.431E+00 4.417E-01  1.41E-01
1.000E-01 1.579E+00 4.963E-01  1.49E-01
9.441E-02 1.637E+00 5.320E-01  1.64E-01
8.913E-02 1.609E+00 5.123E-01  1.86E-01
8.414E-02 1.621E+00 5.723E-01  2.13E-01
7.943E-02 1.634E+00 6.246E-01  2.40E-01
7.499E-02 1.605E+00 6.474E-01  2.72E-01
7.079E-02 1.525E+00 6.416E-01  3.09E-01
6.683E-02 1.390E+00 6.240E-01  3.42E-01
6.310E-02 1.152E+00 5.645E-01  3.67E-01
5.957E-02 8.557E-01 4.072E-01  3.88E-01
5.623E-02 7.919E-01 2.838E-01  4.32E-01
5.309E-02 7.735E-01 2.505E-01  4.76E-01
5.012E-02 7.575E-01 2.317E-01  5.21E-01
4.732E-02 7.415E-01 2.203E-01  5.64E-01
4.467E-02 7.253E-01 2.128E-01  6.05E-01
4.217E-02 7.080E-01 2.071E-01  6.43E-01
3.981E-02 6.897E-01 2.026E-01  6.78E-01
3.758E-02 6.702E-01 1.984E-01  7.10E-01
3.548E-02 6.496E-01 1.944E-01  7.38E-01
3.350E-02 6.281E-01 1.902E-01  7.63E-01
3.162E-02 6.052E-01 1.856E-01  7.84E-01
2.985E-02 5.818E-01 1.807E-01  8.01E-01
2.818E-02 5.574E-01 1.751E-01  8.16E-01
2.661E-02 5.332E-01 1.687E-01  8.30E-01
2.512E-02 5.085E-01 1.611E-01  8.43E-01
2.371E-02 4.842E-01 1.514E-01  8.57E-01
2.239E-02 4.736E-01 1.444E-01  8.71E-01
2.113E-02 4.557E-01 1.378E-01  8.84E-01
1.995E-02 4.387E-01 1.279E-01  8.96E-01
1.884E-02 4.520E-01 1.261E-01  9.04E-01
1.778E-02 4.315E-01 1.266E-01  9.11E-01
1.679E-02 4.134E-01 1.223E-01  9.18E-01
1.585E-02 3.963E-01 1.166E-01  9.27E-01
1.496E-02 3.793E-01 1.106E-01  9.34E-01
1.413E-02 3.620E-01 1.034E-01  9.40E-01
1.334E-02 3.588E-01 9.554E-02  9.44E-01
1.259E-02 3.522E-01 9.461E-02  9.50E-01
1.189E-02 3.328E-01 9.126E-02  9.55E-01
1.122E-02 3.135E-01 8.072E-02  9.59E-01
1.059E-02 3.673E-01 7.594E-02  9.62E-01
1.000E-02 3.453E-01 8.788E-02  9.66E-01
9.441E-03 3.238E-01 8.756E-02  9.69E-01
8.913E-03 3.025E-01 8.428E-02  9.71E-01
8.414E-03 2.814E-01 7.980E-02  9.74E-01
7.943E-03 2.608E-01 7.452E-02  9.77E-01
7.499E-03 2.411E-01 6.728E-02  9.79E-01
7.079E-03 2.398E-01 6.678E-02  9.81E-01
6.683E-03 2.208E-01 6.338E-02  9.82E-01
6.310E-03 2.026E-01 5.924E-02  9.84E-01
5.957E-03 1.856E-01 5.501E-02  9.86E-01
5.623E-03 1.691E-01 5.073E-02  9.87E-01
5.309E-03 1.538E-01 4.652E-02  9.88E-01
5.012E-03 1.397E-01 4.250E-02  9.89E-01
4.732E-03 1.264E-01 3.870E-02  9.90E-01
4.467E-03 1.141E-01 3.510E-02  9.91E-01
4.217E-03 1.028E-01 3.172E-02  9.92E-01
3.981E-03 9.229E-02 2.857E-02  9.93E-01
3.758E-03 8.264E-02 2.563E-02  9.93E-01
3.548E-03 7.378E-02 2.287E-02  9.94E-01
3.350E-03 6.568E-02 2.032E-02  9.95E-01
3.162E-03 5.836E-02 1.797E-02  9.95E-01
2.985E-03 5.183E-02 1.584E-02  9.96E-01
2.818E-03 4.567E-02 1.374E-02  9.96E-01
2.661E-03 3.998E-02 1.173E-02  9.96E-01
2.512E-03 3.509E-02 9.549E-03  9.97E-01
2.371E-03 3.076E-02 5.634E-03  9.97E-01
2.239E-03 7.130E-02 7.927E-03  9.97E-01
2.113E-03 6.391E-02 8.126E-03  9.98E-01
1.995E-03 5.684E-02 7.781E-03  9.98E-01
1.884E-03 5.027E-02 6.989E-03  9.98E-01
1.778E-03 4.423E-02 5.976E-03  9.98E-01
1.679E-03 3.874E-02 3.706E-03  9.98E-01
1.585E-03 6.127E-02 5.734E-03  9.99E-01
1.496E-03 5.380E-02 5.359E-03  9.99E-01
1.413E-03 5.229E-02 5.471E-03  9.99E-01
1.334E-03 4.596E-02 5.172E-03  9.99E-01
1.259E-03 4.028E-02 4.765E-03  9.99E-01
1.189E-03 3.520E-02 4.355E-03  9.99E-01
1.122E-03 3.051E-02 3.938E-03  9.99E-01
1.059E-03 2.640E-02 3.525E-03  9.99E-01
1.000E-03 2.273E-02 3.088E-03  9.99E-01
